0 32
0.01 25
0.02 22
0.03 20
0.04 12
0.05 18
0.06 13
0.07 13
0.08 12
0.09 11
0.1 12
0.11 13
0.12 13
0.13 12
0.14 11
0.15 12
0.16 14
0.17 11
0.18 10
0.19 10
0.2 11
0.21 9
0.22 11
0.23 11
0.24 11
0.25 7
0.26 7
0.27 5
0.28 6
0.29 7
0.3 5
0.31 8
0.32 6
0.33 9
0.34 8
0.35 11
0.36 12
0.37 8
0.38 5
0.39 8
0.4 7
0.41 8
0.42 4
0.43 7
0.44 4
0.45 4
0.46 8
0.47 6
0.48 4
0.49 7
0.5 8
0.51 8
0.52 9
0.53 6
0.54 10
0.55 9
0.56 5
0.57 5
0.58 8
0.59 6
0.6 8
0.61 6
0.62 5
0.63 5
0.64 5
0.65 5
0.66 3
0.67 5
0.68 8
0.69 7
0.7 7
0.71 8
0.72 9
0.73 4
0.74 4
0.75 9
0.76 8
0.77 9
0.78 7
0.79 7
0.8 5
0.81 4
0.82 5
0.83 7
0.84 5
0.85 5
0.86 9
0.87 6
0.88 5
0.89 5
0.9 6
0.91 5
0.92 4
0.93 4
0.94 4
0.95 4
0.96 4
0.97 9
0.98 5
0.99 4
1 2
