0 53
0.01 42
0.02 39
0.03 32
0.04 30
0.05 27
0.06 23
0.07 24
0.08 28
0.09 26
0.1 26
0.11 21
0.12 16
0.13 20
0.14 22
0.15 17
0.16 16
0.17 21
0.18 20
0.19 17
0.2 19
0.21 14
0.22 15
0.23 10
0.24 9
0.25 17
0.26 14
0.27 14
0.28 12
0.29 12
0.3 16
0.31 13
0.32 11
0.33 12
0.34 9
0.35 13
0.36 9
0.37 13
0.38 11
0.39 12
0.4 10
0.41 12
0.42 14
0.43 10
0.44 9
0.45 8
0.46 11
0.47 10
0.48 10
0.49 7
0.5 13
0.51 15
0.52 10
0.53 9
0.54 10
0.55 11
0.56 8
0.57 12
0.58 8
0.59 9
0.6 11
0.61 10
0.62 10
0.63 10
0.64 8
0.65 8
0.66 11
0.67 7
0.68 12
0.69 8
0.7 10
0.71 10
0.72 12
0.73 14
0.74 11
0.75 12
0.76 10
0.77 10
0.78 11
0.79 11
0.8 8
0.81 4
0.82 6
0.83 9
0.84 8
0.85 11
0.86 5
0.87 9
0.88 12
0.89 12
0.9 7
0.91 10
0.92 8
0.93 13
0.94 9
0.95 10
0.96 10
0.97 9
0.98 9
0.99 8
1 6
