0 58
0.01 36
0.02 26
0.03 24
0.04 21
0.05 18
0.06 23
0.07 25
0.08 16
0.09 20
0.1 23
0.11 19
0.12 18
0.13 13
0.14 15
0.15 14
0.16 20
0.17 10
0.18 9
0.19 16
0.2 15
0.21 15
0.22 17
0.23 12
0.24 17
0.25 11
0.26 9
0.27 11
0.28 18
0.29 18
0.3 16
0.31 13
0.32 17
0.33 15
0.34 14
0.35 16
0.36 19
0.37 17
0.38 14
0.39 15
0.4 14
0.41 13
0.42 11
0.43 12
0.44 10
0.45 10
0.46 10
0.47 10
0.48 13
0.49 10
0.5 14
0.51 11
0.52 15
0.53 19
0.54 11
0.55 10
0.56 8
0.57 12
0.58 8
0.59 6
0.6 7
0.61 13
0.62 13
0.63 11
0.64 7
0.65 9
0.66 10
0.67 9
0.68 12
0.69 14
0.7 8
0.71 9
0.72 9
0.73 12
0.74 7
0.75 10
0.76 15
0.77 11
0.78 9
0.79 15
0.8 10
0.81 11
0.82 5
0.83 6
0.84 4
0.85 11
0.86 8
0.87 10
0.88 8
0.89 6
0.9 10
0.91 7
0.92 10
0.93 9
0.94 7
0.95 8
0.96 5
0.97 10
0.98 10
0.99 5
1 5
