-0.8683
-0.853476
-0.845226
-0.845274
-0.854181
-0.871494
-0.896074
-0.926982
-0.963459
-1.00515
-1.05206
-1.10456
-1.1634
-1.22987
-1.30573
-1.39307
-1.49385
-1.60877
-1.73605
-1.87133
-2.00817
-2.14069
-2.2622
-2.36681
-2.45053
-2.51228
-2.55309
-2.57477
-2.57886
-2.56662
-2.53893
-2.49666
-2.44095
-2.3735
-2.29662
-2.21298
-2.1252
-2.03579
-1.94634
-1.85821
-1.77221
-1.68881
-1.60831
-1.53101
-1.45733
-1.38766
-1.32228
-1.26174
-1.20628
-1.1561
-1.11107
-1.07086
-1.03496
-1.00273
-0.973498
-0.946601
-0.921481
-0.897725
-0.875291
-0.854687
-0.837165
-0.824618
-0.818959
-0.821255
-0.831401
-0.848653
-0.872132
-0.900947
-0.934546
-0.972656
-1.01523
-1.0625
-1.11501
-1.17371
-1.23994
-1.31555
-1.40261
-1.503
-1.6173
-1.74354
-1.87741
-2.01263
-2.14345
-2.26348
-2.36727
-2.45106
-2.51401
-2.55717
-2.58229
-2.59087
-2.58409
-2.56276
-2.52753
-2.47919
-2.41894
-2.34854
-2.27021
-2.18659
-2.09995
-2.01229