-0.8683
-0.85757
-0.850686
-0.848705
-0.852656
-0.863204
-0.880524
-0.904491
-0.935099
-0.97238
-1.01642
-1.06736
-1.12544
-1.19059
-1.26259
-1.34092
-1.42481
-1.51349
-1.60652
-1.70384
-1.80679
-1.9172
-2.03688
-2.16613
-2.29972
-2.42636
-2.53318
-2.61428
-2.67159
-2.70936
-2.73138
-2.73986
-2.73573
-2.7189
-2.68848
-2.64308
-2.58154
-2.50361
-2.41121
-2.30874
-2.20188
-2.09561
-1.99314
-1.89565
-1.80339
-1.71591
-1.63258
-1.55281
-1.47604
-1.40192
-1.33029
-1.26112
-1.19478
-1.13193
-1.07358
-1.02108
-0.975677
-0.938089
-0.908173
-0.884866
-0.866561
-0.851829
-0.839764
-0.830281
-0.824063
-0.822122
-0.825251
-0.83388
-0.848166
-0.867979
-0.893353
-0.924343
-0.961071
-1.00387
-1.05297
-1.10876
-1.17131
-1.24061
-1.31628
-1.39764
-1.48399
-1.57481
-1.66993
-1.77003
-1.87699
-1.99246
-2.11781
-2.25004
-2.3804
-2.49529
-2.58602
-2.65204
-2.69723
-2.72563
-2.74003
-2.74172
-2.73113
-2.70776
-2.6704
-2.61762