-0.8683
-0.858041
-0.851814
-0.85071
-0.855778
-0.867705
-0.886687
-0.912638
-0.945585
-0.985598
-1.03273
-1.08716
-1.14893
-1.21799
-1.29386
-1.37586
-1.46319
-1.55517
-1.65147
-1.75261
-1.8604
-1.97653
-2.10266
-2.23622
-2.36891
-2.48671
-2.57982
-2.64724
-2.69291
-2.721
-2.73453
-2.73483
-2.72221
-2.69613
-2.65536
-2.59857
-2.52516
-2.43638
-2.33598
-2.22955
-2.12257
-2.01872
-1.91964
-1.82586
-1.73704
-1.65257
-1.57183
-1.49424
-1.4194
-1.34714
-1.27734
-1.21031
-1.14661
-1.08718
-1.03336
-0.986397
-0.947189
-0.915738
-0.891193
-0.872023
-0.856762
-0.844435
-0.834856
-0.828633
-0.82677
-0.830148
-0.839355
-0.854535
-0.875679
-0.902792
-0.935977
-0.97539
-1.02131
-1.07398
-1.13367
-1.20038
-1.27383
-1.35351
-1.43867
-1.52862
-1.62298
-1.72187
-1.82686
-1.93965
-2.06212
-2.19342
-2.32715
-2.45069
-2.55229
-2.62786
-2.68046
-2.71437
-2.73311
-2.73851
-2.73133
-2.71128
-2.67733
-2.62806
-2.56245
-2.4807