-0.8683
-0.862916
-0.860242
-0.861781
-0.868385
-0.880195
-0.896921
-0.918404
-0.944767
-0.976532
-1.01456
-1.06014
-1.11527
-1.18237
-1.26451
-1.36462
-1.48368
-1.61797
-1.75766
-1.89068
-2.00991
-2.11302
-2.20078
-2.27454
-2.33571
-2.38557
-2.42507
-2.45507
-2.47614
-2.48864
-2.49293
-2.48919
-2.47749
-2.45806
-2.43105
-2.39669
-2.35537
-2.30749
-2.25373
-2.19466
-2.13114
-2.06394
-1.99403
-1.9224
-1.85007
-1.77816
-1.70791
-1.64053
-1.5771
-1.51849
-1.46554
-1.41849
-1.37734
-1.34192
-1.31179
-1.28649
-1.26557
-1.2487
-1.23559
-1.22614
-1.2204
-1.21866
-1.22146
-1.22967
-1.24456
-1.2677
-1.30077
-1.34516
-1.40067
-1.46432
-1.52952
-1.58692
-1.62722
-1.64545
-1.64177
-1.62136
-1.5912
-1.55781
-1.52561
-1.49694
-1.47275
-1.45331
-1.43847
-1.42794
-1.42143
-1.41863
-1.41921
-1.42279
-1.42894
-1.43713
-1.44673
-1.45702
-1.46722
-1.47659
-1.48448
-1.49043
-1.49421
-1.49583
-1.49549
-1.49354