-0.8683
-0.85657
-0.850678
-0.852165
-0.861521
-0.878318
-0.901611
-0.93068
-0.965119
-1.00496
-1.0506
-1.10291
-1.16309
-1.23298
-1.31476
-1.41058
-1.52168
-1.64665
-1.78019
-1.91511
-2.04459
-2.16408
-2.27014
-2.36071
-2.43465
-2.49208
-2.53366
-2.56033
-2.57275
-2.57155
-2.55725
-2.5304
-2.49171
-2.44221
-2.38331
-2.31676
-2.24443
-2.16824
-2.08992
-2.01088
-1.93217
-1.85468
-1.77896
-1.70541
-1.63434
-1.566
-1.50059
-1.43838
-1.37967
-1.32447
-1.27299
-1.2253
-1.18131
-1.141
-1.1041
-1.07039
-1.03954
-1.01123
-0.98512
-0.960868
-0.938149
-0.916665
-0.89611
-0.876263
-0.856935
-0.838201
-0.820403
-0.804336
-0.791327
-0.782843
-0.779868
-0.782593
-0.790653
-0.803241
-0.819767
-0.83967
-0.862651
-0.888571
-0.917423
-0.949371
-0.984757
-1.02409
-1.06812
-1.11787
-1.17462
-1.23998
-1.31593
-1.4043
-1.50628
-1.62118
-1.74537
-1.87243
-1.9964
-2.11274
-2.21839
-2.31167
-2.39172
-2.45872
-2.51343
-2.55659