-0.8683
-0.893628
-0.921449
-0.95147
-0.983296
-1.01653
-1.05081
-1.0861
-1.12226
-1.15942
-1.19773
-1.23724
-1.2781
-1.32035
-1.36404
-1.40906
-1.4552
-1.50209
-1.54914
-1.59559
-1.64046
-1.68295
-1.72206
-1.75717
-1.78779
-1.8138
-1.83538
-1.85285
-1.86662
-1.87724
-1.88516
-1.89085
-1.89472
-1.89709
-1.89824
-1.89843
-1.89784
-1.89661
-1.89488
-1.89276
-1.89033
-1.88766
-1.88481
-1.8818
-1.87869
-1.87549
-1.87225
-1.86897
-1.86568
-1.86239
-1.85911
-1.85584
-1.85258
-1.84935
-1.84614
-1.84297
-1.83984
-1.83675
-1.8337
-1.8307
-1.82774
-1.82483
-1.82196
-1.81913
-1.81635
-1.8136
-1.81089
-1.80822
-1.80559
-1.803
-1.80045
-1.79794
-1.79546
-1.79302
-1.79062
-1.78826
-1.78593
-1.78364
-1.78139
-1.77917
-1.77698
-1.77483
-1.77271
-1.77062
-1.76856
-1.76653
-1.76452
-1.76255
-1.7606
-1.75868
-1.75678
-1.75491
-1.75306
-1.75124
-1.74943
-1.74765
-1.7459
-1.74416
-1.74245
-1.74075