-0.8683
-0.854104
-0.844941
-0.842478
-0.847844
-0.861484
-0.883167
-0.912436
-0.948926
-0.992332
-1.0423
-1.09865
-1.16112
-1.22965
-1.30416
-1.38482
-1.47199
-1.56614
-1.66763
-1.77748
-1.89642
-2.02509
-2.16199
-2.30024
-2.42669
-2.52934
-2.60412
-2.65408
-2.68389
-2.69682
-2.69466
-2.67773
-2.64547
-2.59691
-2.53119
-2.44889
-2.35286
-2.24822
-2.14071
-2.03498
-1.93365
-1.8376
-1.74676
-1.66066
-1.57864
-1.50013
-1.4246
-1.35183
-1.28191
-1.2153
-1.15275
-1.09546
-1.04471
-1.00121
-0.964964
-0.935001
-0.910012
-0.888686
-0.870301
-0.855196
-0.844655
-0.840349
-0.843611
-0.855055
-0.874478
-0.901575
-0.935879
-0.977127
-1.02499
-1.07923
-1.13965
-1.20612
-1.27855
-1.35704
-1.44191
-1.53359
-1.63246
-1.73932
-1.85513
-1.98043
-2.11502
-2.25388
-2.38606
-2.49763
-2.58158
-2.63945
-2.67581
-2.69424
-2.69715
-2.68535
-2.65854
-2.61579
-2.55612
-2.47945
-2.38778
-2.28551
-2.17841
-2.07168
-1.96854
-1.87059