-0.8683
-0.87204
-0.877939
-0.886901
-0.899775
-0.9171
-0.939211
-0.966411
-0.998963
-1.03725
-1.082
-1.13391
-1.19392
-1.2627
-1.34065
-1.42719
-1.52008
-1.61523
-1.70718
-1.79101
-1.86321
-1.92275
-1.97012
-2.00658
-2.03379
-2.05311
-2.06592
-2.07327
-2.07607
-2.07504
-2.0708
-2.06385
-2.05466
-2.04358
-2.03092
-2.01698
-2.00199
-1.98617
-1.9697
-1.9528
-1.93562
-1.91825
-1.90081
-1.8834
-1.86613
-1.84908
-1.83231
-1.81584
-1.79972
-1.78395
-1.76856
-1.75359
-1.73905
-1.72494
-1.71127
-1.69802
-1.68519
-1.67277
-1.66076
-1.64915
-1.63794
-1.62709
-1.61661
-1.60646
-1.59664
-1.58713
-1.57794
-1.56904
-1.56043
-1.5521
-1.54403
-1.53621
-1.52863
-1.52127
-1.51414
-1.50721
-1.50048
-1.49394
-1.4876
-1.48144
-1.47545
-1.46962
-1.46396
-1.45846
-1.4531
-1.44789
-1.44281
-1.43787
-1.43305
-1.42834
-1.42376
-1.41929
-1.41493
-1.41067
-1.40652
-1.40247
-1.39851
-1.39465
-1.39088
-1.3872