-0.8683
-0.896356
-0.924836
-0.953455
-0.981938
-1.01003
-1.03747
-1.06406
-1.08964
-1.11416
-1.13752
-1.15969
-1.18071
-1.20062
-1.21944
-1.23721
-1.254
-1.26988
-1.28493
-1.29918
-1.3127
-1.32552
-1.33772
-1.34933
-1.3604
-1.37097
-1.38108
-1.39075
-1.40002
-1.4089
-1.41743
-1.42563
-1.43351
-1.44111
-1.44843
-1.4555
-1.46234
-1.46894
-1.47533
-1.48151
-1.48751
-1.49332
-1.49896
-1.50443
-1.50975
-1.51492
-1.51995
-1.52484
-1.5296
-1.53425
-1.53877
-1.54319
-1.54749
-1.5517
-1.5558
-1.55982
-1.56374
-1.56758
-1.57133
-1.57501
-1.5786
-1.58213
-1.58558
-1.58896
-1.59228
-1.59553
-1.59872
-1.60185
-1.60492
-1.60793
-1.61089
-1.61379
-1.61665
-1.61945
-1.62221
-1.62492
-1.62758
-1.6302
-1.63278
-1.63532
-1.63781
-1.64027
-1.64269
-1.64508
-1.64742
-1.64974
-1.65202
-1.65427
-1.65648
-1.65867
-1.66082
-1.66295
-1.66504
-1.66711
-1.66916
-1.67117
-1.67316
-1.67512
-1.67706
-1.67897