-0.8683
-0.859215
-0.852511
-0.850145
-0.853494
-0.863122
-0.878951
-0.900972
-0.929421
-0.965038
-1.009
-1.06296
-1.12945
-1.21134
-1.31148
-1.43095
-1.56607
-1.70671
-1.83973
-1.95666
-2.0553
-2.13724
-2.20463
-2.25955
-2.30369
-2.33818
-2.36401
-2.38177
-2.39194
-2.39488
-2.39074
-2.37977
-2.36211
-2.33787
-2.30734
-2.27074
-2.22842
-2.18085
-2.1286
-2.07243
-2.01309
-1.95172
-1.88944
-1.82737
-1.76677
-1.70871
-1.65418
-1.60382
-1.55797
-1.51685
-1.48031
-1.44807
-1.4198
-1.39505
-1.37352
-1.35484
-1.3387
-1.32485
-1.31311
-1.30331
-1.29534
-1.28916
-1.28478
-1.28223
-1.28157
-1.28298
-1.28664
-1.29278
-1.30165
-1.3135
-1.3285
-1.34668
-1.36778
-1.39113
-1.41568
-1.43994
-1.46227
-1.48108
-1.49521
-1.5042
-1.50817
-1.50775
-1.50384
-1.49743
-1.48943
-1.48059
-1.47152
-1.46263
-1.45423
-1.44652
-1.43962
-1.43359
-1.42848
-1.42429
-1.42101
-1.41861
-1.41705
-1.41628
-1.41624
-1.41683