-0.8683
-0.859733
-0.85347
-0.851315
-0.854479
-0.863398
-0.877909
-0.897955
-0.92367
-0.955666
-0.994968
-1.04301
-1.10208
-1.17491
-1.26486
-1.3746
-1.50367
-1.64534
-1.78669
-1.91547
-2.02633
-2.11924
-2.19594
-2.25855
-2.30875
-2.34779
-2.37672
-2.39619
-2.40667
-2.40863
-2.40235
-2.38801
-2.36591
-2.33634
-2.29966
-2.25638
-2.20695
-2.15223
-2.09288
-2.02992
-1.96452
-1.89774
-1.8309
-1.7654
-1.70249
-1.64336
-1.58887
-1.53939
-1.49525
-1.45632
-1.42237
-1.39289
-1.3675
-1.3458
-1.32734
-1.31181
-1.29896
-1.28858
-1.28058
-1.27493
-1.27167
-1.27091
-1.27288
-1.27789
-1.28631
-1.29856
-1.31509
-1.33615
-1.36168
-1.39098
-1.42263
-1.45444
-1.48367
-1.50767
-1.52454
-1.53365
-1.53551
-1.53139
-1.52295
-1.51184
-1.49944
-1.48679
-1.47464
-1.46344
-1.45346
-1.44486
-1.43769
-1.43195
-1.42761
-1.42462
-1.42288
-1.42232
-1.42281
-1.42421
-1.42638
-1.42916
-1.43235
-1.43579
-1.4393
-1.44272