-0.8683
-0.855328
-0.846846
-0.844259
-0.848629
-0.860483
-0.879734
-0.906138
-0.9395
-0.97977
-1.02686
-1.0808
-1.14161
-1.20925
-1.28357
-1.36442
-1.45166
-1.54524
-1.64511
-1.75201
-1.86709
-1.99142
-2.12524
-2.26382
-2.396
-2.50768
-2.59191
-2.65035
-2.68777
-2.70793
-2.71338
-2.70499
-2.68257
-2.64514
-2.59151
-2.52095
-2.43444
-2.33541
-2.22928
-2.12164
-2.01651
-1.91616
-1.82106
-1.7311
-1.64571
-1.56423
-1.48611
-1.41095
-1.33844
-1.26876
-1.20233
-1.13986
-1.08258
-1.03183
-0.98847
-0.952646
-0.923543
-0.899846
-0.880095
-0.863357
-0.849625
-0.839764
-0.835102
-0.836823
-0.845566
-0.861293
-0.88394
-0.913193
-0.949035
-0.991446
-1.04043
-1.09613
-1.15853
-1.22766
-1.30338
-1.38554
-1.47405
-1.56889
-1.67009
-1.7786
-1.8955
-2.02194
-2.1573
-2.29546
-2.42375
-2.52941
-2.60752
-2.66087
-2.69425
-2.71123
-2.71385
-2.70279
-2.67766
-2.6374
-2.58083
-2.50741
-2.41851
-2.31793
-2.21125
-2.1039