-0.8683
-0.883486
-0.900916
-0.920791
-0.943264
-0.968435
-0.996359
-1.02706
-1.06075
-1.09763
-1.13789
-1.18196
-1.23011
-1.28271
-1.3398
-1.40131
-1.46653
-1.53421
-1.60244
-1.66863
-1.72999
-1.78436
-1.8301
-1.86697
-1.8952
-1.91585
-1.93002
-1.93881
-1.94333
-1.94443
-1.94289
-1.93931
-1.93416
-1.92783
-1.92064
-1.91282
-1.90453
-1.89595
-1.8872
-1.87836
-1.86949
-1.86064
-1.85186
-1.8432
-1.83466
-1.82629
-1.81807
-1.81002
-1.80213
-1.7944
-1.78683
-1.77945
-1.77223
-1.7652
-1.75834
-1.75165
-1.74512
-1.73876
-1.73256
-1.7265
-1.72058
-1.71481
-1.70916
-1.70364
-1.69823
-1.69295
-1.68779
-1.68274
-1.6778
-1.67296
-1.66824
-1.66362
-1.6591
-1.65467
-1.65034
-1.6461
-1.64195
-1.63788
-1.63389
-1.62999
-1.62616
-1.6224
-1.61872
-1.6151
-1.61155
-1.60807
-1.60464
-1.60128
-1.59798
-1.59473
-1.59155
-1.58841
-1.58533
-1.5823
-1.57933
-1.5764
-1.57352
-1.57068
-1.56789
-1.56515