-0.8683
-0.861595
-0.858869
-0.861481
-0.869944
-0.883983
-0.902948
-0.926353
-0.954027
-0.986164
-1.02324
-1.06609
-1.11598
-1.17457
-1.24395
-1.32654
-1.42416
-1.53692
-1.66144
-1.79051
-1.91566
-2.03154
-2.13538
-2.22672
-2.30579
-2.37335
-2.43028
-2.4775
-2.5157
-2.54554
-2.5674
-2.58156
-2.58813
-2.58706
-2.57838
-2.56198
-2.53776
-2.50579
-2.46629
-2.41957
-2.3663
-2.30723
-2.24323
-2.17538
-2.10448
-2.03165
-1.95775
-1.88343
-1.80944
-1.73649
-1.66528
-1.59647
-1.53062
-1.46836
-1.41028
-1.35675
-1.30803
-1.26422
-1.22518
-1.19069
-1.16038
-1.13391
-1.11089
-1.09099
-1.07399
-1.05981
-1.04855
-1.04057
-1.03677
-1.03881
-1.04935
-1.07193
-1.11034
-1.1679
-1.24753
-1.35207
-1.48254
-1.63393
-1.79131
-1.9358
-2.05341
-2.13363
-2.16625
-2.14444
-2.0698
-1.9562
-1.82508
-1.6962
-1.58151
-1.48579
-1.40888
-1.34849
-1.30179
-1.26624
-1.24001
-1.22206
-1.21201
-1.21031
-1.21824
-1.23794