-0.8683
-0.880055
-0.894073
-0.91078
-0.93055
-0.95364
-0.980226
-1.0104
-1.04436
-1.08241
-1.12481
-1.1721
-1.22466
-1.28289
-1.34687
-1.41633
-1.49019
-1.56637
-1.64204
-1.71385
-1.7785
-1.83385
-1.87906
-1.9143
-1.94056
-1.95898
-1.97095
-1.97758
-1.97999
-1.97897
-1.9753
-1.96953
-1.96216
-1.95356
-1.94405
-1.93385
-1.92319
-1.91222
-1.90106
-1.88981
-1.87854
-1.86734
-1.85625
-1.84533
-1.83458
-1.82401
-1.81365
-1.8035
-1.79359
-1.78391
-1.77447
-1.76527
-1.75632
-1.7476
-1.7391
-1.73083
-1.72277
-1.71491
-1.70725
-1.69978
-1.6925
-1.6854
-1.67849
-1.67175
-1.66518
-1.65878
-1.65254
-1.64646
-1.64053
-1.63474
-1.6291
-1.62358
-1.6182
-1.61293
-1.60779
-1.60276
-1.59784
-1.59303
-1.58832
-1.58372
-1.57921
-1.5748
-1.57049
-1.56626
-1.56212
-1.55806
-1.55409
-1.55019
-1.54637
-1.54262
-1.53894
-1.53533
-1.53179
-1.52831
-1.5249
-1.52154
-1.51824
-1.515
-1.51181
-1.50868