-0.8683
-0.848645
-0.835326
-0.830347
-0.834853
-0.849111
-0.872512
-0.904477
-0.944099
-0.990614
-1.04309
-1.10068
-1.16273
-1.22904
-1.29989
-1.37614
-1.45912
-1.55043
-1.65128
-1.76258
-1.88433
-2.01487
-2.15095
-2.28463
-2.40517
-2.50327
-2.57643
-2.62704
-2.65863
-2.6738
-2.67428
-2.66082
-2.63346
-2.59194
-2.53613
-2.46685
-2.38618
-2.29756
-2.20501
-2.11209
-2.02148
-1.93448
-1.85163
-1.77278
-1.69748
-1.62526
-1.55561
-1.48806
-1.42235
-1.35844
-1.29641
-1.23672
-1.18008
-1.12732
-1.07926
-1.03642
-0.998659
-0.96531
-0.935288
-0.907566
-0.881383
-0.856631
-0.834204
-0.81585
-0.803563
-0.798833
-0.802359
-0.814293
-0.834109
-0.861458
-0.895695
-0.936399
-0.98297
-1.03475
-1.09111
-1.15159
-1.21606
-1.28479
-1.35859
-1.43871
-1.52674
-1.62408
-1.73156
-1.84963
-1.97702
-2.11118
-2.24569
-2.37059
-2.47558
-2.55633
-2.61405
-2.652
-2.67321
-2.67972
-2.67256
-2.65196
-2.61766
-2.56936
-2.50723
-2.43262