-0.8683
-0.848081
-0.833809
-0.827447
-0.830115
-0.842077
-0.862723
-0.891469
-0.927494
-0.970134
-1.01861
-1.07216
-1.13021
-1.19244
-1.25888
-1.33006
-1.40696
-1.49097
-1.58352
-1.68558
-1.79799
-1.92053
-2.05157
-2.1872
-2.31853
-2.43457
-2.52753
-2.59612
-2.64324
-2.67253
-2.68639
-2.68637
-2.67303
-2.64629
-2.60575
-2.55114
-2.48303
-2.40334
-2.31538
-2.2232
-2.13051
-2.04008
-1.9534
-1.87104
-1.79281
-1.71831
-1.64705
-1.57851
-1.51214
-1.44756
-1.38463
-1.32327
-1.26366
-1.20634
-1.15206
-1.10168
-1.056
-1.01534
-0.979556
-0.947817
-0.919056
-0.892248
-0.86673
-0.842655
-0.821079
-0.803699
-0.792327
-0.788249
-0.791799
-0.802893
-0.821094
-0.84597
-0.877041
-0.913984
-0.956335
-1.00365
-1.05545
-1.11136
-1.17114
-1.23484
-1.30289
-1.37613
-1.45582
-1.54345
-1.64026
-1.74699
-1.86413
-1.99055
-2.1238
-2.2574
-2.38125
-2.48517
-2.56525
-2.62286
-2.66138
-2.68376
-2.69206
-2.68732
-2.66968
-2.63885