-0.8683
-0.86019
-0.856693
-0.859149
-0.868046
-0.883109
-0.903622
-0.929141
-0.959473
-0.994842
-1.03583
-1.08351
-1.13927
-1.20522
-1.28376
-1.3775
-1.48812
-1.6143
-1.74993
-1.88611
-2.01489
-2.13169
-2.23399
-2.32067
-2.39102
-2.44498
-2.48279
-2.50453
-2.51032
-2.5002
-2.47429
-2.43311
-2.37775
-2.30995
-2.23211
-2.14694
-2.05724
-1.96526
-1.87323
-1.7828
-1.69529
-1.61178
-1.53316
-1.46023
-1.39358
-1.33333
-1.27965
-1.23221
-1.19063
-1.15431
-1.12266
-1.09508
-1.07105
-1.05018
-1.03219
-1.01702
-1.00488
-0.996482
-0.993296
-0.997664
-1.01247
-1.04031
-1.08284
-1.1412
-1.21709
-1.31299
-1.4314
-1.57168
-1.726
-1.88009
-2.02023
-2.13712
-2.22255
-2.26836
-2.26827
-2.22122
-2.1329
-2.01592
-1.88568
-1.75575
-1.63502
-1.5284
-1.43746
-1.36193
-1.30022
-1.25029
-1.21017
-1.17819
-1.15318
-1.13454
-1.12223
-1.11695
-1.12037
-1.1353
-1.16567
-1.21577
-1.28936
-1.38886
-1.51278
-1.65196