-0.8683
-0.849556
-0.837482
-0.834239
-0.840625
-0.856241
-0.879842
-0.910207
-0.946279
-0.987287
-1.0327
-1.08229
-1.1362
-1.195
-1.2597
-1.33182
-1.41329
-1.50612
-1.61166
-1.7299
-1.8589
-1.99427
-2.13072
-2.26043
-2.37503
-2.46797
-2.53765
-2.586
-2.6157
-2.62937
-2.62855
-2.61416
-2.58666
-2.54626
-2.4934
-2.42893
-2.35444
-2.27217
-2.1848
-2.09504
-2.00475
-1.91551
-1.8281
-1.74286
-1.65998
-1.57954
-1.50162
-1.42665
-1.35521
-1.28811
-1.2261
-1.17006
-1.12037
-1.07685
-1.03885
-1.00534
-0.975206
-0.947448
-0.921567
-0.897829
-0.877667
-0.863665
-0.858567
-0.863925
-0.879604
-0.904296
-0.936658
-0.975331
-1.0194
-1.06832
-1.1219
-1.18048
-1.24488
-1.31652
-1.39724
-1.48908
-1.59356
-1.71098
-1.83968
-1.97546
-2.11318
-2.24514
-2.36271
-2.45859
-2.5305
-2.58008
-2.61013
-2.62339
-2.62153
-2.60553
-2.57587
-2.53288
-2.47712
-2.40968
-2.33247
-2.24799
-2.15895
-2.06803
-1.97709
-1.88754