-0.8683
-0.854195
-0.845039
-0.842468
-0.84761
-0.860922
-0.882196
-0.910995
-0.946979
-0.98987
-1.03934
-1.09524
-1.15733
-1.22553
-1.29974
-1.38006
-1.46679
-1.56033
-1.66099
-1.76972
-1.88739
-2.01463
-2.15048
-2.28858
-2.41648
-2.52165
-2.59935
-2.65219
-2.68487
-2.70073
-2.7018
-2.68865
-2.66085
-2.6174
-2.55729
-2.48041
-2.38876
-2.28667
-2.17986
-2.07345
-1.97063
-1.87295
-1.7805
-1.69296
-1.6097
-1.53013
-1.45374
-1.38008
-1.3092
-1.24122
-1.17688
-1.1173
-1.06368
-1.01706
-0.977838
-0.945418
-0.918605
-0.896005
-0.876535
-0.860011
-0.847305
-0.839989
-0.839602
-0.846993
-0.862307
-0.885392
-0.915721
-0.953046
-0.997099
-1.0476
-1.10443
-1.16738
-1.23638
-1.31139
-1.39252
-1.48011
-1.57456
-1.67622
-1.78611
-1.90499
-2.03355
-2.17016
-2.30762
-2.43284
-2.53426
-2.60825
-2.65806
-2.68825
-2.7021
-2.70134
-2.68638
-2.65669
-2.61126
-2.5491
-2.47031
-2.37714
-2.27421
-2.16722
-2.06115
-1.95897