-1.3854
-1.32327
-1.25915
-1.19593
-1.13654
-1.08297
-1.03637
-0.996843
-0.964135
-0.937639
-0.917035
-0.90209
-0.892662
-0.888984
-0.891311
-0.900241
-0.916264
-0.939893
-0.971466
-1.01071
-1.05669
-1.10796
-1.16243
-1.21815
-1.27321
-1.32627
-1.37649
-1.4234
-1.46676
-1.50666
-1.54322
-1.57672
-1.60737
-1.63544
-1.6612
-1.68485
-1.70659
-1.72664
-1.74517
-1.76231
-1.7782
-1.79295
-1.80669
-1.81951
-1.8315
-1.84274
-1.85327
-1.86318
-1.8725
-1.88128
-1.88958
-1.89741
-1.90483
-1.91186
-1.91854
-1.92488
-1.93092
-1.93668
-1.94216
-1.9474
-1.95241
-1.95719
-1.96177
-1.96616
-1.97037
-1.9744
-1.97827
-1.98198
-1.98556
-1.98899
-1.9923
-1.99548
-1.99855
-2.00151
-2.00437
-2.00713
-2.0098
-2.01238
-2.01487
-2.01728
-2.01962
-2.02188
-2.02407
-2.02619
-2.02825
-2.03025
-2.03218
-2.03406
-2.03589
-2.03766
-2.03938
-2.04106
-2.04268
-2.04427
-2.0458
-2.0473
-2.04875
-2.05017
-2.05155
-2.05288