-1.3854
-1.3
-1.22042
-1.14825
-1.08447
-1.02928
-0.982189
-0.942443
-0.909503
-0.882784
-0.861979
-0.847408
-0.839407
-0.838563
-0.845368
-0.860102
-0.882704
-0.912624
-0.948776
-0.989591
-1.03348
-1.07956
-1.12835
-1.18251
-1.24465
-1.31412
-1.38748
-1.46219
-1.53778
-1.61512
-1.69545
-1.7801
-1.87024
-1.96641
-2.06809
-2.17232
-2.27382
-2.36588
-2.44279
-2.50173
-2.54261
-2.56703
-2.57682
-2.57364
-2.55865
-2.53253
-2.49553
-2.44766
-2.38871
-2.31865
-2.23781
-2.14745
-2.05004
-1.9489
-1.84765
-1.74857
-1.65277
-1.56018
-1.47056
-1.38426
-1.30219
-1.22574
-1.15629
-1.09466
-1.04097
-0.994676
-0.955066
-0.921372
-0.893286
-0.87026
-0.852317
-0.839851
-0.833249
-0.833184
-0.840215
-0.854744
-0.876846
-0.906104
-0.941575
-0.981791
-1.02516
-1.07065
-1.11858
-1.1713
-1.2316
-1.29951
-1.3718
-1.44566
-1.52038
-1.59663
-1.67556
-1.75849
-1.84666
-1.9408
-2.04077
-2.14429
-2.24688
-2.342
-2.42339
-2.48736