-1.3854
-1.2995
-1.21956
-1.14706
-1.08299
-1.02756
-0.98028
-0.940298
-0.90701
-0.879726
-0.857923
-0.841804
-0.831561
-0.827632
-0.830485
-0.840668
-0.858386
-0.883359
-0.914877
-0.951818
-0.992749
-1.03635
-1.08202
-1.13062
-1.18487
-1.247
-1.31601
-1.38857
-1.46241
-1.53713
-1.61368
-1.69327
-1.77725
-1.86685
-1.9627
-2.06444
-2.16932
-2.27226
-2.36638
-2.44565
-2.50693
-2.54992
-2.57618
-2.58756
-2.58577
-2.572
-2.54699
-2.511
-2.46407
-2.40597
-2.33661
-2.25614
-2.16571
-2.06762
-1.96521
-1.86229
-1.76155
-1.66443
-1.57099
-1.48107
-1.39482
-1.31291
-1.23649
-1.1668
-1.10471
-1.05044
-1.00349
-0.963192
-0.928601
-0.899221
-0.874547
-0.854225
-0.838331
-0.827167
-0.821067
-0.82068
-0.826577
-0.839307
-0.859115
-0.88575
-0.918499
-0.956243
-0.99758
-1.04127
-1.08694
-1.13576
-1.19057
-1.25321
-1.32218
-1.39421
-1.46735
-1.54141
-1.61737
-1.69642
-1.77993
-1.8691
-1.96452
-2.06583
-2.17029
-2.27285