-1.3854
-1.29949
-1.21921
-1.1465
-1.08247
-1.02728
-0.980348
-0.940792
-0.908081
-0.881632
-0.861064
-0.84665
-0.8386
-0.837359
-0.843231
-0.856491
-0.877218
-0.905117
-0.939419
-0.978753
-1.02142
-1.0661
-1.113
-1.16443
-1.22332
-1.28978
-1.3607
-1.43334
-1.50698
-1.58206
-1.6597
-1.74109
-1.82739
-1.91929
-2.01676
-2.11778
-2.21837
-2.31242
-2.39382
-2.45862
-2.5057
-2.53586
-2.55087
-2.55239
-2.54175
-2.5198
-2.48698
-2.44336
-2.38878
-2.32318
-2.24688
-2.16086
-2.06724
-1.96929
-1.87029
-1.7727
-1.67749
-1.58469
-1.49389
-1.40524
-1.31985
-1.23954
-1.16623
-1.10117
-1.04471
-0.996291
-0.955182
-0.920535
-0.892007
-0.869009
-0.851577
-0.840008
-0.834584
-0.835789
-0.844019
-0.85949
-0.882216
-0.911841
-0.947499
-0.987723
-1.03084
-1.07587
-1.12336
-1.17609
-1.23662
-1.30415
-1.37536
-1.44794
-1.52146
-1.59664
-1.67462
-1.75659
-1.84364
-1.93636
-2.03449
-2.13561
-2.23533
-2.32747
-2.40617
-2.46794