-1.3854
-1.30137
-1.22028
-1.14603
-1.08095
-1.02563
-0.979367
-0.941144
-0.910146
-0.885583
-0.866735
-0.853317
-0.845108
-0.84202
-0.844136
-0.851804
-0.865474
-0.885812
-0.91338
-0.948083
-0.988841
-1.03393
-1.08288
-1.13726
-1.19912
-1.26853
-1.34381
-1.42286
-1.50419
-1.5869
-1.67066
-1.75515
-1.83994
-1.92429
-2.00717
-2.08684
-2.16134
-2.22841
-2.28629
-2.33379
-2.37026
-2.39567
-2.41033
-2.41472
-2.40937
-2.39474
-2.37125
-2.33931
-2.29943
-2.25236
-2.19913
-2.1411
-2.07981
-2.01679
-1.95312
-1.88943
-1.8255
-1.76077
-1.69416
-1.62451
-1.55083
-1.47268
-1.39081
-1.30778
-1.22744
-1.15357
-1.08851
-1.03292
-0.986108
-0.947139
-0.915097
-0.889342
-0.869112
-0.854061
-0.844003
-0.838771
-0.838452
-0.843174
-0.853384
-0.869697
-0.892748
-0.922927
-0.959813
-1.00199
-1.04792
-1.098
-1.1541
-1.21783
-1.28859
-1.36438
-1.44333
-1.52413
-1.60624
-1.68932
-1.77308
-1.85706
-1.94048
-2.02225
-2.10055
-2.1735