-1.3854
-1.30414
-1.22699
-1.15616
-1.09277
-1.03702
-0.988415
-0.946544
-0.911212
-0.882415
-0.860068
-0.844501
-0.835756
-0.833874
-0.838717
-0.850157
-0.868179
-0.89272
-0.923468
-0.959586
-0.999627
-1.04215
-1.08745
-1.13779
-1.19594
-1.26204
-1.33387
-1.40918
-1.48668
-1.56609
-1.64762
-1.73168
-1.81856
-1.90808
-1.99921
-2.08999
-2.17725
-2.25738
-2.32686
-2.38336
-2.42611
-2.45545
-2.47235
-2.47789
-2.47301
-2.4584
-2.43446
-2.40137
-2.35917
-2.30786
-2.24786
-2.1799
-2.10542
-2.02666
-1.94582
-1.86474
-1.78437
-1.7047
-1.62508
-1.5449
-1.46397
-1.38296
-1.30381
-1.2289
-1.16014
-1.09846
-1.04399
-0.996147
-0.954495
-0.918604
-0.888649
-0.864486
-0.846433
-0.834737
-0.829462
-0.830589
-0.838156
-0.852049
-0.872251
-0.898712
-0.931052
-0.968267
-1.00883
-1.05169
-1.09761
-1.14927
-1.20898
-1.27614
-1.34829
-1.42344
-1.5007
-1.57986
-1.66122
-1.7452
-1.83202
-1.92143
-2.01225
-2.10243
-2.18866
-2.26733