-1.3854
-1.36641
-1.34735
-1.32857
-1.31046
-1.29332
-1.27748
-1.26308
-1.25021
-1.2389
-1.22907
-1.22064
-1.21352
-1.20754
-1.20258
-1.19852
-1.19526
-1.19269
-1.1907
-1.18923
-1.1882
-1.18756
-1.18726
-1.18725
-1.1875
-1.18795
-1.18859
-1.1894
-1.19034
-1.19141
-1.19258
-1.19385
-1.19519
-1.1966
-1.19807
-1.19959
-1.20114
-1.20272
-1.20434
-1.20597
-1.20763
-1.2093
-1.21098
-1.21268
-1.21438
-1.21609
-1.2178
-1.21951
-1.22122
-1.22292
-1.22462
-1.22631
-1.22799
-1.22966
-1.23132
-1.23297
-1.23461
-1.23625
-1.23787
-1.23948
-1.24108
-1.24267
-1.24425
-1.24582
-1.24738
-1.24892
-1.25046
-1.25198
-1.25349
-1.25499
-1.25648
-1.25795
-1.25941
-1.26086
-1.26229
-1.26371
-1.26512
-1.26652
-1.2679
-1.26928
-1.27064
-1.27198
-1.27332
-1.27464
-1.27595
-1.27725
-1.27854
-1.27982
-1.28108
-1.28234
-1.28358
-1.28482
-1.28604
-1.28726
-1.28846
-1.28966
-1.29084
-1.29202
-1.29319
-1.29434