-1.3854
-1.30394
-1.22654
-1.15544
-1.09184
-1.03596
-0.987333
-0.94554
-0.910424
-0.881948
-0.860041
-0.845002
-0.836856
-0.835608
-0.841146
-0.853327
-0.872132
-0.897505
-0.929102
-0.96599
-1.00665
-1.04979
-1.09601
-1.1478
-1.20768
-1.27533
-1.34829
-1.42443
-1.50272
-1.58291
-1.66527
-1.75018
-1.83783
-1.92789
-2.01904
-2.10919
-2.1949
-2.27247
-2.33871
-2.39161
-2.43067
-2.45643
-2.46989
-2.47211
-2.46395
-2.44598
-2.41852
-2.38173
-2.33565
-2.28045
-2.21664
-2.14547
-2.06869
-1.98855
-1.90737
-1.82648
-1.74642
-1.66669
-1.58659
-1.50564
-1.42397
-1.34285
-1.2646
-1.19164
-1.12559
-1.06693
-1.01541
-0.970619
-0.931981
-0.899598
-0.873351
-0.853343
-0.839885
-0.833017
-0.83276
-0.839066
-0.851821
-0.871029
-0.896659
-0.928383
-0.965275
-1.00582
-1.04878
-1.09475
-1.14624
-1.20576
-1.27294
-1.3454
-1.42102
-1.49878
-1.57843
-1.66023
-1.74457
-1.83167
-1.92126
-2.01211
-2.1022
-2.18819
-2.26644
-2.33366