-1.3854
-1.34349
-1.30021
-1.25717
-1.21613
-1.1788
-1.14634
-1.11932
-1.09781
-1.08158
-1.07015
-1.06303
-1.05978
-1.05989
-1.06302
-1.06876
-1.07677
-1.08676
-1.09842
-1.11146
-1.12565
-1.14075
-1.15655
-1.17283
-1.1894
-1.20613
-1.22289
-1.23956
-1.25602
-1.27222
-1.28808
-1.30357
-1.31866
-1.33333
-1.34757
-1.36137
-1.37473
-1.38763
-1.40009
-1.41211
-1.42372
-1.43492
-1.44575
-1.45621
-1.46633
-1.4761
-1.48554
-1.49467
-1.5035
-1.51205
-1.52033
-1.52835
-1.53612
-1.54367
-1.55099
-1.55809
-1.56498
-1.57168
-1.57818
-1.5845
-1.59065
-1.59663
-1.60245
-1.60812
-1.61364
-1.61903
-1.62428
-1.62941
-1.63441
-1.6393
-1.64407
-1.64874
-1.65329
-1.65775
-1.6621
-1.66637
-1.67054
-1.67462
-1.67862
-1.68253
-1.68637
-1.69013
-1.69381
-1.69742
-1.70097
-1.70445
-1.70786
-1.71122
-1.71451
-1.71775
-1.72092
-1.72405
-1.72712
-1.73014
-1.73311
-1.73603
-1.7389
-1.74173
-1.74451
-1.74725