-1.3854
-1.30074
-1.21964
-1.14535
-1.07973
-1.02321
-0.975281
-0.935157
-0.902442
-0.876567
-0.857112
-0.843987
-0.836943
-0.835899
-0.840712
-0.85146
-0.868395
-0.891729
-0.921508
-0.957198
-0.997512
-1.04089
-1.08743
-1.13917
-1.19847
-1.26525
-1.33739
-1.41275
-1.48993
-1.56861
-1.64873
-1.73049
-1.81399
-1.89897
-1.98443
-2.06892
-2.14983
-2.22434
-2.28958
-2.34336
-2.38447
-2.4127
-2.42845
-2.43236
-2.42503
-2.40695
-2.37845
-2.33973
-2.29111
-2.23318
-2.16713
-2.09474
-2.01832
-1.94012
-1.86177
-1.78365
-1.70538
-1.62581
-1.54377
-1.45877
-1.37152
-1.28446
-1.20146
-1.12609
-1.06029
-1.00436
-0.957974
-0.920273
-0.890733
-0.868703
-0.85387
-0.845907
-0.844608
-0.849806
-0.861467
-0.879781
-0.904938
-0.936795
-0.974501
-1.01648
-1.0616
-1.11062
-1.16608
-1.22967
-1.30034
-1.37554
-1.45331
-1.53272
-1.61359
-1.69599
-1.78006
-1.86568
-1.95213
-2.03812
-2.12138
-2.19915
-2.2683
-2.32632
-2.37166
-2.40392