-1.3854
-1.3069
-1.22786
-1.15344
-1.0874
-1.03105
-0.983632
-0.943923
-0.910702
-0.883103
-0.860459
-0.842744
-0.830407
-0.824546
-0.827068
-0.840697
-0.868082
-0.909796
-0.962667
-1.02168
-1.08283
-1.14437
-1.20586
-1.26725
-1.32867
-1.39023
-1.45185
-1.51351
-1.57499
-1.63595
-1.69602
-1.75468
-1.81134
-1.86533
-1.91592
-1.96245
-2.00398
-2.03997
-2.06964
-2.0926
-2.10852
-2.11743
-2.11965
-2.11571
-2.10656
-2.09318
-2.07661
-2.05787
-2.03782
-2.0171
-1.99618
-1.97535
-1.95474
-1.93446
-1.91451
-1.89486
-1.87541
-1.85606
-1.83678
-1.81749
-1.79815
-1.77868
-1.75907
-1.73933
-1.71953
-1.69978
-1.68027
-1.66128
-1.64318
-1.62648
-1.6118
-1.59982
-1.59119
-1.58652
-1.58623
-1.59038
-1.59862
-1.61021
-1.62416
-1.63932
-1.65458
-1.669
-1.68192
-1.69296
-1.70197
-1.70899
-1.71412
-1.71755
-1.71949
-1.72014
-1.71973
-1.71843
-1.71642
-1.71385
-1.71088
-1.70761
-1.70418
-1.70068
-1.69721
-1.69385