-1.3854
-1.30306
-1.22497
-1.15321
-1.08891
-1.03227
-0.982852
-0.9402
-0.904215
-0.874824
-0.852003
-0.836126
-0.827221
-0.825324
-0.830264
-0.841844
-0.859933
-0.88433
-0.914603
-0.949879
-0.988738
-1.02966
-1.07249
-1.11927
-1.17302
-1.23461
-1.30229
-1.37354
-1.44691
-1.522
-1.59907
-1.67865
-1.76119
-1.84696
-1.93582
-2.02674
-2.11748
-2.20488
-2.28525
-2.35518
-2.41258
-2.45684
-2.48859
-2.50889
-2.51897
-2.5199
-2.51245
-2.49712
-2.47413
-2.4435
-2.40513
-2.35885
-2.30454
-2.24247
-2.17323
-2.09819
-2.0192
-1.93836
-1.85728
-1.77687
-1.69712
-1.61769
-1.53811
-1.45831
-1.37925
-1.30263
-1.2304
-1.16404
-1.1043
-1.05113
-1.00392
-0.962267
-0.925561
-0.893765
-0.866921
-0.845229
-0.829086
-0.818779
-0.814432
-0.816144
-0.823974
-0.837796
-0.857548
-0.883116
-0.914124
-0.949699
-0.988424
-1.02889
-1.0712
-1.11748
-1.17064
-1.23138
-1.2979
-1.36782
-1.4398
-1.51347
-1.58908
-1.66717
-1.74818
-1.83244