-1.3854
-1.30345
-1.22602
-1.15509
-1.09169
-1.03601
-0.987562
-0.945898
-0.910823
-0.882288
-0.860222
-0.845028
-0.836838
-0.835799
-0.841846
-0.854865
-0.874792
-0.90147
-0.934457
-0.97275
-1.01481
-1.05934
-1.10682
-1.15997
-1.22183
-1.29227
-1.36837
-1.44755
-1.52884
-1.6122
-1.69819
-1.78738
-1.88002
-1.97562
-2.07229
-2.16711
-2.2557
-2.33377
-2.39835
-2.44833
-2.48419
-2.50716
-2.5187
-2.52013
-2.51239
-2.49612
-2.47161
-2.43891
-2.39794
-2.34857
-2.2907
-2.22476
-2.15158
-2.07275
-1.99044
-1.90678
-1.82347
-1.74109
-1.65953
-1.57841
-1.49741
-1.41692
-1.33827
-1.26331
-1.19382
-1.13092
-1.07488
-1.02534
-0.981809
-0.943632
-0.910573
-0.882716
-0.860035
-0.842922
-0.831776
-0.826787
-0.828182
-0.836037
-0.850325
-0.871061
-0.898169
-0.931274
-0.969436
-1.01117
-1.05519
-1.10197
-1.15416
-1.21479
-1.28388
-1.35861
-1.43647
-1.51643
-1.59841
-1.68294
-1.77061
-1.86176
-1.95609
-2.05207
-2.14703
-2.23685