-1.3854
-1.31333
-1.24035
-1.17048
-1.10692
-1.05108
-1.00279
-0.961506
-0.926275
-0.896574
-0.872086
-0.853095
-0.840495
-0.836047
-0.842351
-0.862402
-0.898073
-0.947803
-1.00681
-1.06964
-1.13271
-1.1941
-1.25318
-1.30983
-1.36421
-1.41641
-1.4667
-1.51524
-1.56212
-1.6074
-1.65111
-1.69326
-1.73379
-1.77265
-1.80968
-1.84485
-1.87799
-1.90894
-1.93755
-1.96361
-1.98701
-2.00764
-2.02539
-2.04023
-2.05219
-2.06133
-2.06786
-2.07191
-2.07378
-2.07373
-2.072
-2.06893
-2.06474
-2.05965
-2.05388
-2.0476
-2.04093
-2.03397
-2.02681
-2.01952
-2.01214
-2.00469
-1.9972
-1.98966
-1.98209
-1.9745
-1.96687
-1.95921
-1.9515
-1.94372
-1.93587
-1.92793
-1.91988
-1.91171
-1.90341
-1.89495
-1.88633
-1.87752
-1.8685
-1.85927
-1.8498
-1.84008
-1.8301
-1.81984
-1.80931
-1.79848
-1.78737
-1.77597
-1.7643
-1.75239
-1.74029
-1.72806
-1.71578
-1.70357
-1.6916
-1.68004
-1.66911
-1.65907
-1.65021
-1.64283