-1.3854
-1.30327
-1.2251
-1.15334
-1.08931
-1.03329
-0.984806
-0.943389
-0.908852
-0.881052
-0.859851
-0.845457
-0.83783
-0.836942
-0.842689
-0.854965
-0.87381
-0.899232
-0.930939
-0.968022
-1.00895
-1.05249
-1.09929
-1.15187
-1.21259
-1.28092
-1.35439
-1.43093
-1.50956
-1.59007
-1.67266
-1.75767
-1.84521
-1.93484
-2.02513
-2.11395
-2.19787
-2.27324
-2.33703
-2.38736
-2.42381
-2.44685
-2.45745
-2.45654
-2.4449
-2.42303
-2.39121
-2.34956
-2.29825
-2.23781
-2.16919
-2.09403
-2.01478
-1.9337
-1.85262
-1.77218
-1.69219
-1.61175
-1.53017
-1.44723
-1.36381
-1.2822
-1.20527
-1.13527
-1.0732
-1.01906
-0.972472
-0.932869
-0.900245
-0.874339
-0.855166
-0.842853
-0.837367
-0.83857
-0.846457
-0.86094
-0.882005
-0.909599
-0.943259
-0.981839
-1.02378
-1.06832
-1.11678
-1.17209
-1.23569
-1.30621
-1.38106
-1.45844
-1.53779
-1.61904
-1.70251
-1.78848
-1.8769
-1.967
-2.05712
-2.14457
-2.22591
-2.29748
-2.35662
-2.402