-1.3854
-1.30318
-1.22491
-1.15315
-1.08924
-1.03348
-0.98534
-0.944285
-0.91005
-0.882452
-0.861267
-0.846664
-0.838583
-0.837028
-0.841866
-0.853066
-0.870735
-0.894948
-0.925523
-0.961723
-1.00213
-1.04529
-1.09154
-1.14313
-1.2026
-1.26983
-1.34255
-1.41859
-1.49671
-1.57666
-1.65853
-1.74264
-1.82914
-1.9177
-2.00708
-2.0954
-2.17944
-2.2557
-2.32101
-2.37327
-2.41177
-2.43675
-2.44903
-2.4495
-2.43893
-2.41782
-2.38649
-2.34509
-2.29386
-2.23336
-2.16464
-2.08946
-2.01027
-1.92939
-1.84858
-1.76837
-1.6885
-1.608
-1.52611
-1.44268
-1.35861
-1.27635
-1.19897
-1.12884
-1.06696
-1.0133
-0.967459
-0.928847
-0.897373
-0.872692
-0.8548
-0.843707
-0.839374
-0.841617
-0.850435
-0.865853
-0.887878
-0.91645
-0.951031
-0.990399
-1.03298
-1.07833
-1.12823
-1.18553
-1.25097
-1.32278
-1.39849
-1.47646
-1.5563
-1.63799
-1.72185
-1.80807
-1.89648
-1.98605
-2.07508
-2.16053
-2.23902
-2.30715
-2.36253
-2.40415