-1.3854
-1.29934
-1.21894
-1.14583
-1.08106
-1.02495
-0.977106
-0.936798
-0.903555
-0.876751
-0.856202
-0.842208
-0.835116
-0.835403
-0.843558
-0.859695
-0.883549
-0.914393
-0.951028
-0.991869
-1.03543
-1.08093
-1.12916
-1.18289
-1.2444
-1.31267
-1.38434
-1.45716
-1.53073
-1.60597
-1.68403
-1.76621
-1.85373
-1.94727
-2.04664
-2.14954
-2.25151
-2.34605
-2.42701
-2.49079
-2.53668
-2.5659
-2.58022
-2.58134
-2.57056
-2.54869
-2.51611
-2.47287
-2.4188
-2.35369
-2.27762
-2.19142
-2.09686
-1.99697
-1.89539
-1.79501
-1.69757
-1.60343
-1.51227
-1.42413
-1.33958
-1.25979
-1.1862
-1.12004
-1.06183
-1.01132
-0.968022
-0.931047
-0.900059
-0.874535
-0.854229
-0.839508
-0.83069
-0.828346
-0.832977
-0.845052
-0.86471
-0.891589
-0.924848
-0.963189
-1.00503
-1.04904
-1.09493
-1.14427
-1.20002
-1.2635
-1.33255
-1.40401
-1.47635
-1.5496
-1.62478
-1.70308
-1.78583
-1.87416
-1.96855
-2.06855
-2.17136
-2.27201
-2.36396
-2.44152