-7.0809
-6.73683
-6.28361
-5.8199
-5.39788
-5.02116
-4.69854
-4.43617
-4.23306
-4.08054
-3.96627
-3.87931
-3.81085
-3.75542
-3.70942
-3.67017
-3.63577
-3.60503
-3.57711
-3.55137
-3.52733
-3.5046
-3.48288
-3.46189
-3.44136
-3.42102
-3.40066
-3.38008
-3.35912
-3.33762
-3.31543
-3.29244
-3.26852
-3.24356
-3.21723
-3.18921
-3.15917
-3.12685
-3.09205
-3.05474
-3.01497
-2.9725
-2.92718
-2.87912
-2.82882
-2.77701
-2.72429
-2.67135
-2.61892
-2.56787
-2.51894
-2.47256
-2.42882
-2.38776
-2.34957
-2.31421
-2.28153
-2.25126
-2.22312
-2.19692
-2.17255
-2.14987
-2.12874
-2.10903
-2.09058
-2.0733
-2.05704
-2.04172
-2.02724
-2.01353
-2.00052
-1.98816
-1.97641
-1.96521
-1.95453
-1.94433
-1.93458
-1.92525
-1.91631
-1.90773
-1.8995
-1.89158
-1.88397
-1.87664
-1.86958
-1.86277
-1.8562
-1.84986
-1.84372
-1.83779
-1.83205
-1.82649
-1.82109
-1.81586
-1.81078
-1.80584
-1.80104
-1.79637
-1.79182
-1.78739