-7.0809
-6.78483
-6.40069
-5.9914
-5.60677
-5.25119
-4.92798
-4.6423
-4.39761
-4.19447
-4.03002
-3.89856
-3.79356
-3.70886
-3.63957
-3.58175
-3.53289
-3.49098
-3.45447
-3.42222
-3.39344
-3.36751
-3.34396
-3.32242
-3.30258
-3.28419
-3.26707
-3.25102
-3.23589
-3.22156
-3.20791
-3.19486
-3.18234
-3.1703
-3.15867
-3.14741
-3.13649
-3.12587
-3.11553
-3.10545
-3.0956
-3.08596
-3.07653
-3.06728
-3.0582
-3.04926
-3.04044
-3.03171
-3.02305
-3.01446
-3.0059
-2.99738
-2.98887
-2.98036
-2.97185
-2.96333
-2.95478
-2.9462
-2.93759
-2.92893
-2.92024
-2.91149
-2.9027
-2.89387
-2.88499
-2.87606
-2.8671
-2.8581
-2.84905
-2.83995
-2.83079
-2.82155
-2.81223
-2.80283
-2.79333
-2.78373
-2.77403
-2.76422
-2.7543
-2.74428
-2.73414
-2.72389
-2.71354
-2.70309
-2.69254
-2.68191
-2.67119
-2.66042
-2.64959
-2.63871
-2.62778
-2.61681
-2.60581
-2.59476
-2.58368
-2.57258
-2.56145
-2.55031
-2.53916
-2.528