-7.0809
-6.93485
-6.76484
-6.57708
-6.38375
-6.19649
-6.02151
-5.86047
-5.71318
-5.57894
-5.45699
-5.34648
-5.24654
-5.1562
-5.07453
-5.00055
-4.93344
-4.87238
-4.81664
-4.76563
-4.7188
-4.67565
-4.63576
-4.59878
-4.5644
-4.53236
-4.50241
-4.47433
-4.44793
-4.42308
-4.39962
-4.37743
-4.35641
-4.33646
-4.31748
-4.29941
-4.28218
-4.26571
-4.24996
-4.23486
-4.22038
-4.20647
-4.1931
-4.18022
-4.16781
-4.15585
-4.1443
-4.13314
-4.12235
-4.11192
-4.10181
-4.09202
-4.08253
-4.07332
-4.06438
-4.05569
-4.04724
-4.03902
-4.03101
-4.02321
-4.01561
-4.00819
-4.00096
-3.99389
-3.98699
-3.98025
-3.97366
-3.96722
-3.96091
-3.95474
-3.94871
-3.9428
-3.93701
-3.93133
-3.92577
-3.92033
-3.91498
-3.90975
-3.90461
-3.89957
-3.89462
-3.88977
-3.885
-3.88032
-3.87572
-3.87121
-3.86676
-3.8624
-3.8581
-3.85388
-3.84972
-3.84562
-3.84159
-3.83763
-3.83372
-3.82987
-3.82607
-3.82233
-3.81864
-3.81501