-7.0809
-7.02764
-6.97196
-6.9144
-6.85567
-6.79641
-6.7373
-6.67906
-6.62247
-6.56803
-6.51598
-6.46651
-6.41988
-6.37608
-6.33496
-6.29631
-6.26005
-6.22606
-6.19419
-6.16425
-6.13608
-6.10948
-6.08435
-6.06058
-6.03807
-6.01671
-5.99643
-5.97714
-5.95876
-5.94122
-5.92445
-5.90839
-5.89301
-5.87824
-5.86405
-5.85041
-5.83727
-5.82461
-5.8124
-5.80061
-5.78922
-5.77821
-5.76756
-5.75724
-5.74724
-5.73755
-5.72815
-5.71902
-5.71014
-5.70151
-5.69312
-5.68494
-5.67698
-5.66922
-5.66165
-5.65426
-5.64704
-5.64
-5.63312
-5.62639
-5.61981
-5.61337
-5.60707
-5.6009
-5.59486
-5.58894
-5.58315
-5.57747
-5.5719
-5.56644
-5.56108
-5.55582
-5.55067
-5.54561
-5.54064
-5.53576
-5.53097
-5.52627
-5.52164
-5.5171
-5.51263
-5.50824
-5.50392
-5.49967
-5.49548
-5.49136
-5.4873
-5.48331
-5.47937
-5.47549
-5.47167
-5.4679
-5.46418
-5.46052
-5.4569
-5.45334
-5.44982
-5.44635
-5.44292
-5.43954