-7.0809
-6.74126
-6.29432
-5.83514
-5.41615
-5.04079
-4.71748
-4.45272
-4.24643
-4.09086
-3.97414
-3.88523
-3.81526
-3.75855
-3.71145
-3.67122
-3.63592
-3.60431
-3.57553
-3.54893
-3.52401
-3.50038
-3.47771
-3.45573
-3.43411
-3.4126
-3.39096
-3.369
-3.34652
-3.32336
-3.29939
-3.27447
-3.24849
-3.22115
-3.1921
-3.16099
-3.12754
-3.09155
-3.05297
-3.01188
-2.96803
-2.92129
-2.87183
-2.82022
-2.76719
-2.71338
-2.65951
-2.60634
-2.55477
-2.5055
-2.45885
-2.41488
-2.3737
-2.33546
-2.30007
-2.26733
-2.23694
-2.20865
-2.18232
-2.15782
-2.135
-2.11373
-2.09384
-2.07521
-2.05771
-2.04122
-2.02564
-2.0109
-1.99691
-1.98364
-1.97101
-1.95898
-1.94751
-1.93656
-1.92609
-1.91607
-1.90647
-1.89726
-1.88842
-1.87992
-1.87174
-1.86386
-1.85627
-1.84895
-1.84188
-1.83505
-1.82844
-1.82204
-1.81584
-1.80983
-1.80399
-1.79833
-1.79282
-1.78746
-1.78225
-1.77717
-1.77222
-1.7674
-1.76269
-1.7581