-7.0809
-6.80961
-6.46191
-6.08516
-5.72595
-5.39122
-5.08182
-4.80112
-4.55158
-4.33387
-4.14683
-3.98779
-3.85309
-3.73878
-3.64129
-3.55731
-3.48436
-3.4203
-3.36346
-3.31262
-3.26675
-3.22506
-3.18687
-3.15167
-3.11906
-3.0887
-3.06033
-3.0337
-3.00862
-2.98488
-2.96236
-2.94093
-2.92048
-2.90094
-2.88223
-2.8643
-2.84708
-2.83052
-2.81456
-2.79916
-2.78426
-2.76984
-2.75585
-2.74228
-2.7291
-2.71629
-2.70382
-2.69169
-2.67988
-2.66837
-2.65716
-2.64623
-2.63557
-2.62516
-2.61499
-2.60504
-2.59531
-2.58579
-2.57646
-2.56733
-2.55837
-2.54959
-2.54097
-2.53252
-2.52422
-2.51607
-2.50807
-2.50021
-2.49249
-2.4849
-2.47745
-2.47012
-2.46292
-2.45584
-2.44888
-2.44203
-2.4353
-2.42867
-2.42215
-2.41573
-2.40941
-2.40318
-2.39705
-2.39101
-2.38506
-2.37919
-2.37341
-2.3677
-2.36208
-2.35653
-2.35106
-2.34567
-2.34034
-2.33509
-2.3299
-2.32478
-2.31973
-2.31474
-2.30982
-2.30495