-7.0809
-6.77008
-6.36444
-5.9371
-5.5394
-5.17481
-4.84841
-4.56633
-4.33185
-4.14377
-3.99614
-3.88032
-3.78813
-3.71325
-3.65099
-3.5978
-3.55148
-3.51044
-3.47348
-3.43966
-3.40824
-3.37868
-3.35058
-3.32364
-3.29763
-3.27235
-3.24766
-3.22333
-3.19915
-3.17497
-3.15065
-3.12611
-3.10129
-3.07617
-3.05075
-3.02499
-2.99877
-2.97201
-2.94464
-2.91666
-2.8881
-2.85905
-2.82965
-2.79993
-2.76995
-2.73976
-2.70946
-2.67916
-2.64897
-2.61906
-2.58956
-2.56058
-2.53222
-2.50454
-2.47758
-2.45138
-2.42593
-2.40131
-2.37756
-2.35469
-2.3327
-2.31158
-2.29129
-2.2718
-2.25306
-2.23502
-2.21765
-2.20095
-2.18488
-2.16944
-2.15459
-2.14031
-2.12657
-2.11335
-2.10061
-2.08833
-2.07649
-2.06506
-2.05401
-2.04331
-2.03296
-2.02293
-2.01321
-2.00378
-1.99464
-1.98576
-1.97714
-1.96876
-1.96062
-1.95271
-1.94501
-1.93752
-1.93022
-1.92312
-1.91619
-1.90945
-1.90287
-1.89645
-1.89018
-1.88406