-7.0809
-6.79131
-6.41668
-6.01563
-5.63722
-5.28642
-4.96576
-4.67994
-4.43222
-4.22337
-4.05136
-3.91165
-3.79867
-3.70668
-3.63097
-3.56764
-3.51405
-3.46805
-3.42794
-3.39258
-3.3611
-3.33282
-3.30722
-3.28387
-3.26242
-3.24259
-3.22414
-3.20687
-3.19062
-3.17528
-3.16074
-3.1469
-3.13371
-3.12108
-3.10898
-3.09735
-3.08616
-3.07537
-3.06494
-3.05486
-3.04506
-3.03553
-3.02623
-3.01713
-3.00822
-2.99948
-2.99088
-2.98241
-2.97407
-2.96583
-2.95768
-2.94963
-2.94165
-2.93375
-2.92591
-2.91814
-2.91042
-2.90276
-2.89515
-2.88759
-2.88008
-2.87262
-2.86522
-2.85785
-2.85053
-2.84323
-2.83596
-2.8287
-2.82145
-2.81421
-2.80696
-2.7997
-2.79243
-2.78515
-2.77785
-2.77052
-2.76317
-2.75579
-2.74839
-2.74095
-2.73348
-2.72598
-2.71845
-2.71089
-2.7033
-2.69568
-2.68804
-2.68038
-2.6727
-2.665
-2.6573
-2.64959
-2.64187
-2.63414
-2.6264
-2.61864
-2.61088
-2.6031
-2.5953
-2.5875