-7.0809
-6.79849
-6.43442
-6.04273
-5.67158
-5.32664
-5.00967
-4.72484
-4.47508
-4.26118
-4.08162
-3.93284
-3.81019
-3.70861
-3.62383
-3.55211
-3.49081
-3.43768
-3.39103
-3.34966
-3.31264
-3.27921
-3.24878
-3.22086
-3.19505
-3.17106
-3.14864
-3.1276
-3.10777
-3.08902
-3.07125
-3.05434
-3.03821
-3.02275
-3.0079
-2.99358
-2.97974
-2.96634
-2.95334
-2.94071
-2.92841
-2.91643
-2.90474
-2.89333
-2.88219
-2.8713
-2.86065
-2.85022
-2.84001
-2.82998
-2.82012
-2.81041
-2.80085
-2.79142
-2.78211
-2.77292
-2.76383
-2.75484
-2.74594
-2.73713
-2.7284
-2.71976
-2.7112
-2.70271
-2.6943
-2.68597
-2.67772
-2.66954
-2.66144
-2.65342
-2.64547
-2.6376
-2.62979
-2.62205
-2.61437
-2.60675
-2.59918
-2.59167
-2.58421
-2.5768
-2.56944
-2.56212
-2.55486
-2.54764
-2.54046
-2.53333
-2.52624
-2.51919
-2.5122
-2.50524
-2.49833
-2.49146
-2.48464
-2.47787
-2.47115
-2.46447
-2.45784
-2.45126
-2.44473
-2.43826