-7.0809
-6.78573
-6.40293
-5.99478
-5.611
-5.25607
-4.93318
-4.64744
-4.40229
-4.19833
-4.03285
-3.90033
-3.79435
-3.7088
-3.63881
-3.58042
-3.53111
-3.48883
-3.45203
-3.41955
-3.3906
-3.36454
-3.3409
-3.31931
-3.29944
-3.28106
-3.26395
-3.24793
-3.23286
-3.21859
-3.20502
-3.19207
-3.17966
-3.16774
-3.15625
-3.14516
-3.13441
-3.12398
-3.11384
-3.10397
-3.09434
-3.08495
-3.07577
-3.06678
-3.05797
-3.04932
-3.04079
-3.03236
-3.02403
-3.01577
-3.00757
-2.99941
-2.99128
-2.98317
-2.97507
-2.96698
-2.95888
-2.95077
-2.94264
-2.93448
-2.9263
-2.91809
-2.90984
-2.90157
-2.89326
-2.88491
-2.87654
-2.86814
-2.85971
-2.85125
-2.84275
-2.8342
-2.82559
-2.81692
-2.80817
-2.79935
-2.79044
-2.78144
-2.77235
-2.76317
-2.75389
-2.7445
-2.73502
-2.72544
-2.71577
-2.706
-2.69614
-2.6862
-2.67619
-2.66611
-2.65598
-2.6458
-2.63557
-2.6253
-2.61498
-2.60463
-2.59424
-2.58382
-2.57337
-2.56289