-7.0809
-6.7491
-6.3133
-5.86236
-5.44888
-5.07616
-4.75183
-4.48273
-4.27019
-4.10831
-3.98639
-3.89326
-3.8201
-3.76083
-3.71166
-3.66971
-3.63293
-3.60003
-3.57008
-3.54241
-3.51651
-3.49194
-3.46838
-3.44551
-3.42299
-3.40056
-3.378
-3.3551
-3.3317
-3.30764
-3.28279
-3.25706
-3.23022
-3.20194
-3.17189
-3.1398
-3.10544
-3.06872
-3.02974
-2.98833
-2.94432
-2.89771
-2.84881
-2.79826
-2.74663
-2.69451
-2.64252
-2.5914
-2.54192
-2.4946
-2.4497
-2.40722
-2.36735
-2.33018
-2.29562
-2.26349
-2.23353
-2.20553
-2.17938
-2.15495
-2.13212
-2.11075
-2.09071
-2.07188
-2.05414
-2.03737
-2.02149
-2.00641
-1.99209
-1.97846
-1.96548
-1.95309
-1.94125
-1.92992
-1.91908
-1.90868
-1.8987
-1.88911
-1.87989
-1.87102
-1.86247
-1.85422
-1.84625
-1.83856
-1.83112
-1.82392
-1.81695
-1.81018
-1.80362
-1.79724
-1.79105
-1.78502
-1.77915
-1.77344
-1.76787
-1.76244
-1.75715
-1.75198
-1.74693
-1.742