-7.0809
-6.87846
-6.63065
-6.35549
-6.08132
-5.82334
-5.58388
-5.36288
-5.16076
-4.97768
-4.81317
-4.66615
-4.53516
-4.41859
-4.31479
-4.22217
-4.1393
-4.06491
-3.99783
-3.93713
-3.88199
-3.83165
-3.78553
-3.74313
-3.704
-3.66776
-3.63407
-3.60267
-3.57332
-3.54581
-3.51997
-3.49562
-3.47265
-3.45091
-3.43031
-3.41074
-3.39211
-3.37437
-3.35743
-3.34123
-3.32574
-3.31088
-3.29663
-3.28294
-3.26978
-3.25711
-3.24491
-3.23313
-3.22176
-3.21076
-3.20013
-3.18983
-3.17984
-3.17016
-3.16077
-3.15164
-3.14278
-3.13416
-3.12577
-3.11761
-3.10967
-3.10192
-3.09438
-3.08702
-3.07985
-3.07285
-3.06602
-3.05934
-3.05282
-3.04645
-3.04022
-3.03412
-3.02815
-3.0223
-3.01657
-3.01096
-3.00546
-3.00006
-2.99476
-2.98957
-2.98446
-2.97945
-2.97453
-2.96969
-2.96494
-2.96027
-2.95568
-2.95116
-2.94672
-2.94235
-2.93804
-2.93381
-2.92964
-2.92554
-2.9215
-2.91752
-2.9136
-2.90974
-2.90593
-2.90218