-7.0809
-6.74256
-6.29747
-5.83964
-5.42156
-5.04663
-4.72316
-4.4577
-4.25042
-4.09386
-3.97632
-3.88671
-3.81618
-3.759
-3.71148
-3.67088
-3.63522
-3.60328
-3.57416
-3.54723
-3.52198
-3.498
-3.47498
-3.45261
-3.43059
-3.40863
-3.38651
-3.36402
-3.34097
-3.31721
-3.29258
-3.26697
-3.24024
-3.21203
-3.18198
-3.14976
-3.11512
-3.07789
-3.03812
-2.99577
-2.95059
-2.90256
-2.85198
-2.79958
-2.746
-2.69194
-2.63811
-2.58534
-2.53449
-2.48611
-2.4404
-2.39738
-2.35724
-2.32003
-2.2856
-2.2537
-2.22404
-2.19641
-2.17071
-2.14678
-2.12447
-2.10365
-2.08417
-2.06589
-2.04869
-2.03246
-2.01711
-2.00257
-1.98876
-1.97565
-1.96316
-1.95126
-1.93991
-1.92906
-1.91868
-1.90874
-1.8992
-1.89005
-1.88126
-1.8728
-1.86466
-1.85682
-1.84925
-1.84195
-1.8349
-1.82807
-1.82147
-1.81507
-1.80887
-1.80285
-1.79701
-1.79132
-1.7858
-1.78042
-1.77518
-1.77008
-1.76511
-1.76026
-1.75553
-1.7509