-7.0809
-7.04869
-7.01583
-6.98244
-6.94868
-6.91474
-6.88079
-6.847
-6.8135
-6.78044
-6.74791
-6.71604
-6.68498
-6.65482
-6.62564
-6.59747
-6.57029
-6.54409
-6.51884
-6.49457
-6.47127
-6.44894
-6.42755
-6.40706
-6.38742
-6.36857
-6.35047
-6.33307
-6.31633
-6.30023
-6.28474
-6.26983
-6.25549
-6.24167
-6.22835
-6.21552
-6.20313
-6.19117
-6.17961
-6.16844
-6.15762
-6.14714
-6.13697
-6.12711
-6.11754
-6.10825
-6.09921
-6.09043
-6.08188
-6.07357
-6.06547
-6.05759
-6.0499
-6.04241
-6.0351
-6.02797
-6.02101
-6.01421
-6.00757
-6.00109
-5.99475
-5.98854
-5.98248
-5.97654
-5.97074
-5.96505
-5.95948
-5.95402
-5.94867
-5.94343
-5.93829
-5.93325
-5.9283
-5.92345
-5.91868
-5.91399
-5.90939
-5.90487
-5.90043
-5.89606
-5.89176
-5.88753
-5.88337
-5.87927
-5.87524
-5.87127
-5.86737
-5.86351
-5.85972
-5.85598
-5.8523
-5.84867
-5.84508
-5.84155
-5.83807
-5.83464
-5.83125
-5.8279
-5.8246
-5.82134