-7.0809
-6.75569
-6.32932
-5.88553
-5.47683
-5.10649
-4.78142
-4.50852
-4.29022
-4.12229
-3.99531
-3.89832
-3.82253
-3.76149
-3.71122
-3.66869
-3.63172
-3.59896
-3.56946
-3.5425
-3.51754
-3.49416
-3.47201
-3.45079
-3.4302
-3.41
-3.39
-3.37004
-3.34997
-3.32966
-3.30902
-3.28794
-3.26635
-3.24413
-3.22107
-3.19692
-3.17147
-3.14454
-3.11596
-3.08565
-3.05361
-3.01984
-2.98414
-2.94636
-2.90649
-2.86468
-2.82134
-2.77684
-2.73152
-2.68579
-2.6401
-2.59498
-2.551
-2.50854
-2.46783
-2.42895
-2.39197
-2.35705
-2.32422
-2.29342
-2.26451
-2.23731
-2.21168
-2.18754
-2.16482
-2.14342
-2.12326
-2.10424
-2.08627
-2.06925
-2.0531
-2.03774
-2.02311
-2.00915
-1.99582
-1.98307
-1.97087
-1.95917
-1.94796
-1.93719
-1.92684
-1.91688
-1.90729
-1.89805
-1.88914
-1.88053
-1.87222
-1.86418
-1.85641
-1.84888
-1.84158
-1.8345
-1.82764
-1.82097
-1.81448
-1.80818
-1.80204
-1.79606
-1.79023
-1.78455