-7.0809
-6.75438
-6.32613
-5.88089
-5.47124
-5.10042
-4.7755
-4.50338
-4.28631
-4.11972
-3.99392
-3.89785
-3.82272
-3.76215
-3.71221
-3.66989
-3.63305
-3.60034
-3.57083
-3.54381
-3.51873
-3.49519
-3.47283
-3.45136
-3.43047
-3.40993
-3.38952
-3.36909
-3.34847
-3.32755
-3.3062
-3.28433
-3.26186
-3.23864
-3.21441
-3.18894
-3.16199
-3.13337
-3.10292
-3.07059
-3.03643
-3.00032
-2.96206
-2.92156
-2.87894
-2.83453
-2.78882
-2.74217
-2.69501
-2.64783
-2.60119
-2.5557
-2.51181
-2.4698
-2.42974
-2.39171
-2.35586
-2.32224
-2.29077
-2.26128
-2.2336
-2.20755
-2.18307
-2.16006
-2.13844
-2.11809
-2.09891
-2.08082
-2.0637
-2.04746
-2.03204
-2.01735
-2.00335
-1.98999
-1.97722
-1.965
-1.95331
-1.94209
-1.93133
-1.92099
-1.91105
-1.90148
-1.89227
-1.88338
-1.8748
-1.86652
-1.85852
-1.85077
-1.84328
-1.83601
-1.82897
-1.82214
-1.8155
-1.80905
-1.80277
-1.79667
-1.79072
-1.78493
-1.77928
-1.77376