-7.0809
-6.83197
-6.51708
-6.17184
-5.83869
-5.5273
-5.23796
-4.97254
-4.73282
-4.51927
-4.33108
-4.16645
-4.02293
-3.8978
-3.78844
-3.69243
-3.60765
-3.53231
-3.46496
-3.40435
-3.34949
-3.29957
-3.25391
-3.21194
-3.17319
-3.13727
-3.10386
-3.07268
-3.04348
-3.01607
-2.99026
-2.96589
-2.94283
-2.92097
-2.9002
-2.88044
-2.8616
-2.84363
-2.82644
-2.80998
-2.7942
-2.77904
-2.76446
-2.75043
-2.73691
-2.72387
-2.71128
-2.69911
-2.68735
-2.67597
-2.66495
-2.65427
-2.64392
-2.63387
-2.62411
-2.61463
-2.60541
-2.59644
-2.5877
-2.57918
-2.57088
-2.56278
-2.55488
-2.54717
-2.53963
-2.53227
-2.52507
-2.51803
-2.51115
-2.50441
-2.49782
-2.49136
-2.48504
-2.47884
-2.47277
-2.46682
-2.46099
-2.45528
-2.44967
-2.44417
-2.43876
-2.43346
-2.42826
-2.42314
-2.41811
-2.41317
-2.40831
-2.40353
-2.39883
-2.39421
-2.38965
-2.38517
-2.38076
-2.37641
-2.37213
-2.36791
-2.36375
-2.35965
-2.35561
-2.35163