-7.0809
-6.77466
-6.37569
-5.95386
-5.56004
-5.19793
-4.87204
-4.58823
-4.34991
-4.15659
-4.00337
-3.88252
-3.78626
-3.7083
-3.64381
-3.58912
-3.54196
-3.50061
-3.46376
-3.43041
-3.39981
-3.37143
-3.34485
-3.31976
-3.29591
-3.2731
-3.25117
-3.22991
-3.20914
-3.18874
-3.16858
-3.14858
-3.12868
-3.10883
-3.08899
-3.06915
-3.0493
-3.02937
-3.00928
-2.98897
-2.96838
-2.94748
-2.92625
-2.9047
-2.88284
-2.86073
-2.83842
-2.8159
-2.79318
-2.77025
-2.74715
-2.7239
-2.70054
-2.67713
-2.65374
-2.63045
-2.60731
-2.58439
-2.56173
-2.53937
-2.51736
-2.49572
-2.47448
-2.45365
-2.43325
-2.41332
-2.39389
-2.37497
-2.35659
-2.33875
-2.32143
-2.30463
-2.28834
-2.27254
-2.25721
-2.24232
-2.22786
-2.21383
-2.20022
-2.18702
-2.17423
-2.16183
-2.1498
-2.13815
-2.12685
-2.11589
-2.10525
-2.09492
-2.0849
-2.07515
-2.06568
-2.05646
-2.04749
-2.03875
-2.03022
-2.02192
-2.01382
-2.00592
-1.99821
-1.99069