-7.0809
-6.76729
-6.35763
-5.92699
-5.52703
-5.16115
-4.83474
-4.55415
-4.32259
-4.13838
-3.99486
-3.88288
-3.794
-3.72187
-3.66194
-3.61069
-3.56596
-3.52623
-3.49036
-3.45747
-3.42685
-3.39794
-3.37034
-3.34372
-3.31785
-3.29255
-3.26767
-3.24307
-3.21853
-3.19383
-3.16883
-3.1434
-3.11743
-3.0909
-3.0638
-3.03615
-3.00783
-2.97873
-2.94878
-2.91795
-2.88631
-2.85397
-2.82113
-2.78786
-2.75425
-2.72043
-2.68654
-2.65275
-2.61928
-2.58632
-2.55404
-2.52257
-2.492
-2.46238
-2.43371
-2.40606
-2.37949
-2.35402
-2.32967
-2.3064
-2.28417
-2.26291
-2.24256
-2.22306
-2.20439
-2.18651
-2.16941
-2.15304
-2.13736
-2.12235
-2.10796
-2.09416
-2.0809
-2.06816
-2.0559
-2.04408
-2.03268
-2.02167
-2.01104
-2.00076
-1.99082
-1.9812
-1.97188
-1.96286
-1.95411
-1.94563
-1.9374
-1.92941
-1.92165
-1.9141
-1.90676
-1.89963
-1.89268
-1.88592
-1.87933
-1.87291
-1.86665
-1.86054
-1.85458
-1.84876