-7.0809
-6.78664
-6.40516
-5.99816
-5.61524
-5.26095
-4.93839
-4.6526
-4.40699
-4.20221
-4.03568
-3.90206
-3.79505
-3.70859
-3.63782
-3.5788
-3.52896
-3.48625
-3.44909
-3.41631
-3.38711
-3.36086
-3.33706
-3.31534
-3.29539
-3.27693
-3.25977
-3.24372
-3.22862
-3.21434
-3.20078
-3.18785
-3.17548
-3.16361
-3.15219
-3.14117
-3.13051
-3.12018
-3.11016
-3.10042
-3.09094
-3.0817
-3.07268
-3.06387
-3.05525
-3.04678
-3.03844
-3.03023
-3.0221
-3.01407
-3.0061
-2.99818
-2.99031
-2.98247
-2.97465
-2.96686
-2.95906
-2.95127
-2.94348
-2.93568
-2.92786
-2.92003
-2.91218
-2.9043
-2.89641
-2.8885
-2.88057
-2.87262
-2.86466
-2.85668
-2.84867
-2.84064
-2.83256
-2.82443
-2.81625
-2.808
-2.7997
-2.79131
-2.78286
-2.77432
-2.7657
-2.75699
-2.7482
-2.73931
-2.73034
-2.72128
-2.71214
-2.70292
-2.69362
-2.68424
-2.6748
-2.66531
-2.65577
-2.64618
-2.63655
-2.62688
-2.61717
-2.60742
-2.59763
-2.58781