-7.0809
-6.88773
-6.65302
-6.39216
-6.13072
-5.88389
-5.6549
-5.44364
-5.25024
-5.07472
-4.91664
-4.77503
-4.64857
-4.53573
-4.43501
-4.34493
-4.26418
-4.19151
-4.12591
-4.06645
-4.01233
-3.96288
-3.91754
-3.87581
-3.83725
-3.80151
-3.76827
-3.73728
-3.7083
-3.68112
-3.65557
-3.6315
-3.60876
-3.58723
-3.56682
-3.54743
-3.52898
-3.5114
-3.49462
-3.47858
-3.46322
-3.44851
-3.43439
-3.42082
-3.40776
-3.39518
-3.38305
-3.37135
-3.36004
-3.34911
-3.33854
-3.3283
-3.31837
-3.30875
-3.29942
-3.29036
-3.28157
-3.27302
-3.26471
-3.25662
-3.24875
-3.24108
-3.2336
-3.22631
-3.21919
-3.21224
-3.20545
-3.19881
-3.19233
-3.18598
-3.17977
-3.17369
-3.16773
-3.1619
-3.15619
-3.15058
-3.14509
-3.1397
-3.13442
-3.12923
-3.12414
-3.11914
-3.11423
-3.10941
-3.10468
-3.10002
-3.09545
-3.09096
-3.08654
-3.08219
-3.07792
-3.07372
-3.06959
-3.06553
-3.06152
-3.05759
-3.05371
-3.04989
-3.04613
-3.04242