-7.0809
-6.74191
-6.29589
-5.83738
-5.41884
-5.04369
-4.72031
-4.45521
-4.24843
-4.09238
-3.97527
-3.88603
-3.8158
-3.75887
-3.71158
-3.67118
-3.63572
-3.60396
-3.57503
-3.54828
-3.52322
-3.49943
-3.47661
-3.45446
-3.43266
-3.41096
-3.3891
-3.36691
-3.34418
-3.32076
-3.2965
-3.27127
-3.24497
-3.21725
-3.18776
-3.15617
-3.12219
-3.08565
-3.04654
-3.00489
-2.96044
-2.91312
-2.86314
-2.81116
-2.75786
-2.70391
-2.65003
-2.597
-2.54573
-2.49683
-2.45058
-2.40701
-2.36628
-2.32848
-2.29351
-2.26113
-2.23106
-2.20306
-2.177
-2.15274
-2.13015
-2.10907
-2.08935
-2.07087
-2.0535
-2.03712
-2.02163
-2.00697
-1.99306
-1.97985
-1.96728
-1.9553
-1.94388
-1.93297
-1.92253
-1.91254
-1.90296
-1.89377
-1.88494
-1.87646
-1.86829
-1.86042
-1.85284
-1.84552
-1.83845
-1.83162
-1.82501
-1.8186
-1.8124
-1.80638
-1.80053
-1.79485
-1.78933
-1.78396
-1.77873
-1.77364
-1.76867
-1.76383
-1.75911
-1.7545