-7.0809
-6.76596
-6.35437
-5.92218
-5.52117
-5.15472
-4.82838
-4.54861
-4.31857
-4.13635
-3.99496
-3.88497
-3.79787
-3.72727
-3.66868
-3.61863
-3.57496
-3.53617
-3.50114
-3.46904
-3.43919
-3.41101
-3.3841
-3.35812
-3.33284
-3.30807
-3.28365
-3.25947
-3.23537
-3.21113
-3.18655
-3.16149
-3.13583
-3.10948
-3.08243
-3.05467
-3.02621
-2.99691
-2.96665
-2.93538
-2.90312
-2.86997
-2.83611
-2.8017
-2.76684
-2.73167
-2.69634
-2.66105
-2.62601
-2.59148
-2.55766
-2.52471
-2.49274
-2.46179
-2.4319
-2.40312
-2.37552
-2.34913
-2.32396
-2.29996
-2.27708
-2.25525
-2.23437
-2.21442
-2.19535
-2.17713
-2.15974
-2.14312
-2.12724
-2.11205
-2.09751
-2.08357
-2.07021
-2.05737
-2.04502
-2.03312
-2.02166
-2.0106
-1.99992
-1.98961
-1.97965
-1.97002
-1.9607
-1.95167
-1.94293
-1.93446
-1.92624
-1.91826
-1.91052
-1.903
-1.89569
-1.88858
-1.88166
-1.87493
-1.86838
-1.86199
-1.85576
-1.84969
-1.84376
-1.83798