-7.0809
-6.90389
-6.69175
-6.45595
-6.21705
-5.99005
-5.77943
-5.58538
-5.40762
-5.24592
-5.09976
-4.96829
-4.8504
-4.74476
-4.65008
-4.56506
-4.48857
-4.41948
-4.3569
-4.30003
-4.24811
-4.20055
-4.15684
-4.11653
-4.07923
-4.04458
-4.01231
-3.98218
-3.95396
-3.92746
-3.90254
-3.87903
-3.8568
-3.83575
-3.81577
-3.79677
-3.77868
-3.76142
-3.74494
-3.72917
-3.71407
-3.69959
-3.68569
-3.67234
-3.65949
-3.64711
-3.63517
-3.62365
-3.61251
-3.60174
-3.59132
-3.58122
-3.57143
-3.56193
-3.55272
-3.54376
-3.53506
-3.5266
-3.51836
-3.51035
-3.50254
-3.49494
-3.48753
-3.48031
-3.47326
-3.46639
-3.45967
-3.45311
-3.4467
-3.44043
-3.43429
-3.42828
-3.4224
-3.41664
-3.41099
-3.40546
-3.40003
-3.3947
-3.38948
-3.38435
-3.37931
-3.37437
-3.36951
-3.36473
-3.36004
-3.35543
-3.35089
-3.34643
-3.34204
-3.33773
-3.33348
-3.3293
-3.32518
-3.32113
-3.31714
-3.31321
-3.30934
-3.30553
-3.30177
-3.29807