-7.0809
-6.99883
-6.9099
-6.81576
-6.71833
-6.62023
-6.52425
-6.43222
-6.34583
-6.26552
-6.19142
-6.1234
-6.06086
-6.00337
-5.9505
-5.90171
-5.85656
-5.81471
-5.77581
-5.73957
-5.7057
-5.67398
-5.6442
-5.6162
-5.5898
-5.56488
-5.54129
-5.51894
-5.49771
-5.47752
-5.45828
-5.43993
-5.4224
-5.40563
-5.38956
-5.37416
-5.35938
-5.34518
-5.33151
-5.31835
-5.30567
-5.29344
-5.28163
-5.27021
-5.25916
-5.24846
-5.2381
-5.22805
-5.2183
-5.20883
-5.19964
-5.1907
-5.18201
-5.17355
-5.16532
-5.1573
-5.14948
-5.14186
-5.13444
-5.12719
-5.12012
-5.11321
-5.10647
-5.09987
-5.09343
-5.08712
-5.08095
-5.07491
-5.06899
-5.06319
-5.05751
-5.05194
-5.04647
-5.04111
-5.03585
-5.03068
-5.02561
-5.02063
-5.01573
-5.01092
-5.0062
-5.00155
-4.99698
-4.99248
-4.98806
-4.98371
-4.97942
-4.97521
-4.97106
-4.96697
-4.96295
-4.95899
-4.95508
-4.95124
-4.94745
-4.94371
-4.94003
-4.93641
-4.93283
-4.92931