-7.0809
-6.74975
-6.31489
-5.86464
-5.45163
-5.07914
-4.75473
-4.48525
-4.27216
-4.10973
-3.98735
-3.89387
-3.82048
-3.76105
-3.71178
-3.66978
-3.63298
-3.60008
-3.57016
-3.54255
-3.51672
-3.49225
-3.4688
-3.44606
-3.4237
-3.40145
-3.37911
-3.35646
-3.33334
-3.30959
-3.28511
-3.25977
-3.23339
-3.20565
-3.17622
-3.14482
-3.11124
-3.07535
-3.03722
-2.99677
-2.95378
-2.90821
-2.86029
-2.81058
-2.75968
-2.70812
-2.65651
-2.60553
-2.55595
-2.50838
-2.46312
-2.42023
-2.37983
-2.34207
-2.30692
-2.27423
-2.24376
-2.21527
-2.18864
-2.16375
-2.14048
-2.1187
-2.09828
-2.0791
-2.06104
-2.04398
-2.02783
-2.0125
-1.99794
-1.98409
-1.97089
-1.9583
-1.94628
-1.93478
-1.92376
-1.91321
-1.90308
-1.89335
-1.88399
-1.87499
-1.86631
-1.85794
-1.84987
-1.84207
-1.83453
-1.82723
-1.82016
-1.81331
-1.80666
-1.80021
-1.79393
-1.78783
-1.78189
-1.77611
-1.77047
-1.76498
-1.75963
-1.7544
-1.74929
-1.74431