-7.0809
-6.7953
-6.42655
-6.03068
-5.65627
-5.30866
-4.98994
-4.70453
-4.45548
-4.24361
-4.06722
-3.92234
-3.80395
-3.70666
-3.62599
-3.55813
-3.5004
-3.4506
-3.40702
-3.36848
-3.33408
-3.30311
-3.27499
-3.24926
-3.22554
-3.20354
-3.183
-3.16375
-3.14561
-3.12847
-3.11221
-3.09675
-3.082
-3.06791
-3.05441
-3.04142
-3.0289
-3.01679
-3.00505
-2.99363
-2.98251
-2.97166
-2.96105
-2.95067
-2.9405
-2.93052
-2.92072
-2.9111
-2.90163
-2.89231
-2.88315
-2.87412
-2.86524
-2.85648
-2.84785
-2.83932
-2.83089
-2.82254
-2.81426
-2.80606
-2.79791
-2.78981
-2.78176
-2.77376
-2.76579
-2.75786
-2.74995
-2.74208
-2.73423
-2.7264
-2.7186
-2.71082
-2.70307
-2.69534
-2.68763
-2.67995
-2.6723
-2.66469
-2.65711
-2.64956
-2.64204
-2.63456
-2.6271
-2.61966
-2.61225
-2.60487
-2.5975
-2.59015
-2.58282
-2.57552
-2.56823
-2.56095
-2.5537
-2.54647
-2.53925
-2.53205
-2.52487
-2.51772
-2.51058
-2.50347