-7.0809
-6.75107
-6.31807
-5.86924
-5.45717
-5.08514
-4.76057
-4.49034
-4.27614
-4.11258
-3.98929
-3.89513
-3.8213
-3.76158
-3.71215
-3.67008
-3.63328
-3.60045
-3.57066
-3.54322
-3.5176
-3.49339
-3.47025
-3.44786
-3.42592
-3.40415
-3.38235
-3.36032
-3.3379
-3.31495
-3.29134
-3.26697
-3.24172
-3.21527
-3.18732
-3.15761
-3.1259
-3.09203
-3.05597
-3.01778
-2.97724
-2.93421
-2.88874
-2.84118
-2.79213
-2.74208
-2.69156
-2.64116
-2.59155
-2.54345
-2.49735
-2.45348
-2.41188
-2.3727
-2.33606
-2.30191
-2.27008
-2.24036
-2.21252
-2.18646
-2.16207
-2.13924
-2.11784
-2.09776
-2.07886
-2.06104
-2.0442
-2.02823
-2.01307
-1.99865
-1.98492
-1.97183
-1.95934
-1.94739
-1.93596
-1.92501
-1.9145
-1.90442
-1.89472
-1.8854
-1.87642
-1.86777
-1.85942
-1.85135
-1.84356
-1.83603
-1.82874
-1.82167
-1.81482
-1.80817
-1.8017
-1.79542
-1.78932
-1.78337
-1.77758
-1.77193
-1.76643
-1.76106
-1.75582
-1.75071