-7.0809
-7.04452
-7.00723
-6.96922
-6.93072
-6.89199
-6.85327
-6.81477
-6.7767
-6.73923
-6.70256
-6.6669
-6.6324
-6.59914
-6.56714
-6.53637
-6.50683
-6.47857
-6.45159
-6.42586
-6.40133
-6.37793
-6.3556
-6.33423
-6.31379
-6.29424
-6.27553
-6.25763
-6.24049
-6.22407
-6.20833
-6.19322
-6.17871
-6.16475
-6.15132
-6.13837
-6.12587
-6.1138
-6.10215
-6.09087
-6.07997
-6.06941
-6.05918
-6.04927
-6.03966
-6.03033
-6.02127
-6.01247
-6.00392
-5.9956
-5.98751
-5.97963
-5.97195
-5.96448
-5.95719
-5.95008
-5.94314
-5.93637
-5.92976
-5.92329
-5.91698
-5.9108
-5.90475
-5.89883
-5.89304
-5.88736
-5.88179
-5.87634
-5.87099
-5.86574
-5.86059
-5.85554
-5.85058
-5.84571
-5.84092
-5.83622
-5.8316
-5.82705
-5.82259
-5.81819
-5.81387
-5.80962
-5.80544
-5.80132
-5.79727
-5.79328
-5.78935
-5.78548
-5.78167
-5.77791
-5.77421
-5.77057
-5.76697
-5.76343
-5.75994
-5.7565
-5.75311
-5.74976
-5.74647
-5.74321