-7.0809
-7.00691
-6.92753
-6.84407
-6.75799
-6.67109
-6.58554
-6.50298
-6.42451
-6.35111
-6.28282
-6.21961
-6.16136
-6.10763
-6.05795
-6.01201
-5.96947
-5.92996
-5.89314
-5.85877
-5.8266
-5.79644
-5.76809
-5.7414
-5.71619
-5.69235
-5.66976
-5.64831
-5.62791
-5.60849
-5.58997
-5.57228
-5.55536
-5.53917
-5.52364
-5.50874
-5.49442
-5.48064
-5.46737
-5.45458
-5.44223
-5.43031
-5.41879
-5.40764
-5.39685
-5.38639
-5.37626
-5.36643
-5.35688
-5.34762
-5.33861
-5.32986
-5.32135
-5.31306
-5.30499
-5.29713
-5.28947
-5.28199
-5.27469
-5.26756
-5.2606
-5.2538
-5.24714
-5.24063
-5.23426
-5.22803
-5.22192
-5.21594
-5.21008
-5.20434
-5.19871
-5.19319
-5.18777
-5.18245
-5.17723
-5.17211
-5.16708
-5.16214
-5.15729
-5.15252
-5.14783
-5.14323
-5.1387
-5.13425
-5.12987
-5.12557
-5.12134
-5.11717
-5.11307
-5.10904
-5.10506
-5.10115
-5.09729
-5.0935
-5.08975
-5.08606
-5.08242
-5.07884
-5.0753
-5.07181