-7.0809
-6.82791
-6.50709
-6.15599
-5.81797
-5.50214
-5.20884
-4.94015
-4.69798
-4.48282
-4.2938
-4.12901
-3.98588
-3.86153
-3.75312
-3.65821
-3.57451
-3.50026
-3.43393
-3.37426
-3.32026
-3.27113
-3.22616
-3.18481
-3.14661
-3.11117
-3.07819
-3.04738
-3.01851
-2.99138
-2.9658
-2.94163
-2.91874
-2.89702
-2.87637
-2.85671
-2.83796
-2.82005
-2.8029
-2.78647
-2.77069
-2.75553
-2.74094
-2.72689
-2.71334
-2.70027
-2.68764
-2.67543
-2.66363
-2.6522
-2.64113
-2.6304
-2.61998
-2.60987
-2.60004
-2.59049
-2.58119
-2.57213
-2.56331
-2.55471
-2.54632
-2.53814
-2.53015
-2.52235
-2.51473
-2.50728
-2.5
-2.49288
-2.48591
-2.47909
-2.47242
-2.46588
-2.45949
-2.45322
-2.44708
-2.44106
-2.43516
-2.42937
-2.42368
-2.4181
-2.41263
-2.40725
-2.40196
-2.39677
-2.39166
-2.38664
-2.3817
-2.37684
-2.37206
-2.36735
-2.36272
-2.35816
-2.35366
-2.34924
-2.34488
-2.34058
-2.33635
-2.33217
-2.32806
-2.324