-7.0809
-6.75897
-6.33729
-5.89713
-5.49085
-5.12174
-4.79629
-4.52136
-4.29975
-4.12802
-3.99749
-3.89749
-3.81929
-3.75634
-3.70455
-3.66075
-3.62273
-3.5891
-3.55889
-3.53136
-3.50593
-3.48216
-3.4597
-3.43819
-3.41737
-3.397
-3.3769
-3.35692
-3.33694
-3.31683
-3.29651
-3.2759
-3.25492
-3.23341
-3.21116
-3.18799
-3.16373
-3.13822
-3.11136
-3.08309
-3.0534
-3.02231
-2.98961
-2.95518
-2.91896
-2.88104
-2.84167
-2.80118
-2.75981
-2.71783
-2.67557
-2.63341
-2.59179
-2.55113
-2.51175
-2.47382
-2.43742
-2.4026
-2.36951
-2.33821
-2.30867
-2.28081
-2.25451
-2.22963
-2.20607
-2.18378
-2.16271
-2.14277
-2.12391
-2.10603
-2.08907
-2.07296
-2.05762
-2.04298
-2.029
-2.01561
-2.0028
-1.99051
-1.97872
-1.9674
-1.95651
-1.94604
-1.93595
-1.92623
-1.91686
-1.90781
-1.89906
-1.89061
-1.88243
-1.87452
-1.86685
-1.85941
-1.8522
-1.8452
-1.83839
-1.83178
-1.82535
-1.81909
-1.813
-1.80705