0 20
0.01 20
0.02 20
0.03 18
0.04 18
0.05 18
0.06 18
0.07 18
0.08 18
0.09 18
0.1 18
0.11 18
0.12 18
0.13 18
0.14 18
0.15 18
0.16 18
0.17 18
0.18 17
0.19 17
0.2 17
0.21 17
0.22 16
0.23 16
0.24 16
0.25 16
0.26 16
0.27 16
0.28 16
0.29 16
0.3 16
0.31 16
0.32 16
0.33 16
0.34 16
0.35 16
0.36 16
0.37 16
0.38 16
0.39 16
0.4 16
0.41 16
0.42 15
0.43 15
0.44 15
0.45 15
0.46 15
0.47 15
0.48 15
0.49 15
0.5 15
0.51 15
0.52 15
0.53 15
0.54 15
0.55 15
0.56 14
0.57 13
0.58 13
0.59 13
0.6 13
0.61 12
0.62 12
0.63 12
0.64 11
0.65 11
0.66 11
0.67 11
0.68 11
0.69 11
0.7 11
0.71 11
0.72 11
0.73 11
0.74 11
0.75 11
0.76 11
0.77 11
0.78 11
0.79 11
0.8 11
0.81 11
0.82 11
0.83 10
0.84 10
0.85 10
0.86 8
0.87 8
0.88 8
0.89 8
0.9 8
0.91 8
0.92 8
0.93 8
0.94 8
0.95 8
0.96 8
0.97 7
0.98 7
0.99 7
1 7
