0 745
0.01 637
0.02 545
0.03 493
0.04 459
0.05 429
0.06 401
0.07 371
0.08 345
0.09 321
0.1 301
0.11 289
0.12 267
0.13 255
0.14 251
0.15 245
0.16 233
0.17 229
0.18 225
0.19 211
0.2 205
0.21 201
0.22 195
0.23 193
0.24 179
0.25 179
0.26 175
0.27 171
0.28 169
0.29 165
0.3 161
0.31 151
0.32 149
0.33 147
0.34 143
0.35 141
0.36 139
0.37 135
0.38 135
0.39 131
0.4 129
0.41 117
0.42 117
0.43 115
0.44 113
0.45 113
0.46 109
0.47 105
0.48 105
0.49 105
0.5 105
0.51 99
0.52 97
0.53 93
0.54 93
0.55 91
0.56 91
0.57 91
0.58 89
0.59 89
0.6 89
0.61 89
0.62 89
0.63 89
0.64 89
0.65 89
0.66 89
0.67 89
0.68 87
0.69 85
0.7 85
0.71 85
0.72 85
0.73 81
0.74 79
0.75 79
0.76 79
0.77 79
0.78 79
0.79 77
0.8 77
0.81 77
0.82 75
0.83 75
0.84 75
0.85 75
0.86 73
0.87 73
0.88 69
0.89 69
0.9 67
0.91 67
0.92 67
0.93 65
0.94 65
0.95 65
0.96 65
0.97 63
0.98 63
0.99 63
1 63
