0 117
0.01 117
0.02 115
0.03 115
0.04 115
0.05 113
0.06 111
0.07 111
0.08 111
0.09 107
0.1 107
0.11 105
0.12 105
0.13 105
0.14 105
0.15 105
0.16 105
0.17 105
0.18 103
0.19 101
0.2 101
0.21 99
0.22 99
0.23 99
0.24 97
0.25 97
0.26 97
0.27 97
0.28 93
0.29 93
0.3 93
0.31 93
0.32 93
0.33 93
0.34 93
0.35 93
0.36 93
0.37 93
0.38 93
0.39 93
0.4 93
0.41 93
0.42 93
0.43 93
0.44 93
0.45 93
0.46 93
0.47 93
0.48 93
0.49 93
0.5 93
0.51 93
0.52 93
0.53 91
0.54 91
0.55 89
0.56 89
0.57 87
0.58 87
0.59 87
0.6 87
0.61 87
0.62 87
0.63 87
0.64 87
0.65 87
0.66 87
0.67 87
0.68 87
0.69 87
0.7 87
0.71 87
0.72 87
0.73 87
0.74 85
0.75 85
0.76 85
0.77 85
0.78 85
0.79 85
0.8 85
0.81 85
0.82 85
0.83 85
0.84 85
0.85 85
0.86 85
0.87 85
0.88 85
0.89 85
0.9 85
0.91 85
0.92 85
0.93 85
0.94 83
0.95 83
0.96 83
0.97 83
0.98 81
0.99 79
1 79
