1 2 8 B
1 3 8 A
1 3 10 A
1 4 4 A
1 4 6 B
1 4 8 A
1 6 1 A
1 8 8 A
1 9 6 A
1 9 9 A
1 10 5 B
2 1 2 A
2 1 4 A
2 1 6 A
2 2 9 A
2 2 10 A
2 4 2 A
2 5 7 A
2 5 9 B
2 6 9 A
2 7 6 A
2 7 10 B
2 8 5 B
2 9 1 A
2 9 6 A
2 10 1 A
2 10 2 A
3 1 9 A
3 1 10 A
3 3 6 A
3 3 8 A
3 5 2 A
3 5 3 B
3 7 10 A
3 8 4 A
3 8 6 A
3 10 5 A
3 10 7 A
3 10 10 A
4 1 3 A
4 3 4 A
4 3 8 B
4 4 2 B
4 4 3 A
4 4 8 A
4 5 1 A
4 5 7 A
4 6 2 A
4 7 5 A
4 7 8 A
4 8 5 A
4 8 10 B
4 9 9 B
4 10 3 A
4 10 4 B
4 10 9 B
5 1 2 A
5 3 4 B
5 4 4 A
5 4 6 A
5 6 8 B
5 7 3 B
5 7 4 A
5 8 9 A
6 1 1 A
6 2 2 A
6 2 7 B
6 2 9 A
6 3 1 A
6 3 4 A
6 3 8 B
6 4 7 A
6 4 9 A
6 5 1 A
6 5 5 A
6 6 1 B
6 8 7 A
6 8 10 A
6 9 6 A
6 10 5 A
6 10 8 A
7 1 7 A
7 3 5 A
7 3 7 B
7 4 2 B
7 4 5 B
7 4 8 A
7 4 10 A
7 5 4 A
7 5 9 A
7 5 10 B
7 6 2 A
7 7 9 A
7 9 9 A
7 9 10 A
7 10 4 A
8 1 1 A
8 1 3 B
8 1 6 A
8 1 9 A
8 1 10 B
8 2 1 A
8 3 3 A
8 3 5 A
8 3 6 B
8 4 6 A
8 4 9 A
8 5 10 A
8 6 1 A
8 6 3 A
8 6 4 A
8 6 7 B
8 8 5 B
8 9 2 A
8 10 10 A
9 1 5 A
9 2 2 A
9 2 4 B
9 2 5 A
9 2 7 B
9 2 8 A
9 2 10 B
9 4 8 B
9 5 7 B
9 5 10 A
9 6 4 A
9 6 5 A
9 6 10 A
9 8 3 A
9 9 9 A
9 9 10 A
9 10 1 A
10 5 5 A
10 6 5 B
10 7 6 A
10 7 7 A
10 8 5 A
10 9 4 A
10 9 5 A
10 10 8 B
