1 1 10 A
1 2 1 B
1 2 3 A
1 2 4 A
1 2 8 A
1 3 1 A
1 4 3 B
1 5 5 A
1 7 5 A
1 7 8 A
1 8 7 A
1 10 10 A
2 1 10 A
2 4 5 A
2 5 1 A
2 6 2 B
2 6 5 A
2 6 10 A
2 9 4 B
2 10 3 A
2 10 10 A
3 1 5 A
3 3 7 A
3 4 2 A
3 4 7 B
3 6 3 A
3 7 7 A
3 8 4 A
3 9 4 A
3 9 5 A
3 9 8 A
3 10 1 B
4 2 3 A
4 2 7 B
4 2 9 A
4 3 8 A
4 3 10 B
4 4 6 A
4 5 5 A
4 7 1 A
4 7 7 A
4 7 9 B
4 9 10 A
5 1 4 A
5 2 1 A
5 2 4 B
5 3 5 A
5 5 5 A
5 5 6 A
5 6 2 A
5 7 1 A
5 7 3 A
5 7 5 A
5 8 1 A
5 8 3 A
5 9 10 A
5 10 2 A
5 10 9 A
6 1 1 A
6 3 4 A
6 3 5 B
6 4 8 A
6 5 3 A
6 6 8 A
6 7 8 A
6 8 9 B
6 10 3 B
6 10 7 A
7 1 3 A
7 1 7 A
7 2 3 A
7 2 5 A
7 4 7 A
7 6 2 B
7 8 6 A
8 1 1 A
8 1 4 A
8 2 7 A
8 4 4 B
8 7 3 A
8 7 6 B
8 8 4 A
9 2 3 A
9 2 7 A
9 3 5 A
9 3 10 A
9 4 1 A
9 6 8 A
9 6 9 A
9 7 4 A
9 10 3 A
10 1 4 A
10 1 5 A
10 2 2 A
10 3 4 A
10 4 1 B
10 4 4 A
10 5 8 B
10 6 1 A
10 6 6 A
10 8 2 A
10 8 4 A
10 8 9 A
10 9 5 A
10 9 7 A
10 10 8 A
