0 55
0.01 36
0.02 29
0.03 19
0.04 21
0.05 17
0.06 17
0.07 11
0.08 14
0.09 16
0.1 15
0.11 16
0.12 15
0.13 18
0.14 15
0.15 13
0.16 16
0.17 16
0.18 16
0.19 15
0.2 12
0.21 12
0.22 14
0.23 10
0.24 15
0.25 15
0.26 13
0.27 10
0.28 9
0.29 9
0.3 14
0.31 19
0.32 13
0.33 11
0.34 13
0.35 12
0.36 9
0.37 13
0.38 13
0.39 17
0.4 14
0.41 9
0.42 9
0.43 8
0.44 9
0.45 13
0.46 12
0.47 14
0.48 15
0.49 13
0.5 12
0.51 10
0.52 13
0.53 11
0.54 8
0.55 5
0.56 9
0.57 10
0.58 12
0.59 12
0.6 17
0.61 8
0.62 15
0.63 10
0.64 12
0.65 10
0.66 11
0.67 10
0.68 12
0.69 10
0.7 9
0.71 10
0.72 12
0.73 14
0.74 13
0.75 11
0.76 10
0.77 9
0.78 8
0.79 16
0.8 14
0.81 12
0.82 7
0.83 10
0.84 11
0.85 9
0.86 5
0.87 3
0.88 8
0.89 5
0.9 4
0.91 6
0.92 9
0.93 10
0.94 8
0.95 7
0.96 4
0.97 5
0.98 5
0.99 6
1 8
