0 1398
0.01 1347
0.02 1346
0.03 1315
0.04 1298
0.05 1259
0.06 1248
0.07 1252
0.08 1185
0.09 1182
0.1 1130
0.11 1149
0.12 1101
0.13 1096
0.14 1074
0.15 1027
0.16 1034
0.17 997
0.18 992
0.19 966
0.2 930
0.21 899
0.22 915
0.23 883
0.24 863
0.25 836
0.26 805
0.27 772
0.28 759
0.29 738
0.3 719
0.31 658
0.32 666
0.33 674
0.34 648
0.35 643
0.36 597
0.37 593
0.38 603
0.39 594
0.4 587
0.41 558
0.42 561
0.43 532
0.44 551
0.45 539
0.46 545
0.47 500
0.48 487
0.49 485
0.5 503
0.51 483
0.52 474
0.53 465
0.54 465
0.55 479
0.56 459
0.57 458
0.58 443
0.59 419
0.6 436
0.61 438
0.62 394
0.63 393
0.64 409
0.65 388
0.66 380
0.67 384
0.68 384
0.69 369
0.7 353
0.71 355
0.72 341
0.73 337
0.74 308
0.75 306
0.76 301
0.77 292
0.78 304
0.79 288
0.8 272
0.81 276
0.82 257
0.83 267
0.84 233
0.85 221
0.86 252
0.87 245
0.88 229
0.89 217
0.9 207
0.91 209
0.92 209
0.93 227
0.94 209
0.95 197
0.96 201
0.97 198
0.98 181
0.99 174
1 175
