1 1 6 B
1 4 4 A
1 4 6 B
1 4 8 B
1 5 2 A
1 5 5 A
1 5 8 A
1 5 9 B
1 8 5 A
1 10 7 A
2 1 3 B
2 1 4 B
2 1 6 A
2 1 7 B
2 2 10 B
2 3 1 A
2 3 2 A
2 3 6 B
2 3 9 A
2 4 5 A
2 5 3 A
2 5 4 B
2 5 8 A
2 6 10 A
2 7 1 A
2 7 2 B
2 8 5 B
2 8 9 A
2 9 4 A
2 9 10 A
3 1 4 B
3 1 7 B
3 2 9 B
3 3 3 B
3 3 4 B
3 3 6 B
3 3 8 A
3 3 10 B
3 5 1 A
3 6 4 A
3 6 5 A
3 7 4 B
3 8 9 A
3 9 5 A
3 10 3 A
3 10 8 B
4 1 4 B
4 1 10 B
4 2 4 B
4 2 7 B
4 2 8 B
4 2 9 B
4 2 10 B
4 3 8 B
4 4 2 A
4 4 3 B
4 4 4 B
4 4 9 B
4 5 3 B
4 5 8 B
4 6 2 A
4 6 4 A
4 7 7 A
4 8 3 B
4 9 3 B
4 9 8 B
4 10 3 B
5 2 2 A
5 2 4 B
5 3 7 B
5 4 1 B
5 4 6 B
5 4 7 B
5 5 7 A
5 6 6 B
5 6 8 A
5 7 3 A
5 7 7 B
5 8 6 B
5 8 9 A
5 9 4 B
5 9 7 A
5 10 1 B
5 10 5 A
5 10 9 A
6 1 9 B
6 2 4 A
6 2 7 A
6 4 2 A
6 6 2 A
6 6 9 A
6 7 5 B
6 7 7 B
6 8 5 A
6 9 9 B
6 10 4 B
7 1 1 A
7 1 4 A
7 1 7 A
7 2 8 A
7 3 1 B
7 3 2 B
7 3 5 A
7 3 6 B
7 3 7 A
7 3 8 B
7 3 9 B
7 4 4 A
7 5 3 A
7 6 3 B
7 6 4 A
7 7 6 B
7 8 3 A
7 9 4 A
7 9 5 A
8 1 3 B
8 1 7 B
8 2 1 B
8 3 5 B
8 4 3 B
8 4 7 A
8 5 1 A
8 5 8 B
8 6 1 A
8 6 7 A
8 6 8 B
8 7 6 A
8 8 4 A
8 8 7 A
8 8 8 B
8 9 4 A
8 10 4 B
9 2 4 B
9 2 9 B
9 2 10 B
9 3 2 B
9 3 7 B
9 3 10 B
9 4 1 A
9 4 6 A
9 5 4 B
9 5 6 A
9 5 9 B
9 6 8 A
9 8 5 B
9 8 6 A
9 9 5 A
9 9 6 A
9 9 9 A
9 10 4 A
9 10 7 A
10 2 6 B
10 2 9 A
10 3 4 B
10 3 5 A
10 4 2 B
10 4 4 B
10 4 8 A
10 4 9 B
10 5 1 A
10 5 10 B
10 7 3 A
10 7 7 B
10 7 8 B
10 8 8 A
10 9 1 B
10 9 3 A
10 9 10 A
10 10 5 A
