1 3 2 B
1 4 1 A
1 4 10 B
1 5 8 A
1 6 5 A
1 6 6 B
1 6 8 A
1 7 2 A
1 8 2 A
1 9 1 B
1 9 8 A
1 10 5 A
2 1 6 B
2 2 2 A
2 2 9 A
2 3 1 B
2 3 2 A
2 4 5 B
2 4 8 A
2 5 1 A
2 5 3 A
2 5 4 B
2 5 5 B
2 5 9 B
2 5 10 B
2 6 1 A
2 7 4 A
2 7 8 A
2 7 10 A
2 8 5 A
2 9 3 A
2 10 4 B
3 2 5 B
3 4 3 B
3 4 4 A
3 4 9 B
3 5 1 B
3 5 5 B
3 8 6 A
3 10 3 A
3 10 5 B
4 1 3 A
4 1 7 B
4 1 8 B
4 2 7 B
4 2 8 B
4 3 2 A
4 3 4 B
4 3 5 B
4 3 6 B
4 3 9 B
4 4 5 B
4 5 1 A
4 5 2 B
4 5 8 B
4 5 10 B
4 6 4 A
4 6 5 B
4 7 8 A
4 9 6 A
4 9 9 B
4 10 7 B
5 1 5 B
5 1 7 A
5 1 8 A
5 1 10 B
5 2 1 A
5 2 7 B
5 2 10 B
5 4 3 B
5 4 8 B
5 5 1 B
5 5 3 A
5 5 7 B
5 6 7 B
5 7 9 A
5 8 3 B
5 8 4 A
5 9 4 B
5 9 5 B
5 9 7 A
5 9 10 A
5 10 5 B
5 10 6 A
6 2 2 A
6 2 4 B
6 2 5 B
6 3 5 B
6 3 7 A
6 4 7 A
6 6 2 A
6 6 5 B
6 9 6 B
7 1 5 A
7 2 2 A
7 2 3 A
7 3 8 A
7 3 9 B
7 4 1 B
7 4 5 A
7 4 10 B
7 5 7 B
7 7 2 A
7 7 3 A
7 9 4 A
7 9 5 A
7 9 9 A
7 9 10 A
8 2 4 B
8 2 6 B
8 3 6 B
8 3 9 A
8 5 9 B
8 7 2 A
8 7 3 A
8 8 1 A
8 8 5 B
8 8 8 A
8 8 9 B
8 9 3 B
9 1 6 B
9 1 9 B
9 3 6 B
9 3 9 B
9 3 10 B
9 6 5 B
9 6 7 A
9 7 3 A
9 7 7 A
9 8 9 B
9 9 5 A
9 9 9 A
9 10 2 A
9 10 3 B
9 10 9 A
10 1 5 B
10 1 7 A
10 2 2 B
10 2 8 B
10 3 9 A
10 4 2 B
10 4 7 A
10 5 9 B
10 6 2 B
10 9 4 A
10 9 6 A
10 9 7 A
10 9 9 B
10 10 6 A
