1 2 1 B
1 2 4 B
1 2 9 A
1 3 3 A
1 3 10 B
1 4 6 B
1 5 1 A
1 5 4 A
1 5 10 B
1 6 2 A
1 6 7 B
1 6 8 A
1 8 5 B
1 9 2 B
1 9 8 A
1 10 5 A
2 1 7 B
2 3 8 B
2 5 3 A
2 6 9 A
2 7 6 A
2 8 5 B
2 8 10 A
2 9 5 B
3 2 2 A
3 2 4 B
3 3 3 B
3 3 4 B
3 3 7 B
3 4 2 A
3 4 4 B
3 4 6 B
3 4 9 B
3 5 2 A
3 6 4 B
3 6 7 A
3 8 5 A
3 9 1 A
3 9 6 A
3 10 4 A
3 10 6 B
4 1 5 B
4 1 10 B
4 2 1 B
4 3 1 B
4 3 2 A
4 3 4 B
4 3 7 A
4 4 2 A
4 4 5 A
4 4 7 B
4 5 3 A
4 5 4 A
4 5 8 B
4 5 10 B
4 6 8 B
4 7 4 B
4 8 6 B
4 9 1 A
4 9 7 A
5 1 4 A
5 1 5 A
5 1 7 A
5 1 10 B
5 2 2 A
5 2 6 B
5 3 4 B
5 3 7 B
5 4 4 B
5 4 6 B
5 4 9 A
5 5 5 A
5 6 2 B
5 6 9 A
5 7 5 B
5 8 8 A
5 9 1 A
6 1 9 B
6 2 1 A
6 2 7 B
6 5 7 B
6 5 8 B
6 6 2 A
6 7 4 B
6 7 10 B
6 8 4 B
6 8 10 B
6 9 7 A
6 10 8 A
7 1 4 B
7 1 6 B
7 1 7 A
7 1 9 B
7 2 6 B
7 2 8 A
7 3 1 B
7 3 6 A
7 4 9 B
7 5 3 A
7 6 1 B
7 7 4 A
7 7 7 A
7 8 3 A
7 8 6 A
7 9 8 A
7 9 10 A
7 10 2 B
7 10 6 A
8 1 1 A
8 1 5 B
8 2 5 B
8 2 8 B
8 4 9 A
8 6 4 B
8 8 3 A
8 8 8 A
8 10 8 A
9 1 5 A
9 1 8 B
9 2 9 B
9 3 5 A
9 4 8 A
9 4 9 B
9 6 4 A
9 8 1 B
9 8 5 A
9 8 9 B
9 8 10 B
9 9 7 A
9 9 8 A
9 9 10 B
9 10 2 A
9 10 3 A
9 10 4 A
10 2 5 B
10 3 1 B
10 3 8 B
10 4 7 B
10 5 6 B
10 5 8 B
10 6 6 A
10 7 6 B
10 8 3 B
10 8 4 A
10 10 3 A
