1 2 2 B
1 2 7 B
1 3 10 A
1 4 10 A
1 5 1 A
1 5 6 A
1 5 7 B
1 7 2 A
1 8 3 B
1 9 10 A
1 10 5 B
2 1 5 B
2 3 1 B
2 4 2 A
2 4 5 B
2 4 6 A
2 4 10 B
2 5 4 B
2 5 6 A
2 6 1 A
2 6 5 B
2 6 9 B
2 7 5 A
2 7 7 B
2 7 9 A
2 9 2 A
2 9 6 A
2 10 1 B
2 10 2 A
3 2 7 B
3 2 8 B
3 4 2 A
3 4 3 B
3 4 6 A
3 4 7 B
3 4 10 B
3 5 3 A
3 5 4 B
3 5 7 B
3 6 1 B
3 6 3 B
3 6 6 B
3 6 9 A
3 8 4 B
3 9 10 A
3 10 8 A
4 1 2 A
4 1 10 B
4 2 7 B
4 3 5 A
4 4 9 B
4 8 1 B
4 8 3 B
4 9 3 A
4 9 5 A
4 9 9 B
4 10 10 A
5 2 4 A
5 2 8 B
5 3 3 A
5 4 6 B
5 4 7 A
5 6 3 A
5 6 8 B
5 10 3 A
5 10 6 A
6 1 1 B
6 1 4 B
6 2 3 B
6 2 4 B
6 3 8 B
6 4 7 B
6 6 10 B
6 7 5 B
6 7 9 A
6 8 9 B
6 8 10 A
6 9 7 A
6 9 10 A
6 10 1 B
6 10 5 A
6 10 7 B
7 1 9 A
7 2 9 A
7 3 1 A
7 3 10 B
7 6 3 B
7 6 6 A
7 9 1 A
7 9 6 A
7 10 2 B
8 3 1 B
8 3 2 A
8 3 10 B
8 5 3 A
8 5 5 A
8 5 7 B
8 6 4 A
8 7 4 A
8 8 6 A
8 8 8 A
8 9 5 A
8 10 10 B
9 1 5 B
9 1 7 B
9 2 7 A
9 2 9 B
9 4 2 B
9 4 3 B
9 4 8 B
9 7 4 B
9 9 2 A
9 9 5 A
9 9 7 B
9 9 10 B
9 10 2 A
9 10 5 A
10 1 5 B
10 2 2 A
10 3 8 B
10 4 9 A
10 7 3 B
10 7 7 A
10 8 3 B
10 10 8 A
