1 1 2 B
1 1 5 B
1 2 6 B
1 3 1 B
1 4 6 A
1 4 7 B
1 5 2 A
1 5 10 A
1 7 3 A
1 7 5 A
1 8 4 B
1 8 10 A
1 10 1 B
1 10 6 B
2 3 6 A
2 3 10 A
2 4 1 A
2 4 6 A
2 4 9 B
2 5 5 B
2 6 6 B
2 6 8 B
2 7 1 A
2 7 9 A
2 8 2 A
2 8 7 B
2 9 7 A
2 9 10 A
3 2 7 B
3 2 8 B
3 3 6 A
3 3 7 B
3 4 1 A
3 4 4 B
3 4 5 B
3 4 9 B
3 5 3 A
3 5 6 B
3 5 7 B
3 6 2 B
3 6 3 B
3 7 4 B
3 7 9 A
3 10 2 A
3 10 9 A
4 1 3 A
4 1 9 B
4 3 6 A
4 3 7 B
4 4 3 B
4 5 9 B
4 7 3 B
4 9 6 A
4 9 10 B
4 10 3 A
4 10 9 A
5 2 4 A
5 2 9 B
5 4 3 A
5 6 4 A
5 7 8 B
5 8 1 B
5 8 10 A
5 9 3 A
5 9 6 A
6 1 3 B
6 1 4 B
6 2 1 B
6 2 9 A
6 3 4 B
6 3 8 B
6 4 6 B
6 4 7 A
6 4 8 B
6 6 3 B
6 6 10 B
6 7 4 B
6 7 10 A
6 8 10 A
6 9 1 A
6 9 7 A
6 9 9 B
6 10 1 B
6 10 6 A
6 10 7 B
7 2 1 A
7 2 9 A
7 3 1 B
7 3 9 B
7 7 6 A
7 9 7 A
8 1 5 B
8 3 3 A
8 5 3 A
8 5 6 A
8 5 8 B
8 6 3 A
8 7 4 A
8 9 5 A
8 9 7 B
8 9 8 A
8 9 10 B
8 10 2 B
9 1 6 B
9 2 2 A
9 3 8 B
9 3 9 B
9 3 10 B
9 4 2 B
9 4 3 B
9 4 7 B
9 7 3 B
9 7 7 A
9 8 3 B
9 8 6 A
9 8 10 B
9 10 1 A
9 10 2 A
9 10 4 A
9 10 5 A
9 10 8 A
10 1 6 B
10 2 7 A
10 3 9 A
10 7 4 B
