1 1 3 B
1 2 3 B
1 4 2 A
1 5 4 B
1 6 1 B
1 6 4 B
2 2 6 B
2 2 9 A
2 3 1 B
2 3 8 B
2 4 9 B
2 4 10 A
2 5 2 A
2 7 1 B
2 7 2 B
2 7 3 A
2 7 7 B
2 8 3 B
2 8 8 A
2 10 8 A
3 1 8 B
3 3 5 A
3 3 8 A
3 3 10 A
3 4 2 A
3 4 4 B
3 4 9 B
3 5 9 A
3 7 8 B
3 8 6 A
3 9 2 B
3 9 5 B
3 9 6 A
3 9 7 B
3 10 2 B
3 10 8 A
4 1 8 A
4 2 10 B
4 4 4 A
4 5 7 B
4 7 7 A
4 7 8 A
4 8 2 A
4 8 5 A
4 8 9 B
4 10 3 B
4 10 8 A
5 1 3 A
5 1 4 A
5 1 5 B
5 3 8 B
5 3 9 A
5 4 3 B
5 6 2 B
5 6 8 B
5 7 8 B
5 8 9 A
5 9 4 A
6 1 6 B
6 1 10 A
6 2 2 A
6 3 2 A
6 3 7 A
6 6 7 B
6 6 8 B
6 9 2 B
6 9 5 A
6 9 6 A
6 10 2 B
6 10 8 A
7 1 6 B
7 1 10 B
7 2 7 B
7 2 9 A
7 4 9 B
7 5 8 B
7 6 3 B
7 8 9 B
7 9 1 A
8 3 7 B
8 6 7 A
8 7 1 B
8 9 1 A
8 9 6 A
8 9 9 A
8 10 5 A
9 1 3 B
9 2 6 B
9 4 10 B
9 7 5 B
9 8 2 A
9 8 5 B
9 9 8 A
9 9 9 A
9 10 4 B
9 10 6 A
10 1 5 A
10 2 5 B
10 2 6 B
10 5 5 A
10 7 4 B
10 8 6 B
10 9 8 A
10 10 6 A
10 10 10 A
