1 2 2 B
1 2 9 A
1 2 10 A
1 3 8 B
1 6 5 B
1 7 1 B
1 7 2 B
1 8 6 B
2 1 4 B
2 1 10 B
2 2 6 B
2 3 1 A
2 3 2 B
2 4 9 B
2 5 1 B
2 6 2 B
2 6 9 A
2 7 9 B
2 8 4 B
2 9 1 B
2 9 5 B
3 2 6 A
3 2 9 A
3 3 4 A
3 3 7 A
3 4 9 B
3 4 10 A
3 7 10 A
3 10 9 A
4 2 6 A
4 2 7 B
4 2 10 B
4 3 5 B
4 4 2 A
4 5 8 B
4 6 4 B
4 6 5 A
4 6 6 A
4 7 7 B
4 7 9 B
4 7 10 B
4 8 7 A
4 8 10 A
4 9 1 B
4 9 4 B
4 9 5 A
4 9 8 A
5 1 2 A
5 1 9 B
5 2 9 A
5 3 1 A
5 4 3 B
5 5 9 A
5 7 9 B
5 8 2 A
5 9 6 A
5 10 8 A
6 1 8 A
6 2 4 A
6 3 3 B
6 3 6 A
6 3 7 B
6 3 9 A
6 6 9 B
6 9 2 B
6 9 6 A
6 10 1 B
6 10 5 A
6 10 7 A
6 10 9 A
7 1 4 A
7 2 6 B
7 4 8 B
7 5 9 B
7 8 8 A
7 9 2 B
8 2 4 B
8 3 8 B
8 4 9 B
8 7 1 A
8 7 7 A
8 9 7 A
8 9 10 B
8 10 6 A
9 2 2 A
9 3 6 B
9 4 8 B
9 5 7 B
9 7 4 B
9 9 1 B
9 9 9 A
9 10 5 B
9 10 9 A
9 10 10 A
10 2 5 B
10 4 3 A
10 7 8 B
10 8 6 B
10 8 8 A
10 9 5 A
10 10 1 A
