0 1313
0.01 1262
0.02 1244
0.03 1220
0.04 1177
0.05 1179
0.06 1136
0.07 1144
0.08 1141
0.09 1104
0.1 1086
0.11 1090
0.12 1052
0.13 1022
0.14 1004
0.15 958
0.16 926
0.17 930
0.18 907
0.19 906
0.2 874
0.21 856
0.22 848
0.23 852
0.24 806
0.25 759
0.26 749
0.27 704
0.28 720
0.29 707
0.3 683
0.31 674
0.32 654
0.33 641
0.34 651
0.35 644
0.36 631
0.37 600
0.38 600
0.39 595
0.4 584
0.41 583
0.42 574
0.43 560
0.44 544
0.45 532
0.46 515
0.47 531
0.48 525
0.49 507
0.5 498
0.51 492
0.52 464
0.53 450
0.54 448
0.55 456
0.56 440
0.57 418
0.58 433
0.59 408
0.6 411
0.61 389
0.62 391
0.63 373
0.64 375
0.65 359
0.66 350
0.67 349
0.68 356
0.69 329
0.7 322
0.71 317
0.72 298
0.73 318
0.74 298
0.75 282
0.76 280
0.77 271
0.78 266
0.79 292
0.8 265
0.81 240
0.82 257
0.83 235
0.84 234
0.85 228
0.86 218
0.87 236
0.88 221
0.89 225
0.9 227
0.91 216
0.92 202
0.93 193
0.94 203
0.95 193
0.96 197
0.97 203
0.98 188
0.99 190
1 179
