0 1335
0.01 1298
0.02 1270
0.03 1256
0.04 1226
0.05 1166
0.06 1166
0.07 1151
0.08 1116
0.09 1079
0.1 1044
0.11 1047
0.12 983
0.13 977
0.14 964
0.15 929
0.16 901
0.17 913
0.18 893
0.19 872
0.2 853
0.21 831
0.22 793
0.23 772
0.24 724
0.25 753
0.26 720
0.27 704
0.28 680
0.29 664
0.3 666
0.31 635
0.32 596
0.33 588
0.34 594
0.35 585
0.36 559
0.37 559
0.38 550
0.39 542
0.4 544
0.41 526
0.42 502
0.43 511
0.44 484
0.45 465
0.46 466
0.47 433
0.48 452
0.49 436
0.5 435
0.51 393
0.52 413
0.53 379
0.54 404
0.55 384
0.56 372
0.57 368
0.58 370
0.59 348
0.6 316
0.61 297
0.62 305
0.63 316
0.64 321
0.65 307
0.66 292
0.67 279
0.68 279
0.69 266
0.7 272
0.71 263
0.72 260
0.73 243
0.74 235
0.75 221
0.76 230
0.77 212
0.78 212
0.79 215
0.8 204
0.81 188
0.82 196
0.83 207
0.84 199
0.85 199
0.86 194
0.87 186
0.88 202
0.89 174
0.9 163
0.91 168
0.92 169
0.93 173
0.94 164
0.95 165
0.96 171
0.97 162
0.98 154
0.99 151
1 141
