2 2 2 0
2 2 1.6 0
2 1.4 2 0
2 1.4 1.6 0
2 0.8 2 0
2 0.8 1.6 0
2 0.2 2 0
2 0.2 1.6 0
2 -0.4 2 0
2 -0.4 1.6 0
2 -1 2 0
2 -1 1.6 0
2 -1 1.2 0
2 -1 0.8 0
2 -1 0.4 0
2 -1 0 0
2 -1 -0.4 0
2 -1 -0.8 0
2 -1 -1.2 0
2 -1 -1.6 0
2 -1 -2 0
2 -1.6 2 0
2 -1.6 1.6 0
2 -1.6 1.2 0
2 -1.6 0.8 0
2 -1.6 0.4 0
2 -1.6 0 0
2 -1.6 -0.4 0
2 -1.6 -0.8 0
2 -1.6 -1.2 0
2 -1.6 -1.6 0
2 -1.6 -2 0
2 -2.2 2 0
2 -2.2 1.6 0
2 -2.8 2 0
2 -2.8 1.6 0
2 -3.4 2 0
2 -3.4 1.6 0
2 -4 2 0
2 -4 1.6 0
1.6 2 2 0
1.6 2 1.6 0
1.6 1.4 2 0
1.6 1.4 1.6 0
1.6 0.8 2 0
1.6 0.8 1.6 0
1.6 0.2 2 0
1.6 0.2 1.6 0
1.6 -0.4 2 0
1.6 -0.4 1.6 0
1.6 -1 2 0
1.6 -1 1.6 0
1.6 -1 1.2 0
1.6 -1 0.8 -6.24873e-10
1.6 -1 0.4 7.52174e-08
1.6 -1 0 5.98705e-05
1.6 -1 -0.4 -7.14548e-08
1.6 -1 -0.8 0
1.6 -1 -1.2 0
1.6 -1 -1.6 0
1.6 -1 -2 0
1.6 -1.6 2 0
1.6 -1.6 1.6 0
1.6 -1.6 1.2 0
1.6 -1.6 0.8 0
1.6 -1.6 0.4 0
1.6 -1.6 0 0
1.6 -1.6 -0.4 0
1.6 -1.6 -0.8 0
1.6 -1.6 -1.2 0
1.6 -1.6 -1.6 0
1.6 -1.6 -2 0
1.6 -2.2 2 0
1.6 -2.2 1.6 0
1.6 -2.2 1.2 0
1.6 -2.2 0.8 0
1.6 -2.2 0.4 0
1.6 -2.2 0 0
1.6 -2.2 -0.4 0
1.6 -2.2 -0.8 0
1.6 -2.2 -1.2 0
1.6 -2.2 -1.6 0
1.6 -2.2 -2 0
1.6 -2.8 2 0
1.6 -2.8 1.6 0
1.6 -2.8 1.2 0
1.6 -2.8 0.8 0
1.6 -2.8 0.4 0
1.6 -2.8 0 0
1.6 -2.8 -0.4 0
1.6 -2.8 -0.8 0
1.6 -2.8 -1.2 0
1.6 -2.8 -1.6 0
1.6 -2.8 -2 0
1.6 -3.4 2 0
1.6 -3.4 1.6 0
1.6 -3.4 1.2 0
1.6 -3.4 0.8 0
1.6 -3.4 0.4 0
1.6 -3.4 0 0
1.6 -3.4 -0.4 0
1.6 -3.4 -0.8 0
1.6 -3.4 -1.2 0
1.6 -3.4 -1.6 0
1.6 -3.4 -2 0
1.6 -4 2 0
1.6 -4 1.6 0
1.6 -4 1.2 0
1.6 -4 0.8 0
1.6 -4 0.4 0
1.6 -4 0 0
1.6 -4 -0.4 0
1.6 -4 -0.8 0
1.6 -4 -1.2 0
1.6 -4 -1.6 0
1.6 -4 -2 0
1.2 2 2 0
1.2 2 1.6 0
1.2 2 1.2 0
1.2 2 0.8 0
1.2 2 0.4 0
1.2 2 0 0
1.2 2 -0.4 0
1.2 2 -0.8 0
1.2 2 -1.2 0
1.2 2 -1.6 0
1.2 2 -2 0
1.2 1.4 2 0
1.2 1.4 1.6 0
1.2 1.4 1.2 0
1.2 1.4 0.8 0
1.2 1.4 0.4 0
1.2 1.4 0 0
1.2 1.4 -0.4 0
1.2 1.4 -0.8 0
1.2 1.4 -1.2 0
1.2 1.4 -1.6 0
1.2 1.4 -2 0
1.2 0.8 2 0
1.2 0.8 1.6 0
1.2 0.8 1.2 0
1.2 0.8 0.8 -5.42806e-09
1.2 0.8 0.4 -3.97944e-07
1.2 0.8 0 -0.000746228
1.2 0.8 -0.4 4.31399e-07
1.2 0.8 -0.8 0
1.2 0.8 -1.2 0
1.2 0.8 -1.6 0
1.2 0.8 -2 0
1.2 0.2 2 0
1.2 0.2 1.6 0
1.2 0.2 1.2 0
1.2 0.2 0.8 -8.48836e-08
1.2 0.2 0.4 6.31058e-06
1.2 0.2 0 0.00731674
1.2 0.2 -0.4 -5.79067e-06
1.2 0.2 -0.8 0
1.2 0.2 -1.2 0
1.2 0.2 -1.6 0
1.2 0.2 -2 0
1.2 -0.4 2 0
1.2 -0.4 1.6 0
1.2 -0.4 1.2 0
1.2 -0.4 0.8 4.5584e-06
1.2 -0.4 0.4 -9.33746e-05
1.2 -0.4 0 0.00231068
1.2 -0.4 -0.4 6.54011e-05
1.2 -0.4 -0.8 0
1.2 -0.4 -1.2 0
1.2 -0.4 -1.6 0
1.2 -0.4 -2 0
1.2 -1 2 0
1.2 -1 1.6 0
1.2 -1 1.2 0
1.2 -1 0.8 2.99396e-07
1.2 -1 0.4 -6.64962e-06
1.2 -1 0 -0.00070108
1.2 -1 -0.4 4.81232e-06
1.2 -1 -0.8 0
1.2 -1 -1.2 0
1.2 -1 -1.6 0
1.2 -1 -2 0
1.2 -1.6 2 0
1.2 -1.6 1.6 0
1.2 -1.6 1.2 0
1.2 -1.6 0.8 -2.94855e-08
1.2 -1.6 0.4 6.287e-07
1.2 -1.6 0 1.63536e-05
1.2 -1.6 -0.4 -4.47891e-07
1.2 -1.6 -0.8 0
1.2 -1.6 -1.2 0
1.2 -1.6 -1.6 0
1.2 -1.6 -2 0
1.2 -2.2 2 0
1.2 -2.2 1.6 0
1.2 -2.2 1.2 0
1.2 -2.2 0.8 0
1.2 -2.2 0.4 0
1.2 -2.2 0 0
1.2 -2.2 -0.4 0
1.2 -2.2 -0.8 0
1.2 -2.2 -1.2 0
1.2 -2.2 -1.6 0
1.2 -2.2 -2 0
1.2 -2.8 2 0
1.2 -2.8 1.6 0
1.2 -2.8 1.2 0
1.2 -2.8 0.8 0
1.2 -2.8 0.4 0
1.2 -2.8 0 0
1.2 -2.8 -0.4 0
1.2 -2.8 -0.8 0
1.2 -2.8 -1.2 0
1.2 -2.8 -1.6 0
1.2 -2.8 -2 0
1.2 -3.4 2 0
1.2 -3.4 1.6 0
1.2 -3.4 1.2 0
1.2 -3.4 0.8 0
1.2 -3.4 0.4 0
1.2 -3.4 0 0
1.2 -3.4 -0.4 0
1.2 -3.4 -0.8 0
1.2 -3.4 -1.2 0
1.2 -3.4 -1.6 0
1.2 -3.4 -2 0
1.2 -4 2 0
1.2 -4 1.6 0
1.2 -4 1.2 0
1.2 -4 0.8 0
1.2 -4 0.4 0
1.2 -4 0 0
1.2 -4 -0.4 0
1.2 -4 -0.8 0
1.2 -4 -1.2 0
1.2 -4 -1.6 0
1.2 -4 -2 0
0.8 2 2 0
0.8 2 1.6 0
0.8 2 1.2 0
0.8 2 0.8 0
0.8 2 0.4 0
0.8 2 0 0
0.8 2 -0.4 0
0.8 2 -0.8 0
0.8 2 -1.2 0
0.8 2 -1.6 0
0.8 2 -2 0
0.8 1.4 2 0
0.8 1.4 1.6 0
0.8 1.4 1.2 0
0.8 1.4 0.8 0
0.8 1.4 0.4 0
0.8 1.4 0 0
0.8 1.4 -0.4 0
0.8 1.4 -0.8 0
0.8 1.4 -1.2 0
0.8 1.4 -1.6 0
0.8 1.4 -2 0
0.8 0.8 2 0
0.8 0.8 1.6 0
0.8 0.8 1.2 0
0.8 0.8 0.8 2.55612e-07
0.8 0.8 0.4 -1.2678e-05
0.8 0.8 0 -0.0028254
0.8 0.8 -0.4 1.11282e-05
0.8 0.8 -0.8 0
0.8 0.8 -1.2 0
0.8 0.8 -1.6 0
0.8 0.8 -2 0
0.8 0.2 2 0
0.8 0.2 1.6 0
0.8 0.2 1.2 0
0.8 0.2 0.8 -5.41066e-06
0.8 0.2 0.4 0.000125406
0.8 0.2 0 0.0254073
0.8 0.2 -0.4 -8.71649e-05
0.8 0.2 -0.8 0
0.8 0.2 -1.2 0
0.8 0.2 -1.6 0
0.8 0.2 -2 0
0.8 -0.4 2 0
0.8 -0.4 1.6 0
0.8 -0.4 1.2 0
0.8 -0.4 0.8 -9.68079e-06
0.8 -0.4 0.4 0.000834557
0.8 -0.4 0 0.060486
0.8 -0.4 -0.4 -0.000821921
0.8 -0.4 -0.8 0
0.8 -0.4 -1.2 0
0.8 -0.4 -1.6 0
0.8 -0.4 -2 0
0.8 -1 2 0
0.8 -1 1.6 0
0.8 -1 1.2 0
0.8 -1 0.8 7.22525e-05
0.8 -1 0.4 -0.000618019
0.8 -1 0 -0.00302251
0.8 -1 -0.4 8.73315e-05
0.8 -1 -0.8 0
0.8 -1 -1.2 0
0.8 -1 -1.6 0
0.8 -1 -2 0
0.8 -1.6 2 0
0.8 -1.6 1.6 0
0.8 -1.6 1.2 0
0.8 -1.6 0.8 -7.19266e-06
0.8 -1.6 0.4 5.98011e-05
0.8 -1.6 0 -5.85008e-05
0.8 -1.6 -0.4 -6.95476e-06
0.8 -1.6 -0.8 0
0.8 -1.6 -1.2 0
0.8 -1.6 -1.6 0
0.8 -1.6 -2 0
0.8 -2.2 2 0
0.8 -2.2 1.6 0
0.8 -2.2 1.2 0
0.8 -2.2 0.8 0
0.8 -2.2 0.4 0
0.8 -2.2 0 0
0.8 -2.2 -0.4 0
0.8 -2.2 -0.8 0
0.8 -2.2 -1.2 0
0.8 -2.2 -1.6 0
0.8 -2.2 -2 0
0.8 -2.8 2 0
0.8 -2.8 1.6 0
0.8 -2.8 1.2 0
0.8 -2.8 0.8 0
0.8 -2.8 0.4 0
0.8 -2.8 0 0
0.8 -2.8 -0.4 0
0.8 -2.8 -0.8 0
0.8 -2.8 -1.2 0
0.8 -2.8 -1.6 0
0.8 -2.8 -2 0
0.8 -3.4 2 0
0.8 -3.4 1.6 0
0.8 -3.4 1.2 0
0.8 -3.4 0.8 0
0.8 -3.4 0.4 0
0.8 -3.4 0 0
0.8 -3.4 -0.4 0
0.8 -3.4 -0.8 0
0.8 -3.4 -1.2 0
0.8 -3.4 -1.6 0
0.8 -3.4 -2 0
0.8 -4 2 0
0.8 -4 1.6 0
0.8 -4 1.2 0
0.8 -4 0.8 0
0.8 -4 0.4 0
0.8 -4 0 0
0.8 -4 -0.4 0
0.8 -4 -0.8 0
0.8 -4 -1.2 0
0.8 -4 -1.6 0
0.8 -4 -2 0
0.4 2 2 0
0.4 2 1.6 0
0.4 2 1.2 0
0.4 2 0.8 0
0.4 2 0.4 0
0.4 2 0 0
0.4 2 -0.4 0
0.4 2 -0.8 0
0.4 2 -1.2 0
0.4 2 -1.6 0
0.4 2 -2 0
0.4 1.4 2 0
0.4 1.4 1.6 0
0.4 1.4 1.2 0
0.4 1.4 0.8 0
0.4 1.4 0.4 0
0.4 1.4 0 0
0.4 1.4 -0.4 0
0.4 1.4 -0.8 0
0.4 1.4 -1.2 0
0.4 1.4 -1.6 0
0.4 1.4 -2 0
0.4 0.8 2 0
0.4 0.8 1.6 0
0.4 0.8 1.2 0
0.4 0.8 0.8 4.08496e-08
0.4 0.8 0.4 -9.31752e-07
0.4 0.8 0 0.000114129
0.4 0.8 -0.4 6.82398e-07
0.4 0.8 -0.8 0
0.4 0.8 -1.2 0
0.4 0.8 -1.6 0
0.4 0.8 -2 0
0.4 0.2 2 0
0.4 0.2 1.6 0
0.4 0.2 1.2 0
0.4 0.2 0.8 5.67315e-05
0.4 0.2 0.4 -0.000612655
0.4 0.2 0 -0.00701829
0.4 0.2 -0.4 0.000212506
0.4 0.2 -0.8 0
0.4 0.2 -1.2 0
0.4 0.2 -1.6 0
0.4 0.2 -2 0
0.4 -0.4 2 0
0.4 -0.4 1.6 0
0.4 -0.4 1.2 0
0.4 -0.4 0.8 -0.000593815
0.4 -0.4 0.4 0.00745195
0.4 -0.4 0 0.103855
0.4 -0.4 -0.8 0
0.4 -0.4 -1.2 0
0.4 -1 -0.8 0
0.4 -1 -1.2 0
0.4 -1.6 -0.8 0
0.4 -1.6 -1.2 0
0.4 -2.2 -0.8 0
0.4 -2.2 -1.2 0
0.4 -2.8 -0.8 0
0.4 -2.8 -1.2 0
0.4 -3.4 -0.8 0
0.4 -3.4 -1.2 0
0.4 -4 -0.8 0
0.4 -4 -1.2 0
0 2 -0.8 0
0 2 -1.2 0
0 1.4 -0.8 0
0 1.4 -1.2 0
0 1.4 -1.6 0
0 1.4 -2 0
0 0.8 2 0
0 0.8 1.6 0
0 0.8 1.2 0
0 0.8 0.8 -4.51414e-09
0 0.8 0.4 1.23036e-07
0 0.8 0 5.06823e-06
0 0.8 -0.4 -9.54911e-08
0 0.8 -0.8 0
0 0.8 -1.2 0
0 0.8 -1.6 0
0 0.8 -2 0
0 0.2 2 0
0 0.2 1.6 0
0 0.2 1.2 0
0 0.2 0.8 0.00036029
0 0.2 0.4 -0.00320604
0 0.2 0 -0.0048958
0 0.2 -0.4 0.000525198
0 0.2 -0.8 0
0 0.2 -1.2 0
0 -0.4 -0.8 0
0 -0.4 -1.2 0
0 -1 -0.8 0
0 -1 -1.2 0
0 -1.6 -0.8 0
0 -1.6 -1.2 0
0 -2.2 -0.8 0
0 -2.2 -1.2 0
0 -2.8 -0.8 0
0 -2.8 -1.2 0
0 -3.4 -0.8 0
0 -3.4 -1.2 0
0 -4 -0.8 0
0 -4 -1.2 0
-0.4 2 -0.8 0
-0.4 2 -1.2 0
-0.4 1.4 -0.8 0
-0.4 1.4 -1.2 0
-0.4 1.4 -1.6 0
-0.4 1.4 -2 0
-0.4 0.8 2 0
-0.4 0.8 1.6 0
-0.4 0.8 1.2 0
-0.4 0.8 0.8 0
-0.4 0.8 0.4 0
-0.4 0.8 0 0
-0.4 0.8 -0.4 0
-0.4 0.8 -0.8 0
-0.4 0.8 -1.2 0
-0.4 0.8 -1.6 0
-0.4 0.8 -2 0
-0.4 0.2 2 0
-0.4 0.2 1.6 0
-0.4 0.2 1.2 0
-0.4 0.2 0.8 -1.36357e-05
-0.4 0.2 0.4 0.0001151
-0.4 0.2 0 0.000264849
-0.4 0.2 -0.4 -2.67013e-05
-0.4 0.2 -0.8 0
-0.4 0.2 -1.2 0
-0.4 0.2 -1.6 0
-0.4 0.2 -2 0
-0.4 -0.4 2 0
-0.4 -0.4 1.6 0
-0.4 -0.4 1.2 1.20833e-05
-0.4 -0.4 0.8 -9.52007e-05
-0.4 -0.4 0.4 -0.00442067
-0.4 -0.4 0 -0.00202593
-0.4 -0.4 -0.4 0.000211605
-0.4 -0.4 -0.8 0
-0.4 -0.4 -1.2 0
-0.4 -0.4 -1.6 0
-0.4 -0.4 -2 0
-0.4 -1 2 0
-0.4 -1 1.6 0
-0.4 -1 1.2 -0.000112311
-0.4 -1 0.8 -0.00291664
-0.4 -1 0.4 0.0822607
-0.4 -1 0 0.0172047
-0.4 -1 -0.4 -0.00207199
-0.4 -1 -0.8 0
-0.4 -1 -1.2 0
-0.4 -1 -1.6 0
-0.4 -1 -2 0
-0.4 -1.6 2 0
-0.4 -1.6 1.6 0
-0.4 -1.6 1.2 -0.000282926
-0.4 -1.6 0.8 0.00346787
-0.4 -1.6 0.4 0.0415878
-0.4 -1.6 0 -0.00138872
-0.4 -1.6 -0.4 -2.21849e-05
-0.4 -1.6 -0.8 0
-0.4 -1.6 -1.2 0
-0.4 -1.6 -1.6 0
-0.4 -1.6 -2 0
-0.4 -2.2 2 0
-0.4 -2.2 1.6 0
-0.4 -2.2 1.2 2.49677e-05
-0.4 -2.2 0.8 -0.000315249
-0.4 -2.2 0.4 -0.0042855
-0.4 -2.2 0 0.000149222
-0.4 -2.2 -0.4 8.20673e-07
-0.4 -2.2 -0.8 0
-0.4 -2.2 -1.2 0
-0.4 -2.2 -1.6 0
-0.4 -2.2 -2 0
-0.4 -2.8 2 0
-0.4 -2.8 1.6 0
-0.4 -2.8 1.2 0
-0.4 -2.8 0.8 0
-0.4 -2.8 0.4 0
-0.4 -2.8 0 0
-0.4 -2.8 -0.4 0
-0.4 -2.8 -0.8 0
-0.4 -2.8 -1.2 0
-0.4 -2.8 -1.6 0
-0.4 -2.8 -2 0
-0.4 -3.4 2 0
-0.4 -3.4 1.6 0
-0.4 -3.4 1.2 0
-0.4 -3.4 0.8 0
-0.4 -3.4 0.4 0
-0.4 -3.4 0 0
-0.4 -3.4 -0.4 0
-0.4 -3.4 -0.8 0
-0.4 -3.4 -1.2 0
-0.4 -3.4 -1.6 0
-0.4 -3.4 -2 0
-0.4 -4 2 0
-0.4 -4 1.6 0
-0.4 -4 1.2 0
-0.4 -4 0.8 0
-0.4 -4 0.4 0
-0.4 -4 0 0
-0.4 -4 -0.4 0
-0.4 -4 -0.8 0
-0.4 -4 -1.2 0
-0.4 -4 -1.6 0
-0.4 -4 -2 0
-0.8 2 2 0
-0.8 2 1.6 0
-0.8 2 1.2 0
-0.8 2 0.8 0
-0.8 2 0.4 0
-0.8 2 0 0
-0.8 2 -0.4 0
-0.8 2 -0.8 0
-0.8 2 -1.2 0
-0.8 2 -1.6 0
-0.8 2 -2 0
-0.8 1.4 2 0
-0.8 1.4 1.6 0
-0.8 1.4 1.2 0
-0.8 1.4 0.8 0
-0.8 1.4 0.4 0
-0.8 1.4 0 0
-0.8 1.4 -0.4 0
-0.8 1.4 -0.8 0
-0.8 1.4 -1.2 0
-0.8 1.4 -1.6 0
-0.8 1.4 -2 0
-0.8 0.8 2 0
-0.8 0.8 1.6 0
-0.8 0.8 1.2 0
-0.8 0.8 0.8 0
-0.8 0.8 0.4 0
-0.8 0.8 0 0
-0.8 0.8 -0.4 0
-0.8 0.8 -0.8 0
-0.8 0.8 -1.2 0
-0.8 0.8 -1.6 0
-0.8 0.8 -2 0
-0.8 0.2 2 0
-0.8 0.2 1.6 0
-0.8 0.2 1.2 0
-0.8 0.2 0.8 -6.08269e-07
-0.8 0.2 0.4 5.9906e-06
-0.8 0.2 0 3.36503e-06
-0.8 0.2 -0.4 -3.79846e-07
-0.8 0.2 -0.8 0
-0.8 0.2 -1.2 0
-0.8 0.2 -1.6 0
-0.8 0.2 -2 0
-0.8 -0.4 2 0
-0.8 -0.4 1.6 0
-0.8 -0.4 1.2 3.69841e-06
-0.8 -0.4 0.8 -3.63876e-05
-0.8 -0.4 0.4 -0.000621913
-0.8 -0.4 0 -3.34536e-05
-0.8 -0.4 -0.4 6.28962e-06
-0.8 -0.4 -0.8 0
-0.8 -0.4 -1.2 0
-0.8 -0.4 -1.6 0
-0.8 -0.4 -2 0
-0.8 -1 2 0
-0.8 -1 1.6 0
-0.8 -1 1.2 -3.47975e-05
-0.8 -1 0.8 0.000974006
-0.8 -1 0.4 -0.000804353
-0.8 -1 0 -0.00279832
-0.8 -1 -0.4 0.000289074
-0.8 -1 -0.8 0
-0.8 -1 -1.2 0
-0.8 -1 -1.6 0
-0.8 -1 -2 0
-0.8 -1.6 2 0
-0.8 -1.6 1.6 0
-0.8 -1.6 1.2 -0.000107974
-0.8 -1.6 0.8 0.0011862
-0.8 -1.6 0.4 0.00899323
-0.8 -1.6 0 -0.000460313
-0.8 -1.6 -0.4 -3.39357e-06
-0.8 -1.6 -0.8 0
-0.8 -1.6 -1.2 0
-0.8 -1.6 -1.6 0
-0.8 -1.6 -2 0
-0.8 -2.2 2 0
-0.8 -2.2 1.6 0
-0.8 -2.2 1.2 9.19488e-06
-0.8 -2.2 0.8 -0.000103188
-0.8 -2.2 0.4 -0.000837275
-0.8 -2.2 0 4.41806e-05
-0.8 -2.2 -0.4 -8.76613e-08
-0.8 -2.2 -0.8 0
-0.8 -2.2 -1.2 0
-0.8 -2.2 -1.6 0
-0.8 -2.2 -2 0
-0.8 -2.8 2 0
-0.8 -2.8 1.6 0
-0.8 -2.8 1.2 0
-0.8 -2.8 0.8 0
-0.8 -2.8 0.4 0
-0.8 -2.8 0 0
-0.8 -3.4 0.4 0
-0.8 -3.4 0 0
-0.8 -4 0.4 0
-0.8 -4 0 0
-1.2 2 0.4 0
-1.2 2 0 0
-1.2 1.4 0.4 0
-1.2 1.4 0 0
-1.2 0.8 0.4 0
-1.2 0.8 0 0
-1.2 0.2 0.4 0
-1.2 0.2 0 0
-1.2 -0.4 0.4 4.91031e-05
-1.2 -0.4 0 -2.13207e-06
-1.2 -1 0.4 -0.00045246
-1.2 -1 0 1.98623e-05
-1.2 -1.6 0.4 -0.000902438
-1.2 -1.6 0 5.19895e-05
-1.2 -1.6 -0.4 0
-1.2 -1.6 -0.8 0
-1.2 -1.6 -1.2 0
-1.2 -1.6 -1.6 0
-1.2 -1.6 -2 0
-1.2 -2.2 2 0
-1.2 -2.2 1.6 0
-1.2 -2.2 1.2 -1.00437e-06
-1.2 -2.2 0.8 1.10672e-05
-1.2 -2.2 0.4 8.29453e-05
-1.2 -2.2 0 -4.55251e-06
-1.2 -2.2 -0.4 0
-1.2 -2.2 -0.8 0
-1.2 -2.2 -1.2 0
-1.2 -2.2 -1.6 0
-1.2 -2.2 -2 0
-1.2 -2.8 2 0
-1.2 -2.8 1.6 0
-1.2 -2.8 1.2 0
-1.2 -2.8 0.8 0
-1.2 -2.8 0.4 0
-1.2 -2.8 0 0
-1.2 -2.8 -0.4 0
-1.2 -2.8 -0.8 0
-1.2 -2.8 -1.2 0
-1.2 -2.8 -1.6 0
-1.2 -2.8 -2 0
-1.2 -3.4 2 0
-1.2 -3.4 1.6 0
-1.2 -3.4 1.2 0
-1.2 -3.4 0.8 0
-1.2 -3.4 0.4 0
-1.2 -3.4 0 0
-1.2 -3.4 -0.4 0
-1.2 -3.4 -0.8 0
-1.2 -3.4 -1.2 0
-1.2 -3.4 -1.6 0
-1.2 -3.4 -2 0
-1.2 -4 2 0
-1.2 -4 1.6 0
-1.2 -4 1.2 0
-1.2 -4 0.8 0
-1.2 -4 0.4 0
-1.2 -4 0 0
-1.2 -4 -0.4 0
-1.2 -4 -0.8 0
-1.2 -4 -1.2 0
-1.2 -4 -1.6 0
-1.2 -4 -2 0
-1.6 2 2 0
-1.6 2 1.6 0
-1.6 2 1.2 0
-1.6 2 0.8 0
-1.6 2 0.4 0
-1.6 2 0 0
-1.6 2 -0.4 0
-1.6 2 -0.8 0
-1.6 2 -1.2 0
-1.6 2 -1.6 0
0.4 -0.4 -0.4 -0.00337308
-1.6 2 -2 0
0.4 -0.4 -1.6 0
-1.6 1.4 2 0
0.4 -0.4 -2 0
-1.6 1.4 1.6 0
-1.6 1.4 1.2 0
-1.6 1.4 0.8 0
0.4 -1 2 0
-1.6 1.4 0.4 0
0.4 -1 1.6 0
-1.6 1.4 0 0
0.4 -1 1.2 0
-1.6 1.4 -0.4 0
0.4 -1 0.8 8.37387e-06
-1.6 1.4 -0.8 0
0.4 -1 0.4 -0.00105366
-1.6 1.4 -1.2 0
0.4 -1 0 0.0198064
-1.6 1.4 -1.6 0
0.4 -1 -0.4 -0.00113305
-1.6 1.4 -2 0
0.4 -1 -1.6 0
-1.6 0.8 2 0
0.4 -1 -2 0
-1.6 0.8 1.6 0
-1.6 0.8 1.2 0
-1.6 0.8 0.8 0
0.4 -1.6 2 0
-1.6 0.8 0.4 0
0.4 -1.6 1.6 0
-1.6 0.8 0 0
0.4 -1.6 1.2 0
-1.6 0.8 -0.4 0
0.4 -1.6 0.8 7.13203e-05
-1.6 0.8 -0.8 0
0.4 -1.6 0.4 -0.000648481
-1.6 0.8 -1.2 0
0.4 -1.6 0 -0.002152
-1.6 0.8 -1.6 0
0.4 -1.6 -0.4 0.000146838
-1.6 0.8 -2 0
0.4 -1.6 -1.6 0
-1.6 0.2 2 0
0.4 -1.6 -2 0
-1.6 0.2 1.6 0
-1.6 0.2 1.2 0
-1.6 0.2 0.8 0
0.4 -2.2 2 0
-1.6 0.2 0.4 0
0.4 -2.2 1.6 0
-1.6 0.2 0 0
0.4 -2.2 1.2 0
-1.6 0.2 -0.4 0
0.4 -2.2 0.8 -2.18925e-07
-1.6 0.2 -0.8 0
0.4 -2.2 0.4 2.75302e-06
-1.6 0.2 -1.2 0
0.4 -2.2 0 6.95583e-07
-1.6 0.2 -1.6 0
0.4 -2.2 -0.4 -7.14934e-08
-1.6 0.2 -2 0
0.4 -2.2 -1.6 0
-1.6 -0.4 2 0
0.4 -2.8 0 0
-1.6 -0.4 -1.6 0
0.4 -2.8 -0.4 0
-1.6 -0.4 -2 0
0.4 -3.4 0 0
-1.6 -1 -1.6 0
0.4 -3.4 -0.4 0
-1.6 -1 -2 0
0.4 -4 0 0
-1.6 -1.6 -1.6 0
0.4 -4 -0.4 0
-1.6 -1.6 -2 0
-1.6 -2.2 -1.6 0
-1.6 -2.2 -2 0
-1.6 -2.8 -1.6 0
-1.6 -2.8 -2 0
2 0.2 1.2 0
-1.6 -3.4 2 0
2 0.2 0.8 0
-1.6 -3.4 1.6 0
2 0.2 0.4 0
-1.6 -3.4 1.2 0
2 0.2 0 0
-1.6 -3.4 0.8 0
0 2 2 0
2 0.2 -0.4 0
-1.6 -3.4 0.4 0
0 2 1.6 0
2 0.2 -0.8 0
-1.6 -3.4 0 0
0 2 1.2 0
2 0.2 -1.2 0
-1.6 -3.4 -0.4 0
0 2 0.8 0
2 0.2 -1.6 0
-1.6 -3.4 -0.8 0
0 2 0.4 0
2 0.2 -2 0
-1.6 -3.4 -1.2 0
0 2 0 0
-1.6 -3.4 -1.6 0
0 2 -0.4 0
-1.6 -3.4 -2 0
0 2 -1.6 0
2 -0.4 1.2 0
-1.6 -4 2 0
0 2 -2 0
2 -0.4 0.8 0
-1.6 -4 1.6 0
2 -0.4 0.4 0
-1.6 -4 1.2 0
2 -0.4 0 0
-1.6 -4 0.8 0
0 1.4 2 0
2 -0.4 -0.4 0
-1.6 -4 0.4 0
0 1.4 1.6 0
2 -0.4 -0.8 0
-1.6 -4 0 0
0 1.4 1.2 0
2 -0.4 -1.2 0
-1.6 -4 -0.4 0
0 1.4 0.8 0
2 -0.4 -1.6 0
-1.6 -4 -0.8 0
0 1.4 0.4 0
2 -0.4 -2 0
-1.6 -4 -1.2 0
0 1.4 0 0
-1.6 -4 -1.6 0
0 1.4 -0.4 0
-1.6 -4 -2 0
-0.8 -2.8 -0.4 0
0 0.2 -1.6 0
2 -2.2 1.2 0
-2 2 2 0
-0.8 -2.8 -0.8 0
0 0.2 -2 0
2 -2.2 0.8 0
-2 2 1.6 0
-0.8 -2.8 -1.2 0
2 -2.2 0.4 0
-2 2 1.2 0
-0.8 -2.8 -1.6 0
2 -2.2 0 0
-2 2 0.8 0
-0.8 -2.8 -2 0
0 -0.4 2 0
2 -2.2 -0.4 0
-2 2 0.4 0
0 -0.4 1.6 0
2 -2.2 -0.8 0
-2 2 0 0
0 -0.4 1.2 -9.6808e-07
2 -2.2 -1.2 0
-2 2 -0.4 0
-0.8 -3.4 2 0
0 -0.4 0.8 -0.00334809
2 -2.2 -1.6 0
-2 2 -0.8 0
-0.8 -3.4 1.6 0
0 -0.4 0.4 0.0301124
2 -2.2 -2 0
-2 2 -1.2 0
-0.8 -3.4 1.2 0
0 -0.4 0 0.0402845
-2 2 -1.6 0
-0.8 -3.4 0.8 0
0 -0.4 -0.4 -0.00467967
-2 2 -2 0
-0.8 -3.4 -0.4 0
0 -0.4 -1.6 0
2 -2.8 1.2 0
-2 1.4 2 0
-0.8 -3.4 -0.8 0
0 -0.4 -2 0
2 -2.8 0.8 0
-2 1.4 1.6 0
-0.8 -3.4 -1.2 0
2 -2.8 0.4 0
-2 1.4 1.2 0
-0.8 -3.4 -1.6 0
2 -2.8 0 0
-2 1.4 0.8 0
-0.8 -3.4 -2 0
0 -1 2 0
2 -2.8 -0.4 0
-2 1.4 0.4 0
0 -1 1.6 0
2 -2.8 -0.8 0
-2 1.4 0 0
0 -1 1.2 9.04447e-06
2 -2.8 -1.2 0
-2 1.4 -0.4 0
-0.8 -4 2 0
0 -1 0.8 -0.0160053
2 -2.8 -1.6 0
-2 1.4 -0.8 0
-0.8 -4 1.6 0
0 -1 0.4 0.15119
2 -2.8 -2 0
-2 1.4 -1.2 0
-0.8 -4 1.2 0
0 -1 0 0.14303
-2 1.4 -1.6 0
-0.8 -4 0.8 0
0 -1 -0.4 -0.0151824
-2 1.4 -2 0
-0.8 -4 -0.4 0
0 -1 -1.6 0
2 -3.4 1.2 0
-2 0.8 2 0
-0.8 -4 -0.8 0
0 -1 -2 0
2 -3.4 0.8 0
-2 0.8 1.6 0
0 -1.6 1.6 0
2 -3.4 -0.8 0
-2 0.8 0 0
0 -1.6 1.2 2.52681e-05
2 -3.4 -1.2 0
-2 0.8 -0.4 0
0 -2.2 1.6 0
2 -4 -0.8 0
-2 0.2 0 0
0 -2.2 1.2 -2.19222e-06
2 -4 -1.2 0
-2 0.2 -0.4 0
0 -2.2 0.8 2.80506e-05
2 -4 -1.6 0
-2 0.2 -0.8 0
0 -2.2 0.4 0.000254741
2 -4 -2 0
-2 0.2 -1.2 0
0 -2.2 0 -1.81511e-05
-2 0.2 -1.6 0
0 -2.2 -0.4 6.37849e-07
-2 0.2 -2 0
0 -2.2 -1.6 0
-2 -0.4 2 0
0 -2.2 -2 0
-2 -0.4 1.6 0
-2 -0.4 1.2 0
-2 -0.4 0.8 0
0 -2.8 2 0
-2 -0.4 0.4 0
0 -2.8 1.6 0
-2 -0.4 0 0
0 -2.8 1.2 0
-2 -0.4 -0.4 0
-1.2 2 2 0
0 -2.8 0.8 0
-2 -0.4 -0.8 0
-1.2 2 1.6 0
0 -2.8 0.4 0
-2 -0.4 -1.2 0
-1.2 2 1.2 0
0 -2.8 0 0
-2 -0.4 -1.6 0
-1.2 2 0.8 0
0 -2.8 -0.4 0
-2 -0.4 -2 0
-1.2 2 -0.4 0
0 -2.8 -1.6 0
-2 -1 2 0
-1.2 2 -0.8 0
0 -2.8 -2 0
-2 -1 1.6 0
-1.2 2 -1.2 0
-2 -1 1.2 0
-1.2 2 -1.6 0
-2 -1 0.8 0
-1.2 2 -2 0
0 -3.4 2 0
-2 -1 0.4 0
0 -3.4 1.6 0
-2 -1 0 0
0 -3.4 1.2 0
-2 -1 -0.4 0
-1.2 1.4 2 0
0 -3.4 0.8 0
-2 -1 -0.8 0
-1.2 1.4 1.6 0
0 -3.4 0.4 0
-2 -1 -1.2 0
-1.2 1.4 1.2 0
0 -3.4 0 0
-2 -1 -1.6 0
-1.2 1.4 0.8 0
0 -3.4 -0.4 0
-2 -1 -2 0
-1.2 1.4 -0.4 0
0 -3.4 -1.6 0
1.6 2 1.2 0
-2 -1.6 2 0
-1.2 1.4 -0.8 0
0 -3.4 -2 0
1.6 2 0.8 0
-2 -1.6 1.6 0
-1.2 1.4 -1.2 0
1.6 2 0.4 0
-2 -1.6 1.2 0
0.4 -2.2 -2 0
-1.6 -0.4 1.6 0
-1.2 1.4 -1.6 0
1.6 2 0 0
-2 -1.6 0.8 0
-1.6 -0.4 1.2 0
-1.2 1.4 -2 0
0 -4 2 0
1.6 2 -0.4 0
-2 -1.6 0.4 0
-1.6 -0.4 0.8 0
0 -4 1.6 0
1.6 2 -0.8 0
-2 -1.6 0 0
0.4 -2.8 2 0
-1.6 -0.4 0.4 0
0 -4 1.2 0
1.6 2 -1.2 0
-2 -1.6 -0.4 0
0.4 -2.8 1.6 0
-1.6 -0.4 0 0
-1.2 0.8 2 0
0 -4 0.8 0
1.6 2 -1.6 0
-2 -1.6 -0.8 0
0.4 -2.8 -2 0
-1.6 -1 1.6 0
-1.2 0.8 -1.6 0
1.6 1.4 0 0
-2 -2.2 0.8 0
-1.6 -1 1.2 0
-1.2 0.8 -2 0
1.6 1.4 -0.4 0
-2 -2.2 0.4 0
-1.6 -1 0.8 0
1.6 1.4 -0.8 0
-2 -2.2 0 0
0.4 -3.4 2 0
-1.6 -1 0.4 0
1.6 1.4 -1.2 0
-2 -2.2 -0.4 0
0.4 -3.4 1.6 0
-1.6 -1 0 0
-1.2 0.2 2 0
1.6 1.4 -1.6 0
-2 -2.2 -0.8 0
0.4 -3.4 1.2 0
-1.6 -1 -0.4 0
-1.2 0.2 1.6 0
1.6 1.4 -2 0
-2 -2.2 -1.2 0
0.4 -3.4 0.8 0
-1.6 -1 -0.8 0
-1.2 0.2 1.2 0
-2 -2.2 -1.6 0
0.4 -3.4 0.4 0
-1.6 -1 -1.2 0
-1.2 0.2 0.8 0
-2 -2.2 -2 0
-1.2 0.2 -0.4 0
1.6 0.8 1.2 0
-2 -2.8 2 0
-1.2 0.2 -0.8 0
1.6 0.8 0.8 -5.62248e-10
-2 -2.8 1.6 0
0.4 -3.4 -1.6 0
2 2 1.2 0
-1.6 -1.6 2 0
-1.2 0.2 -1.2 0
1.6 0.8 0.4 7.20039e-08
-2 -2.8 1.2 0
0.4 -3.4 -2 0
2 2 0.8 0
-1.6 -1.6 1.6 0
-1.2 0.2 -1.6 0
1.6 0.8 0 8.15294e-05
-2 -2.8 0.8 0
2 2 0.4 0
-1.6 -1.6 1.2 0
-1.2 0.2 -2 0
1.6 0.8 -0.4 -6.8619e-08
-2 -2.8 0.4 0
2 2 0 0
-1.6 -1.6 0.8 0
1.6 0.8 -0.8 0
-2 -2.8 0 0
0.4 -4 2 0
2 2 -0.4 0
-1.6 -1.6 0.4 0
1.6 0.8 -1.2 0
-2 -2.8 -0.4 0
0.4 -4 1.6 0
2 2 -0.8 0
-1.6 -1.6 0 0
-1.2 -0.4 2 0
1.6 0.8 -1.6 0
-2 -2.8 -0.8 0
0.4 -4 1.2 0
2 2 -1.2 0
-1.6 -1.6 -0.4 0
-1.2 -0.4 1.6 0
1.6 0.8 -2 0
-2 -2.8 -1.2 0
0.4 -4 0.8 0
2 2 -1.6 0
-1.6 -1.6 -0.8 0
-1.2 -0.4 1.2 -3.94704e-07
-2 -2.8 -1.6 0
-1.2 -0.4 -0.8 0
1.6 0.2 0.8 5.04103e-09
-2 -3.4 1.6 0
0.4 -4 -1.6 0
2 1.4 1.2 0
-1.6 -2.2 2 0
-1.2 -0.4 -1.2 0
1.6 0.2 0.4 -6.49747e-07
-2 -3.4 1.2 0
0.4 -4 -2 0
2 1.4 0.8 0
-1.6 -2.2 1.6 0
-1.2 -0.4 -1.6 0
1.6 0.2 0 -0.000794143
-2 -3.4 0.8 0
2 1.4 0.4 0
-1.6 -2.2 1.2 0
-1.2 -0.4 -2 0
-0.4 2 2 0
1.6 0.2 -0.4 6.19399e-07
-2 -3.4 0.4 0
2 1.4 0 0
-1.6 -2.2 0.8 0
-0.4 2 1.6 0
1.6 0.2 -0.8 0
-2 -3.4 0 0
2 1.4 -0.4 0
-1.6 -2.2 0.4 0
-0.4 2 1.2 0
1.6 0.2 -1.2 0
-2 -3.4 -0.4 0
2 1.4 -0.8 0
-1.6 -2.2 0 0
-1.2 -1 2 0
-0.4 2 0.8 0
1.6 0.2 -1.6 0
-2 -3.4 -0.8 0
-0.8 -4 -1.2 0
2 -3.4 0.4 0
-2 0.8 1.2 0
2 1.4 -1.2 0
-1.6 -2.2 -0.4 0
-1.2 -1 1.6 0
-0.4 2 0.4 0
1.6 0.2 -2 0
-2 -3.4 -1.2 0
-0.8 -4 -1.6 0
2 -3.4 0 0
-2 0.8 0.8 0
2 1.4 -1.6 0
-1.6 -2.2 -0.8 0
-1.2 -1 1.2 3.71991e-06
-0.4 2 0 0
-2 -3.4 -1.6 0
-0.8 -4 -2 0
0 -1.6 2 0
2 -3.4 -0.4 0
-2 0.8 0.4 0
2 1.4 -2 0
-1.6 -2.2 -1.2 0
-1.2 -1 0.8 -4.38908e-05
-0.4 2 -0.4 0
-2 -3.4 -2 0
0 -1.6 0.8 0.000527992
2 -3.4 -1.6 0
-2 0.8 -0.8 0
-1.2 -1 -0.4 0
-0.4 2 -1.6 0
1.6 -0.4 1.2 0
-2 -4 2 0
0 -1.6 0.4 -0.0101923
2 -3.4 -2 0
-2 0.8 -1.2 0
-1.2 -1 -0.8 0
-0.4 2 -2 0
1.6 -0.4 0.8 5.74653e-09
-2 -4 1.6 0
0 -1.6 0 -0.0102825
-2 0.8 -1.6 0
2 0.8 1.2 0
-1.6 -2.8 2 0
-1.2 -1 -1.2 0
1.6 -0.4 0.4 -6.86012e-07
-2 -4 1.2 0
0.4 -2.8 1.2 0
-1.6 -0.4 -0.4 0
-1.2 0.8 1.6 0
0 -4 0.4 0
1.6 2 -2 0
-2 -1.6 -1.2 0
0 -1.6 -0.4 0.00108588
-2 0.8 -2 0
2 0.8 0.8 0
-1.6 -2.8 1.6 0
-1.2 -1 -1.6 0
1.6 -0.4 0 -0.000538682
-2 -4 0.8 0
0.4 -2.8 0.8 0
-1.6 -0.4 -0.8 0
-1.2 0.8 1.2 0
0 -4 0 0
-2 -1.6 -1.6 0
2 0.8 0.4 0
-1.6 -2.8 1.2 0
-1.2 -1 -2 0
-0.4 1.4 2 0
1.6 -0.4 -0.4 6.51409e-07
-2 -4 0.4 0
0.4 -2.8 0.4 0
-1.6 -0.4 -1.2 0
-1.2 0.8 0.8 0
0 -4 -0.4 0
-2 -1.6 -2 0
2 0.8 0 0
-1.6 -2.8 0.8 0
-0.4 1.4 1.6 0
1.6 -0.4 -0.8 0
-2 -4 0 0
0 -1.6 -1.6 0
2 -4 1.2 0
-2 0.2 2 0
2 0.8 -0.4 0
-1.6 -2.8 0.4 0
-0.4 1.4 1.2 0
1.6 -0.4 -1.2 0
-2 -4 -0.4 0
0.4 -4 0.4 0
2 2 -2 0
-1.6 -1.6 -1.2 0
-1.2 -0.4 0.8 4.68052e-06
-2 -2.8 -2 0
0 -1.6 -2 0
2 -4 0.8 0
-2 0.2 1.6 0
2 0.8 -0.8 0
-1.6 -2.8 0 0
-1.2 -1.6 2 0
-0.4 1.4 0.8 0
1.6 -0.4 -1.6 0
-2 -4 -0.8 0
-1.2 0.8 -0.4 0
0 -4 -1.6 0
1.6 1.4 1.2 0
-2 -2.2 2 0
2 -4 0.4 0
-2 0.2 1.2 0
2 0.8 -1.2 0
-1.6 -2.8 -0.4 0
-1.2 -1.6 1.6 0
-0.4 1.4 0.4 0
1.6 -0.4 -2 0
-2 -4 -1.2 0
-1.2 0.8 -0.8 0
0 -4 -2 0
1.6 1.4 0.8 0
-2 -2.2 1.6 0
2 -4 0 0
-2 0.2 0.8 0
2 0.8 -1.6 0
-1.6 -2.8 -0.8 0
-1.2 -1.6 1.2 1.18405e-05
-0.4 1.4 0 0
-2 -4 -1.6 0
-1.2 -0.4 -0.4 0
1.6 0.2 1.2 0
-2 -3.4 2 0
0.4 -2.8 -1.6 0
-1.6 -1 2 0
-1.2 0.8 -1.2 0
1.6 1.4 0.4 0
-2 -2.2 1.2 0
0 -2.2 2 0
2 -4 -0.4 0
-2 0.2 0.4 0
2 0.8 -2 0
-1.6 -2.8 -1.2 0
-1.2 -1.6 0.8 -0.000128867
-0.4 1.4 -0.4 0
-2 -4 -2 0