2 2 2 0
2 2 1.6 0
2 1.4 2 0
2 1.4 1.6 0
2 0.8 2 0
2 0.8 1.6 0
2 0.2 2 0
2 0.2 1.6 0
2 -0.4 2 0
2 -0.4 1.6 0
2 -1 2 0
2 -1 1.6 0
2 -1 1.2 0
2 -1 0.8 0
2 -1 0.4 0
2 -1 0 0
2 -1 -0.4 0
2 -1 -0.8 0
2 -1 -1.2 0
2 -1 -1.6 0
2 -1 -2 0
2 -1.6 2 0
2 -1.6 1.6 0
2 -1.6 1.2 0
2 -1.6 0.8 0
2 -1.6 0.4 0
2 -1.6 0 0
2 -1.6 -0.4 0
2 -1.6 -0.8 0
2 -1.6 -1.2 0
2 -1.6 -1.6 0
2 -1.6 -2 0
2 -2.2 2 0
2 -2.2 1.6 0
2 -2.8 2 0
2 -2.8 1.6 0
2 -3.4 2 0
2 -3.4 1.6 0
2 -4 2 0
2 -4 1.6 0
1.6 2 2 0
1.6 2 1.6 0
1.6 1.4 2 0
1.6 1.4 1.6 0
1.6 0.8 2 0
1.6 0.8 1.6 0
1.6 0.2 2 0
1.6 0.2 1.6 0
1.6 -0.4 2 0
1.6 -0.4 1.6 0
1.6 -1 2 0
1.6 -1 1.6 0
1.6 -1 1.2 0
1.6 -1 0.8 4.23839e-09
1.6 -1 0.4 -5.42454e-07
1.6 -1 0 -0.00218978
1.6 -1 -0.4 5.16935e-07
1.6 -1 -0.8 0
1.6 -1 -1.2 0
1.6 -1 -1.6 0
1.6 -1 -2 0
1.6 -1.6 2 0
1.6 -1.6 1.6 0
1.6 -1.6 1.2 0
1.6 -1.6 0.8 0
1.6 -1.6 0.4 0
1.6 -1.6 0 0
1.6 -1.6 -0.4 0
1.6 -1.6 -0.8 0
1.6 -1.6 -1.2 0
1.6 -1.6 -1.6 0
1.6 -1.6 -2 0
1.6 -2.2 2 0
1.6 -2.2 1.6 0
1.6 -2.2 1.2 0
1.6 -2.2 0.8 0
1.6 -2.2 0.4 0
1.6 -2.2 0 0
1.6 -2.2 -0.4 0
1.6 -2.2 -0.8 0
1.6 -2.2 -1.2 0
1.6 -2.2 -1.6 0
1.6 -2.2 -2 0
1.6 -2.8 2 0
1.6 -2.8 1.6 0
1.6 -2.8 1.2 0
1.6 -2.8 0.8 0
1.6 -2.8 0.4 0
1.6 -2.8 0 0
1.6 -2.8 -0.4 0
1.6 -2.8 -0.8 0
1.6 -2.8 -1.2 0
1.6 -2.8 -1.6 0
1.6 -2.8 -2 0
1.6 -3.4 2 0
1.6 -3.4 1.6 0
1.6 -3.4 1.2 0
1.6 -3.4 0.8 0
1.6 -3.4 0.4 0
1.6 -3.4 0 0
1.6 -3.4 -0.4 0
1.6 -3.4 -0.8 0
1.6 -3.4 -1.2 0
1.6 -3.4 -1.6 0
1.6 -3.4 -2 0
1.6 -4 2 0
1.6 -4 1.6 0
1.6 -4 1.2 0
1.6 -4 0.8 0
1.6 -4 0.4 0
1.6 -4 0 0
1.6 -4 -0.4 0
1.6 -4 -0.8 0
1.6 -4 -1.2 0
1.6 -4 -1.6 0
1.6 -4 -2 0
1.2 2 2 0
1.2 2 1.6 0
1.2 2 1.2 0
1.2 2 0.8 0
1.2 2 0.4 0
1.2 2 0 0
1.2 2 -0.4 0
1.2 2 -0.8 0
1.2 2 -1.2 0
1.2 2 -1.6 0
1.2 2 -2 0
1.2 1.4 2 0
1.2 1.4 1.6 0
1.2 1.4 1.2 0
1.2 1.4 0.8 0
1.2 1.4 0.4 0
1.2 1.4 0 0
1.2 1.4 -0.4 0
1.2 1.4 -0.8 0
1.2 1.4 -1.2 0
1.2 1.4 -1.6 0
1.2 1.4 -2 0
1.2 0.8 2 0
1.2 0.8 1.6 0
1.2 0.8 1.2 0
1.2 0.8 0.8 1.48556e-08
1.2 0.8 0.4 3.71337e-06
1.2 0.8 0 0.0365171
1.2 0.8 -0.4 -3.80655e-06
1.2 0.8 -0.8 0
1.2 0.8 -1.2 0
1.2 0.8 -1.6 0
1.2 0.8 -2 0
1.2 0.2 2 0
1.2 0.2 1.6 0
1.2 0.2 1.2 0
1.2 0.2 0.8 2.93815e-07
1.2 0.2 0.4 -4.20638e-05
1.2 0.2 0 -0.37823
1.2 0.2 -0.4 4.02763e-05
1.2 0.2 -0.8 0
1.2 0.2 -1.2 0
1.2 0.2 -1.6 0
1.2 0.2 -2 0
1.2 -0.4 2 0
1.2 -0.4 1.6 0
1.2 -0.4 1.2 0
1.2 -0.4 0.8 -1.74519e-05
1.2 -0.4 0.4 0.00034239
1.2 -0.4 0 -0.168146
1.2 -0.4 -0.4 -0.000235289
1.2 -0.4 -0.8 0
1.2 -0.4 -1.2 0
1.2 -0.4 -1.6 0
1.2 -0.4 -2 0
1.2 -1 2 0
1.2 -1 1.6 0
1.2 -1 1.2 0
1.2 -1 0.8 -9.8252e-07
1.2 -1 0.4 2.37361e-05
1.2 -1 0 0.0203161
1.2 -1 -0.4 -1.77058e-05
1.2 -1 -0.8 0
1.2 -1 -1.2 0
1.2 -1 -1.6 0
1.2 -1 -2 0
1.2 -1.6 2 0
1.2 -1.6 1.6 0
1.2 -1.6 1.2 0
1.2 -1.6 0.8 1.01977e-07
1.2 -1.6 0.4 -2.17421e-06
1.2 -1.6 0 -5.65654e-05
1.2 -1.6 -0.4 1.54886e-06
1.2 -1.6 -0.8 0
1.2 -1.6 -1.2 0
1.2 -1.6 -1.6 0
1.2 -1.6 -2 0
1.2 -2.2 2 0
1.2 -2.2 1.6 0
1.2 -2.2 1.2 0
1.2 -2.2 0.8 0
1.2 -2.2 0.4 0
1.2 -2.2 0 0
1.2 -2.2 -0.4 0
1.2 -2.2 -0.8 0
1.2 -2.2 -1.2 0
1.2 -2.2 -1.6 0
1.2 -2.2 -2 0
1.2 -2.8 2 0
1.2 -2.8 1.6 0
1.2 -2.8 1.2 0
1.2 -2.8 0.8 0
1.2 -2.8 0.4 0
1.2 -2.8 0 0
1.2 -2.8 -0.4 0
1.2 -2.8 -0.8 0
1.2 -2.8 -1.2 0
1.2 -2.8 -1.6 0
1.2 -2.8 -2 0
1.2 -3.4 2 0
1.2 -3.4 1.6 0
1.2 -3.4 1.2 0
1.2 -3.4 0.8 0
1.2 -3.4 0.4 0
1.2 -3.4 0 0
1.2 -3.4 -0.4 0
1.2 -3.4 -0.8 0
1.2 -3.4 -1.2 0
1.2 -3.4 -1.6 0
1.2 -3.4 -2 0
1.2 -4 2 0
1.2 -4 1.6 0
1.2 -4 1.2 0
1.2 -4 0.8 0
1.2 -4 0.4 0
1.2 -4 0 0
1.2 -4 -0.4 0
1.2 -4 -0.8 0
1.2 -4 -1.2 0
1.2 -4 -1.6 0
1.2 -4 -2 0
0.8 2 2 0
0.8 2 1.6 0
0.8 2 1.2 0
0.8 2 0.8 0
0.8 2 0.4 0
0.8 2 0 0
0.8 2 -0.4 0
0.8 2 -0.8 0
0.8 2 -1.2 0
0.8 2 -1.6 0
0.8 2 -2 0
0.8 1.4 2 0
0.8 1.4 1.6 0
0.8 1.4 1.2 0
0.8 1.4 0.8 0
0.8 1.4 0.4 0
0.8 1.4 0 0
0.8 1.4 -0.4 0
0.8 1.4 -0.8 0
0.8 1.4 -1.2 0
0.8 1.4 -1.6 0
0.8 1.4 -2 0
0.8 0.8 2 0
0.8 0.8 1.6 0
0.8 0.8 1.2 0
0.8 0.8 0.8 -1.38189e-06
0.8 0.8 0.4 7.45155e-05
0.8 0.8 0 0.0520129
0.8 0.8 -0.4 -6.61418e-05
0.8 0.8 -0.8 0
0.8 0.8 -1.2 0
0.8 0.8 -1.6 0
0.8 0.8 -2 0
0.8 0.2 2 0
0.8 0.2 1.6 0
0.8 0.2 1.2 0
0.8 0.2 0.8 1.79543e-05
0.8 0.2 0.4 -0.000669884
0.8 0.2 0 -0.516325
0.8 0.2 -0.4 0.000549125
0.8 0.2 -0.8 0
0.8 0.2 -1.2 0
0.8 0.2 -1.6 0
0.8 0.2 -2 0
0.8 -0.4 2 0
0.8 -0.4 1.6 0
0.8 -0.4 1.2 0
0.8 -0.4 0.8 0.00010817
0.8 -0.4 0.4 -0.00418463
0.8 -0.4 0 -0.487898
0.8 -0.4 -0.4 0.00362591
0.8 -0.4 -0.8 0
0.8 -0.4 -1.2 0
0.8 -0.4 -1.6 0
0.8 -0.4 -2 0
0.8 -1 2 0
0.8 -1 1.6 0
0.8 -1 1.2 0
0.8 -1 0.8 -0.000157195
0.8 -1 0.4 0.00136652
0.8 -1 0 0.0382491
0.8 -1 -0.4 -0.00020933
0.8 -1 -0.8 0
0.8 -1 -1.2 0
0.8 -1 -1.6 0
0.8 -1 -2 0
0.8 -1.6 2 0
0.8 -1.6 1.6 0
0.8 -1.6 1.2 0
0.8 -1.6 0.8 1.54962e-05
0.8 -1.6 0.4 -0.000123786
0.8 -1.6 0 0.00034474
0.8 -1.6 -0.4 9.45019e-06
0.8 -1.6 -0.8 0
0.8 -1.6 -1.2 0
0.8 -1.6 -1.6 0
0.8 -1.6 -2 0
0.8 -2.2 2 0
0.8 -2.2 1.6 0
0.8 -2.2 1.2 0
0.8 -2.2 0.8 0
0.8 -2.2 0.4 0
0.8 -2.2 0 0
0.8 -2.2 -0.4 0
0.8 -2.2 -0.8 0
0.8 -2.2 -1.2 0
0.8 -2.2 -1.6 0
0.8 -2.2 -2 0
0.8 -2.8 2 0
0.8 -2.8 1.6 0
0.8 -2.8 1.2 0
0.8 -2.8 0.8 0
0.8 -2.8 0.4 0
0.8 -2.8 0 0
0.8 -2.8 -0.4 0
0.8 -2.8 -0.8 0
0.8 -2.8 -1.2 0
0.8 -2.8 -1.6 0
0.8 -2.8 -2 0
0.8 -3.4 2 0
0.8 -3.4 1.6 0
0.8 -3.4 1.2 0
0.8 -3.4 0.8 0
0.8 -3.4 0.4 0
0.8 -3.4 0 0
0.8 -3.4 -0.4 0
0.8 -3.4 -0.8 0
0.8 -3.4 -1.2 0
0.8 -3.4 -1.6 0
0.8 -3.4 -2 0
0.8 -4 2 0
0.8 -4 1.6 0
0.8 -4 1.2 0
0.8 -4 0.8 0
0.8 -4 0.4 0
0.8 -4 0 0
0.8 -4 -0.4 0
0.8 -4 -0.8 0
0.8 -4 -1.2 0
0.8 -4 -1.6 0
0.8 -4 -2 0
0.4 2 2 0
0.4 2 1.6 0
0.4 2 1.2 0
0.4 2 0.8 0
0.4 2 0.4 0
0.4 2 0 0
0.4 2 -0.4 0
0.4 2 -0.8 0
0.4 2 -1.2 0
0.4 2 -1.6 0
0.4 2 -2 0
0.4 1.4 2 0
0.4 1.4 1.6 0
0.4 1.4 1.2 0
0.4 1.4 0.8 0
0.4 1.4 0.4 0
0.4 1.4 0 0
0.4 1.4 -0.4 0
0.4 1.4 -0.8 0
0.4 1.4 -1.2 0
0.4 1.4 -1.6 0
0.4 1.4 -2 0
0.4 0.8 2 0
0.4 0.8 1.6 0
0.4 0.8 1.2 0
0.4 0.8 0.8 -1.90918e-07
0.4 0.8 0.4 3.90292e-06
0.4 0.8 0 -0.00449984
0.4 0.8 -0.4 -2.73743e-06
0.4 0.8 -0.8 0
0.4 0.8 -1.2 0
0.4 0.8 -1.6 0
0.4 0.8 -2 0
0.4 0.2 2 0
0.4 0.2 1.6 0
0.4 0.2 1.2 0
0.4 0.2 0.8 -0.000136076
0.4 0.2 0.4 0.00158214
0.4 0.2 0 0.0654131
0.4 0.2 -0.4 -0.00063153
0.4 0.2 -0.8 0
0.4 0.2 -1.2 0
0.4 0.2 -1.6 0
0.4 0.2 -2 0
0.4 -0.4 2 0
0.4 -0.4 1.6 0
0.4 -0.4 1.2 0
0.4 -0.4 0.8 0.00155254
0.4 -0.4 0.4 -0.0214982
0.4 -0.4 0 -0.336628
0.4 -0.4 -0.8 0
0.4 -0.4 -1.2 0
0.4 -1 -0.8 0
0.4 -1 -1.2 0
0.4 -1.6 -0.8 0
0.4 -1.6 -1.2 0
0.4 -2.2 -0.8 0
0.4 -2.2 -1.2 0
0.4 -2.8 -0.8 0
0.4 -2.8 -1.2 0
0.4 -3.4 -0.8 0
0.4 -3.4 -1.2 0
0.4 -4 -0.8 0
0.4 -4 -1.2 0
0 2 -0.8 0
0 2 -1.2 0
0 1.4 -0.8 0
0 1.4 -1.2 0
0 1.4 -1.6 0
0 1.4 -2 0
0 0.8 2 0
0 0.8 1.6 0
0 0.8 1.2 0
0 0.8 0.8 2.15281e-08
0 0.8 0.4 -5.93246e-07
0 0.8 0 -2.50822e-05
0 0.8 -0.4 4.61913e-07
0 0.8 -0.8 0
0 0.8 -1.2 0
0 0.8 -1.6 0
0 0.8 -2 0
0 0.2 2 0
0 0.2 1.6 0
0 0.2 1.2 0
0 0.2 0.8 -0.00077859
0 0.2 0.4 0.00691809
0 0.2 0 0.0102916
0 0.2 -0.4 -0.00112776
0 0.2 -0.8 0
0 0.2 -1.2 0
0 -0.4 -0.8 0
0 -0.4 -1.2 0
0 -1 -0.8 0
0 -1 -1.2 0
0 -1.6 -0.8 0
0 -1.6 -1.2 0
0 -2.2 -0.8 0
0 -2.2 -1.2 0
0 -2.8 -0.8 0
0 -2.8 -1.2 0
0 -3.4 -0.8 0
0 -3.4 -1.2 0
0 -4 -0.8 0
0 -4 -1.2 0
-0.4 2 -0.8 0
-0.4 2 -1.2 0
-0.4 1.4 -0.8 0
-0.4 1.4 -1.2 0
-0.4 1.4 -1.6 0
-0.4 1.4 -2 0
-0.4 0.8 2 0
-0.4 0.8 1.6 0
-0.4 0.8 1.2 0
-0.4 0.8 0.8 0
-0.4 0.8 0.4 0
-0.4 0.8 0 0
-0.4 0.8 -0.4 0
-0.4 0.8 -0.8 0
-0.4 0.8 -1.2 0
-0.4 0.8 -1.6 0
-0.4 0.8 -2 0
-0.4 0.2 2 0
-0.4 0.2 1.6 0
-0.4 0.2 1.2 0
-0.4 0.2 0.8 3.06007e-05
-0.4 0.2 0.4 -0.000259409
-0.4 0.2 0 -0.000582768
-0.4 0.2 -0.4 5.88172e-05
-0.4 0.2 -0.8 0
-0.4 0.2 -1.2 0
-0.4 0.2 -1.6 0
-0.4 0.2 -2 0
-0.4 -0.4 2 0
-0.4 -0.4 1.6 0
-0.4 -0.4 1.2 -3.80727e-05
-0.4 -0.4 0.8 0.000325333
-0.4 -0.4 0.4 0.0107252
-0.4 -0.4 0 0.00444281
-0.4 -0.4 -0.4 -0.000470492
-0.4 -0.4 -0.8 0
-0.4 -0.4 -1.2 0
-0.4 -0.4 -1.6 0
-0.4 -0.4 -2 0
-0.4 -1 2 0
-0.4 -1 1.6 0
-0.4 -1 1.2 0.00035536
-0.4 -1 0.8 0.0043299
-0.4 -1 0.4 -0.179972
-0.4 -1 0 -0.033205
-0.4 -1 -0.4 0.00409414
-0.4 -1 -0.8 0
-0.4 -1 -1.2 0
-0.4 -1 -1.6 0
-0.4 -1 -2 0
-0.4 -1.6 2 0
-0.4 -1.6 1.6 0
-0.4 -1.6 1.2 0.000978279
-0.4 -1.6 0.8 -0.0114209
-0.4 -1.6 0.4 -0.114269
-0.4 -1.6 0 0.00451095
-0.4 -1.6 -0.4 5.24415e-05
-0.4 -1.6 -0.8 0
-0.4 -1.6 -1.2 0
-0.4 -1.6 -1.6 0
-0.4 -1.6 -2 0
-0.4 -2.2 2 0
-0.4 -2.2 1.6 0
-0.4 -2.2 1.2 -8.51385e-05
-0.4 -2.2 0.8 0.00101777
-0.4 -2.2 0.4 0.0114169
-0.4 -2.2 0 -0.000457538
-0.4 -2.2 -0.4 -1.64076e-06
-0.4 -2.2 -0.8 0
-0.4 -2.2 -1.2 0
-0.4 -2.2 -1.6 0
-0.4 -2.2 -2 0
-0.4 -2.8 2 0
-0.4 -2.8 1.6 0
-0.4 -2.8 1.2 0
-0.4 -2.8 0.8 0
-0.4 -2.8 0.4 0
-0.4 -2.8 0 0
-0.4 -2.8 -0.4 0
-0.4 -2.8 -0.8 0
-0.4 -2.8 -1.2 0
-0.4 -2.8 -1.6 0
-0.4 -2.8 -2 0
-0.4 -3.4 2 0
-0.4 -3.4 1.6 0
-0.4 -3.4 1.2 0
-0.4 -3.4 0.8 0
-0.4 -3.4 0.4 0
-0.4 -3.4 0 0
-0.4 -3.4 -0.4 0
-0.4 -3.4 -0.8 0
-0.4 -3.4 -1.2 0
-0.4 -3.4 -1.6 0
-0.4 -3.4 -2 0
-0.4 -4 2 0
-0.4 -4 1.6 0
-0.4 -4 1.2 0
-0.4 -4 0.8 0
-0.4 -4 0.4 0
-0.4 -4 0 0
-0.4 -4 -0.4 0
-0.4 -4 -0.8 0
-0.4 -4 -1.2 0
-0.4 -4 -1.6 0
-0.4 -4 -2 0
-0.8 2 2 0
-0.8 2 1.6 0
-0.8 2 1.2 0
-0.8 2 0.8 0
-0.8 2 0.4 0
-0.8 2 0 0
-0.8 2 -0.4 0
-0.8 2 -0.8 0
-0.8 2 -1.2 0
-0.8 2 -1.6 0
-0.8 2 -2 0
-0.8 1.4 2 0
-0.8 1.4 1.6 0
-0.8 1.4 1.2 0
-0.8 1.4 0.8 0
-0.8 1.4 0.4 0
-0.8 1.4 0 0
-0.8 1.4 -0.4 0
-0.8 1.4 -0.8 0
-0.8 1.4 -1.2 0
-0.8 1.4 -1.6 0
-0.8 1.4 -2 0
-0.8 0.8 2 0
-0.8 0.8 1.6 0
-0.8 0.8 1.2 0
-0.8 0.8 0.8 0
-0.8 0.8 0.4 0
-0.8 0.8 0 0
-0.8 0.8 -0.4 0
-0.8 0.8 -0.8 0
-0.8 0.8 -1.2 0
-0.8 0.8 -1.6 0
-0.8 0.8 -2 0
-0.8 0.2 2 0
-0.8 0.2 1.6 0
-0.8 0.2 1.2 0
-0.8 0.2 0.8 1.24508e-06
-0.8 0.2 0.4 -1.22606e-05
-0.8 0.2 0 -6.89212e-06
-0.8 0.2 -0.4 7.78e-07
-0.8 0.2 -0.8 0
-0.8 0.2 -1.2 0
-0.8 0.2 -1.6 0
-0.8 0.2 -2 0
-0.8 -0.4 2 0
-0.8 -0.4 1.6 0
-0.8 -0.4 1.2 -1.27763e-05
-0.8 -0.4 0.8 0.000130994
-0.8 -0.4 0.4 0.00165376
-0.8 -0.4 0 4.54344e-05
-0.8 -0.4 -0.4 -1.28339e-05
-0.8 -0.4 -0.8 0
-0.8 -0.4 -1.2 0
-0.8 -0.4 -1.6 0
-0.8 -0.4 -2 0
-0.8 -1 2 0
-0.8 -1 1.6 0
-0.8 -1 1.2 0.000120474
-0.8 -1 0.8 -0.00251034
-0.8 -1 0.4 -0.00208927
-0.8 -1 0 0.00586256
-0.8 -1 -0.4 -0.000582896
-0.8 -1 -0.8 0
-0.8 -1 -1.2 0
-0.8 -1 -1.6 0
-0.8 -1 -2 0
-0.8 -1.6 2 0
-0.8 -1.6 1.6 0
-0.8 -1.6 1.2 0.000387078
-0.8 -1.6 0.8 -0.00418626
-0.8 -1.6 0.4 -0.0285901
-0.8 -1.6 0 0.00162089
-0.8 -1.6 -0.4 6.92712e-06
-0.8 -1.6 -0.8 0
-0.8 -1.6 -1.2 0
-0.8 -1.6 -1.6 0
-0.8 -1.6 -2 0
-0.8 -2.2 2 0
-0.8 -2.2 1.6 0
-0.8 -2.2 1.2 -3.2803e-05
-0.8 -2.2 0.8 0.000359845
-0.8 -2.2 0.4 0.00259503
-0.8 -2.2 0 -0.000148179
-0.8 -2.2 -0.4 1.75401e-07
-0.8 -2.2 -0.8 0
-0.8 -2.2 -1.2 0
-0.8 -2.2 -1.6 0
-0.8 -2.2 -2 0
-0.8 -2.8 2 0
-0.8 -2.8 1.6 0
-0.8 -2.8 1.2 0
-0.8 -2.8 0.8 0
-0.8 -2.8 0.4 0
-0.8 -2.8 0 0
-0.8 -3.4 0.4 0
-0.8 -3.4 0 0
-0.8 -4 0.4 0
-0.8 -4 0 0
-1.2 2 0.4 0
-1.2 2 0 0
-1.2 1.4 0.4 0
-1.2 1.4 0 0
-1.2 0.8 0.4 0
-1.2 0.8 0 0
-1.2 0.2 0.4 0
-1.2 0.2 0 0
-1.2 -0.4 0.4 -0.000140149
-1.2 -0.4 0 6.81626e-06
-1.2 -1 0.4 0.00129768
-1.2 -1 0 -6.376e-05
-1.2 -1.6 0.4 0.00295288
-1.2 -1.6 0 -0.000181036
-1.2 -1.6 -0.4 0
-1.2 -1.6 -0.8 0
-1.2 -1.6 -1.2 0
-1.2 -1.6 -1.6 0
-1.2 -1.6 -2 0
-1.2 -2.2 2 0
-1.2 -2.2 1.6 0
-1.2 -2.2 1.2 3.60124e-06
-1.2 -2.2 0.8 -3.90352e-05
-1.2 -2.2 0.4 -0.000264892
-1.2 -2.2 0 1.56557e-05
-1.2 -2.2 -0.4 0
-1.2 -2.2 -0.8 0
-1.2 -2.2 -1.2 0
-1.2 -2.2 -1.6 0
-1.2 -2.2 -2 0
-1.2 -2.8 2 0
-1.2 -2.8 1.6 0
-1.2 -2.8 1.2 0
-1.2 -2.8 0.8 0
-1.2 -2.8 0.4 0
-1.2 -2.8 0 0
-1.2 -2.8 -0.4 0
-1.2 -2.8 -0.8 0
-1.2 -2.8 -1.2 0
-1.2 -2.8 -1.6 0
-1.2 -2.8 -2 0
-1.2 -3.4 2 0
-1.2 -3.4 1.6 0
-1.2 -3.4 1.2 0
-1.2 -3.4 0.8 0
-1.2 -3.4 0.4 0
-1.2 -3.4 0 0
-1.2 -3.4 -0.4 0
-1.2 -3.4 -0.8 0
-1.2 -3.4 -1.2 0
-1.2 -3.4 -1.6 0
-1.2 -3.4 -2 0
-1.2 -4 2 0
-1.2 -4 1.6 0
-1.2 -4 1.2 0
-1.2 -4 0.8 0
-1.2 -4 0.4 0
-1.2 -4 0 0
-1.2 -4 -0.4 0
-1.2 -4 -0.8 0
-1.2 -4 -1.2 0
-1.2 -4 -1.6 0
-1.2 -4 -2 0
-1.6 2 2 0
-1.6 2 1.6 0
-1.6 2 1.2 0
-1.6 2 0.8 0
-1.6 2 0.4 0
-1.6 2 0 0
-1.6 2 -0.4 0
-1.6 2 -0.8 0
-1.6 2 -1.2 0
-1.6 2 -1.6 0
0.4 -0.4 -0.4 0.011
-1.6 2 -2 0
0.4 -0.4 -1.6 0
-1.6 1.4 2 0
0.4 -0.4 -2 0
-1.6 1.4 1.6 0
-1.6 1.4 1.2 0
-1.6 1.4 0.8 0
0.4 -1 2 0
-1.6 1.4 0.4 0
0.4 -1 1.6 0
-1.6 1.4 0 0
0.4 -1 1.2 0
-1.6 1.4 -0.4 0
0.4 -1 0.8 0.000151484
-1.6 1.4 -0.8 0
0.4 -1 0.4 0.000292129
-1.6 1.4 -1.2 0
0.4 -1 0 -0.0603724
-1.6 1.4 -1.6 0
0.4 -1 -0.4 0.00294464
-1.6 1.4 -2 0
0.4 -1 -1.6 0
-1.6 0.8 2 0
0.4 -1 -2 0
-1.6 0.8 1.6 0
-1.6 0.8 1.2 0
-1.6 0.8 0.8 0
0.4 -1.6 2 0
-1.6 0.8 0.4 0
0.4 -1.6 1.6 0
-1.6 0.8 0 0
0.4 -1.6 1.2 0
-1.6 0.8 -0.4 0
0.4 -1.6 0.8 -0.000160898
-1.6 0.8 -0.8 0
0.4 -1.6 0.4 0.00148899
-1.6 0.8 -1.2 0
0.4 -1.6 0 0.0059349
-1.6 0.8 -1.6 0
0.4 -1.6 -0.4 -0.000356689
-1.6 0.8 -2 0
0.4 -1.6 -1.6 0
-1.6 0.2 2 0
0.4 -1.6 -2 0
-1.6 0.2 1.6 0
-1.6 0.2 1.2 0
-1.6 0.2 0.8 0
0.4 -2.2 2 0
-1.6 0.2 0.4 0
0.4 -2.2 1.6 0
-1.6 0.2 0 0
0.4 -2.2 1.2 0
-1.6 0.2 -0.4 0
0.4 -2.2 0.8 4.38774e-07
-1.6 0.2 -0.8 0
0.4 -2.2 0.4 -5.51021e-06
-1.6 0.2 -1.2 0
0.4 -2.2 0 -1.39688e-06
-1.6 0.2 -1.6 0
0.4 -2.2 -0.4 1.43672e-07
-1.6 0.2 -2 0
0.4 -2.2 -1.6 0
-1.6 -0.4 2 0
0.4 -2.8 0 0
-1.6 -0.4 -1.6 0
0.4 -2.8 -0.4 0
-1.6 -0.4 -2 0
0.4 -3.4 0 0
-1.6 -1 -1.6 0
0.4 -3.4 -0.4 0
-1.6 -1 -2 0
0.4 -4 0 0
-1.6 -1.6 -1.6 0
0.4 -4 -0.4 0
-1.6 -1.6 -2 0
-1.6 -2.2 -1.6 0
-1.6 -2.2 -2 0
-1.6 -2.8 -1.6 0
-1.6 -2.8 -2 0
2 0.2 1.2 0
-1.6 -3.4 2 0
2 0.2 0.8 0
-1.6 -3.4 1.6 0
2 0.2 0.4 0
-1.6 -3.4 1.2 0
2 0.2 0 0
-1.6 -3.4 0.8 0
0 2 2 0
2 0.2 -0.4 0
-1.6 -3.4 0.4 0
0 2 1.6 0
2 0.2 -0.8 0
-1.6 -3.4 0 0
0 2 1.2 0
2 0.2 -1.2 0
-1.6 -3.4 -0.4 0
0 2 0.8 0
2 0.2 -1.6 0
-1.6 -3.4 -0.8 0
0 2 0.4 0
2 0.2 -2 0
-1.6 -3.4 -1.2 0
0 2 0 0
-1.6 -3.4 -1.6 0
0 2 -0.4 0
-1.6 -3.4 -2 0
0 2 -1.6 0
2 -0.4 1.2 0
-1.6 -4 2 0
0 2 -2 0
2 -0.4 0.8 0
-1.6 -4 1.6 0
2 -0.4 0.4 0
-1.6 -4 1.2 0
2 -0.4 0 0
-1.6 -4 0.8 0
0 1.4 2 0
2 -0.4 -0.4 0
-1.6 -4 0.4 0
0 1.4 1.6 0
2 -0.4 -0.8 0
-1.6 -4 0 0
0 1.4 1.2 0
2 -0.4 -1.2 0
-1.6 -4 -0.4 0
0 1.4 0.8 0
2 -0.4 -1.6 0
-1.6 -4 -0.8 0
0 1.4 0.4 0
2 -0.4 -2 0
-1.6 -4 -1.2 0
0 1.4 0 0
-1.6 -4 -1.6 0
0 1.4 -0.4 0
-1.6 -4 -2 0
-0.8 -2.8 -0.4 0
0 0.2 -1.6 0
2 -2.2 1.2 0
-2 2 2 0
-0.8 -2.8 -0.8 0
0 0.2 -2 0
2 -2.2 0.8 0
-2 2 1.6 0
-0.8 -2.8 -1.2 0
2 -2.2 0.4 0
-2 2 1.2 0
-0.8 -2.8 -1.6 0
2 -2.2 0 0
-2 2 0.8 0
-0.8 -2.8 -2 0
0 -0.4 2 0
2 -2.2 -0.4 0
-2 2 0.4 0
0 -0.4 1.6 0
2 -2.2 -0.8 0
-2 2 0 0
0 -0.4 1.2 3.19548e-06
2 -2.2 -1.2 0
-2 2 -0.4 0
-0.8 -3.4 2 0
0 -0.4 0.8 0.00719498
2 -2.2 -1.6 0
-2 2 -0.8 0
-0.8 -3.4 1.6 0
0 -0.4 0.4 -0.0646569
2 -2.2 -2 0
-2 2 -1.2 0
-0.8 -3.4 1.2 0
0 -0.4 0 -0.0771326
-2 2 -1.6 0
-0.8 -3.4 0.8 0
0 -0.4 -0.4 0.0098516
-2 2 -2 0
-0.8 -3.4 -0.4 0
0 -0.4 -1.6 0
2 -2.8 1.2 0
-2 1.4 2 0
-0.8 -3.4 -0.8 0
0 -0.4 -2 0
2 -2.8 0.8 0
-2 1.4 1.6 0
-0.8 -3.4 -1.2 0
2 -2.8 0.4 0
-2 1.4 1.2 0
-0.8 -3.4 -1.6 0
2 -2.8 0 0
-2 1.4 0.8 0
-0.8 -3.4 -2 0
0 -1 2 0
2 -2.8 -0.4 0
-2 1.4 0.4 0
0 -1 1.6 0
2 -2.8 -0.8 0
-2 1.4 0 0
0 -1 1.2 -2.99551e-05
2 -2.8 -1.2 0
-2 1.4 -0.4 0
-0.8 -4 2 0
0 -1 0.8 0.0335269
2 -2.8 -1.6 0
-2 1.4 -0.8 0
-0.8 -4 1.6 0
0 -1 0.4 -0.313907
2 -2.8 -2 0
-2 1.4 -1.2 0
-0.8 -4 1.2 0
0 -1 0 -0.302281
-2 1.4 -1.6 0
-0.8 -4 0.8 0
0 -1 -0.4 0.0321227
-2 1.4 -2 0
-0.8 -4 -0.4 0
0 -1 -1.6 0
2 -3.4 1.2 0
-2 0.8 2 0
-0.8 -4 -0.8 0
0 -1 -2 0
2 -3.4 0.8 0
-2 0.8 1.6 0
0 -1.6 1.6 0
2 -3.4 -0.8 0
-2 0.8 0 0
0 -1.6 1.2 -8.90963e-05
2 -3.4 -1.2 0
-2 0.8 -0.4 0
0 -2.2 1.6 0
2 -4 -0.8 0
-2 0.2 0 0
0 -2.2 1.2 7.65867e-06
2 -4 -1.2 0
-2 0.2 -0.4 0
0 -2.2 0.8 -9.15207e-05
2 -4 -1.6 0
-2 0.2 -0.8 0
0 -2.2 0.4 -0.000743557
2 -4 -2 0
-2 0.2 -1.2 0
0 -2.2 0 5.05209e-05
-2 0.2 -1.6 0
0 -2.2 -0.4 -1.28205e-06
-2 0.2 -2 0
0 -2.2 -1.6 0
-2 -0.4 2 0
0 -2.2 -2 0
-2 -0.4 1.6 0
-2 -0.4 1.2 0
-2 -0.4 0.8 0
0 -2.8 2 0
-2 -0.4 0.4 0
0 -2.8 1.6 0
-2 -0.4 0 0
0 -2.8 1.2 0
-2 -0.4 -0.4 0
-1.2 2 2 0
0 -2.8 0.8 0
-2 -0.4 -0.8 0
-1.2 2 1.6 0
0 -2.8 0.4 0
-2 -0.4 -1.2 0
-1.2 2 1.2 0
0 -2.8 0 0
-2 -0.4 -1.6 0
-1.2 2 0.8 0
0 -2.8 -0.4 0
-2 -0.4 -2 0
-1.2 2 -0.4 0
0 -2.8 -1.6 0
-2 -1 2 0
-1.2 2 -0.8 0
0 -2.8 -2 0
-2 -1 1.6 0
-1.2 2 -1.2 0
-2 -1 1.2 0
-1.2 2 -1.6 0
-2 -1 0.8 0
-1.2 2 -2 0
0 -3.4 2 0
-2 -1 0.4 0
0 -3.4 1.6 0
-2 -1 0 0
0 -3.4 1.2 0
-2 -1 -0.4 0
-1.2 1.4 2 0
0 -3.4 0.8 0
-2 -1 -0.8 0
-1.2 1.4 1.6 0
0 -3.4 0.4 0
-2 -1 -1.2 0
-1.2 1.4 1.2 0
0 -3.4 0 0
-2 -1 -1.6 0
-1.2 1.4 0.8 0
0 -3.4 -0.4 0
-2 -1 -2 0
-1.2 1.4 -0.4 0
0 -3.4 -1.6 0
1.6 2 1.2 0
-2 -1.6 2 0
-1.2 1.4 -0.8 0
0 -3.4 -2 0
1.6 2 0.8 0
-2 -1.6 1.6 0
-1.2 1.4 -1.2 0
1.6 2 0.4 0
-2 -1.6 1.2 0
0.4 -2.2 -2 0
-1.6 -0.4 1.6 0
-1.2 1.4 -1.6 0
1.6 2 0 0
-2 -1.6 0.8 0
-1.6 -0.4 1.2 0
-1.2 1.4 -2 0
0 -4 2 0
1.6 2 -0.4 0
-2 -1.6 0.4 0
-1.6 -0.4 0.8 0
0 -4 1.6 0
1.6 2 -0.8 0
-2 -1.6 0 0
0.4 -2.8 2 0
-1.6 -0.4 0.4 0
0 -4 1.2 0
1.6 2 -1.2 0
-2 -1.6 -0.4 0
0.4 -2.8 1.6 0
-1.6 -0.4 0 0
-1.2 0.8 2 0
0 -4 0.8 0
1.6 2 -1.6 0
-2 -1.6 -0.8 0
0.4 -2.8 -2 0
-1.6 -1 1.6 0
-1.2 0.8 -1.6 0
1.6 1.4 0 0
-2 -2.2 0.8 0
-1.6 -1 1.2 0
-1.2 0.8 -2 0
1.6 1.4 -0.4 0
-2 -2.2 0.4 0
-1.6 -1 0.8 0
1.6 1.4 -0.8 0
-2 -2.2 0 0
0.4 -3.4 2 0
-1.6 -1 0.4 0
1.6 1.4 -1.2 0
-2 -2.2 -0.4 0
0.4 -3.4 1.6 0
-1.6 -1 0 0
-1.2 0.2 2 0
1.6 1.4 -1.6 0
-2 -2.2 -0.8 0
0.4 -3.4 1.2 0
-1.6 -1 -0.4 0
-1.2 0.2 1.6 0
1.6 1.4 -2 0
-2 -2.2 -1.2 0
0.4 -3.4 0.8 0
-1.6 -1 -0.8 0
-1.2 0.2 1.2 0
-2 -2.2 -1.6 0
0.4 -3.4 0.4 0
-1.6 -1 -1.2 0
-1.2 0.2 0.8 0
-2 -2.2 -2 0
-1.2 0.2 -0.4 0
1.6 0.8 1.2 0
-2 -2.8 2 0
-1.2 0.2 -0.8 0
1.6 0.8 0.8 3.85225e-09
-2 -2.8 1.6 0
0.4 -3.4 -1.6 0
2 2 1.2 0
-1.6 -1.6 2 0
-1.2 0.2 -1.2 0
1.6 0.8 0.4 -5.28913e-07
-2 -2.8 1.2 0
0.4 -3.4 -2 0
2 2 0.8 0
-1.6 -1.6 1.6 0
-1.2 0.2 -1.6 0
1.6 0.8 0 -0.00404295
-2 -2.8 0.8 0
2 2 0.4 0
-1.6 -1.6 1.2 0
-1.2 0.2 -2 0
1.6 0.8 -0.4 5.05723e-07
-2 -2.8 0.4 0
2 2 0 0
-1.6 -1.6 0.8 0
1.6 0.8 -0.8 0
-2 -2.8 0 0
0.4 -4 2 0
2 2 -0.4 0
-1.6 -1.6 0.4 0
1.6 0.8 -1.2 0
-2 -2.8 -0.4 0
0.4 -4 1.6 0
2 2 -0.8 0
-1.6 -1.6 0 0
-1.2 -0.4 2 0
1.6 0.8 -1.6 0
-2 -2.8 -0.8 0
0.4 -4 1.2 0
2 2 -1.2 0
-1.6 -1.6 -0.4 0
-1.2 -0.4 1.6 0
1.6 0.8 -2 0
-2 -2.8 -1.2 0
0.4 -4 0.8 0
2 2 -1.6 0
-1.6 -1.6 -0.8 0
-1.2 -0.4 1.2 1.38033e-06
-2 -2.8 -1.6 0
-1.2 -0.4 -0.8 0
1.6 0.2 0.8 -3.45627e-08
-2 -3.4 1.6 0
0.4 -4 -1.6 0
2 1.4 1.2 0
-1.6 -2.2 2 0
-1.2 -0.4 -1.2 0
1.6 0.2 0.4 4.78491e-06
-2 -3.4 1.2 0
0.4 -4 -2 0
2 1.4 0.8 0
-1.6 -2.2 1.6 0
-1.2 -0.4 -1.6 0
1.6 0.2 0 0.0418807
-2 -3.4 0.8 0
2 1.4 0.4 0
-1.6 -2.2 1.2 0
-1.2 -0.4 -2 0
-0.4 2 2 0
1.6 0.2 -0.4 -4.57685e-06
-2 -3.4 0.4 0
2 1.4 0 0
-1.6 -2.2 0.8 0
-0.4 2 1.6 0
1.6 0.2 -0.8 0
-2 -3.4 0 0
2 1.4 -0.4 0
-1.6 -2.2 0.4 0
-0.4 2 1.2 0
1.6 0.2 -1.2 0
-2 -3.4 -0.4 0
2 1.4 -0.8 0
-1.6 -2.2 0 0
-1.2 -1 2 0
-0.4 2 0.8 0
1.6 0.2 -1.6 0
-2 -3.4 -0.8 0
-0.8 -4 -1.2 0
2 -3.4 0.4 0
-2 0.8 1.2 0
2 1.4 -1.2 0
-1.6 -2.2 -0.4 0
-1.2 -1 1.6 0
-0.4 2 0.4 0
1.6 0.2 -2 0
-2 -3.4 -1.2 0
-0.8 -4 -1.6 0
2 -3.4 0 0
-2 0.8 0.8 0
2 1.4 -1.6 0
-1.6 -2.2 -0.8 0
-1.2 -1 1.2 -1.30323e-05
-0.4 2 0 0
-2 -3.4 -1.6 0
-0.8 -4 -2 0
0 -1.6 2 0
2 -3.4 -0.4 0
-2 0.8 0.4 0
2 1.4 -2 0
-1.6 -2.2 -1.2 0
-1.2 -1 0.8 0.000148113
-0.4 2 -0.4 0
-2 -3.4 -2 0
0 -1.6 0.8 -0.000756335
2 -3.4 -1.6 0
-2 0.8 -0.8 0
-1.2 -1 -0.4 0
-0.4 2 -1.6 0
1.6 -0.4 1.2 0
-2 -4 2 0
0 -1.6 0.4 0.02403
2 -3.4 -2 0
-2 0.8 -1.2 0
-1.2 -1 -0.8 0
-0.4 2 -2 0
1.6 -0.4 0.8 -3.89121e-08
-2 -4 1.6 0
0 -1.6 0 0.0218913
-2 0.8 -1.6 0
2 0.8 1.2 0
-1.6 -2.8 2 0
-1.2 -1 -1.2 0
1.6 -0.4 0.4 4.93777e-06
-2 -4 1.2 0
0.4 -2.8 1.2 0
-1.6 -0.4 -0.4 0
-1.2 0.8 1.6 0
0 -4 0.4 0
1.6 2 -2 0
-2 -1.6 -1.2 0
0 -1.6 -0.4 -0.00233269
-2 0.8 -2 0
2 0.8 0.8 0
-1.6 -2.8 1.6 0
-1.2 -1 -1.6 0
1.6 -0.4 0 0.0196962
-2 -4 0.8 0
0.4 -2.8 0.8 0
-1.6 -0.4 -0.8 0
-1.2 0.8 1.2 0
0 -4 0 0
-2 -1.6 -1.6 0
2 0.8 0.4 0
-1.6 -2.8 1.2 0
-1.2 -1 -2 0
-0.4 1.4 2 0
1.6 -0.4 -0.4 -4.70347e-06
-2 -4 0.4 0
0.4 -2.8 0.4 0
-1.6 -0.4 -1.2 0
-1.2 0.8 0.8 0
0 -4 -0.4 0
-2 -1.6 -2 0
2 0.8 0 0
-1.6 -2.8 0.8 0
-0.4 1.4 1.6 0
1.6 -0.4 -0.8 0
-2 -4 0 0
0 -1.6 -1.6 0
2 -4 1.2 0
-2 0.2 2 0
2 0.8 -0.4 0
-1.6 -2.8 0.4 0
-0.4 1.4 1.2 0
1.6 -0.4 -1.2 0
-2 -4 -0.4 0
0.4 -4 0.4 0
2 2 -2 0
-1.6 -1.6 -1.2 0
-1.2 -0.4 0.8 -1.57473e-05
-2 -2.8 -2 0
0 -1.6 -2 0
2 -4 0.8 0
-2 0.2 1.6 0
2 0.8 -0.8 0
-1.6 -2.8 0 0
-1.2 -1.6 2 0
-0.4 1.4 0.8 0
1.6 -0.4 -1.6 0
-2 -4 -0.8 0
-1.2 0.8 -0.4 0
0 -4 -1.6 0
1.6 1.4 1.2 0
-2 -2.2 2 0
2 -4 0.4 0
-2 0.2 1.2 0
2 0.8 -1.2 0
-1.6 -2.8 -0.4 0
-1.2 -1.6 1.6 0
-0.4 1.4 0.4 0
1.6 -0.4 -2 0
-2 -4 -1.2 0
-1.2 0.8 -0.8 0
0 -4 -2 0
1.6 1.4 0.8 0
-2 -2.2 1.6 0
2 -4 0 0
-2 0.2 0.8 0
2 0.8 -1.6 0
-1.6 -2.8 -0.8 0
-1.2 -1.6 1.2 -4.26132e-05
-0.4 1.4 0 0
-2 -4 -1.6 0
-1.2 -0.4 -0.4 0
1.6 0.2 1.2 0
-2 -3.4 2 0
0.4 -2.8 -1.6 0
-1.6 -1 2 0
-1.2 0.8 -1.2 0
1.6 1.4 0.4 0
-2 -2.2 1.2 0
0 -2.2 2 0
2 -4 -0.4 0
-2 0.2 0.4 0
2 0.8 -2 0
-1.6 -2.8 -1.2 0
-1.2 -1.6 0.8 0.000457902
-0.4 1.4 -0.4 0
-2 -4 -2 0