0 86
0.01 82
0.02 82
0.03 82
0.04 80
0.05 80
0.06 78
0.07 78
0.08 78
0.09 78
0.1 78
0.11 78
0.12 78
0.13 78
0.14 78
0.15 78
0.16 78
0.17 78
0.18 78
0.19 78
0.2 78
0.21 78
0.22 78
0.23 78
0.24 78
0.25 78
0.26 78
0.27 78
0.28 78
0.29 78
0.3 78
0.31 78
0.32 78
0.33 78
0.34 78
0.35 78
0.36 78
0.37 78
0.38 78
0.39 78
0.4 78
0.41 76
0.42 76
0.43 76
0.44 76
0.45 76
0.46 76
0.47 76
0.48 76
0.49 76
0.5 76
0.51 76
0.52 76
0.53 76
0.54 76
0.55 76
0.56 76
0.57 76
0.58 76
0.59 76
0.6 76
0.61 76
0.62 76
0.63 76
0.64 76
0.65 76
0.66 76
0.67 76
0.68 76
0.69 76
0.7 76
0.71 76
0.72 76
0.73 76
0.74 76
0.75 76
0.76 76
0.77 76
0.78 76
0.79 76
0.8 76
0.81 76
0.82 76
0.83 76
0.84 76
0.85 76
0.86 76
0.87 76
0.88 76
0.89 76
0.9 76
0.91 76
0.92 76
0.93 74
0.94 74
0.95 74
0.96 74
0.97 74
0.98 74
0.99 74
1 74
