0
0.00277029
0.00638169
0.0107688
0.0156892
0.020931
0.02665
0.0330882
0.0404035
0.0486495
0.0577832
0.0676636
0.0780439
0.0885772
0.0989253
0.108875
0.118343
0.127345
0.135946
0.144236
0.152305
0.160238
0.168103
0.175952
0.183816
0.191706
0.19961
0.207497
0.21533
0.223069
0.230676
0.238117
0.24536
0.252378
0.259151
0.265664
0.271908
0.277882
0.283589
0.289038
0.294237
0.299199
0.303934
0.308454
0.312773
0.316902
0.320852
0.324634
0.328258
0.331733
0.335069
0.338273
0.341349
0.344301
0.347134
0.349852
0.352459
0.35496
0.35736
0.359664
0.361876
0.364001
0.366042
0.368005
0.369892
0.371708
0.373456
0.375139
0.376762
0.378326
0.379835
0.381291
0.382697
0.384056
0.385369
0.386639
0.387868
0.389058
0.39021
0.391327
0.39241
0.39346
0.394479
0.395468
0.396429
0.397363
0.39827
0.399153
0.400012
0.400847
0.401661
0.402454
0.403226
0.403978
0.404712
0.405428
0.406126
0.406807
0.407473
0.408123
0.408757
