0
0.00470624
0.011347
0.0197428
0.0291635
0.0399427
0.0530398
0.0689753
0.0875621
0.107686
0.127992
0.148232
0.168899
0.190543
0.213334
0.236662
0.259471
0.281023
0.30111
0.319971
0.337944
0.355284
0.372105
0.388387
0.404144
0.419501
0.434634
0.449721
0.464908
0.480284
0.495852
0.511507
0.527021
0.542097
0.556464
0.569899
0.582221
0.593377
0.603412
0.612427
0.620542
0.627878
0.634546
0.640644
0.646256
0.651453
0.656296
0.660835
0.665115
0.669171
0.673036
0.676735
0.680294
0.683731
0.687065
0.69031
0.693482
0.696591
0.699649
0.702664
0.705645
0.708599
0.711531
0.714447
0.717351
0.720246
0.723134
0.726016
0.728893
0.731764
0.734627
0.737477
0.740312
0.743125
0.745913
0.748671
0.751393
0.754077
0.756716
0.759309
0.761851
0.764341
0.766775
0.769151
0.771469
0.773727
0.775925
0.778063
0.78014
0.782156
0.784113
0.786011
0.787851
0.789634
0.791361
0.793034
0.794654
0.796223
0.797741
0.799212
0.800635
