0
0.00552
0.0134265
0.0233633
0.0342779
0.0467701
0.0618572
0.0798177
0.0999639
0.120724
0.141295
0.161977
0.183395
0.20592
0.229253
0.252379
0.274423
0.294984
0.314202
0.332413
0.34991
0.366853
0.383254
0.399084
0.414428
0.429438
0.444283
0.459115
0.474037
0.489087
0.504215
0.519265
0.53399
0.548138
0.561501
0.573891
0.585207
0.595457
0.604713
0.613081
0.620673
0.627597
0.63395
0.639816
0.645269
0.65037
0.655171
0.659719
0.664049
0.668197
0.672189
0.676049
0.6798
0.68346
0.687045
0.690569
0.694046
0.697486
0.700899
0.704294
0.707678
0.711056
0.714434
0.717815
0.721201
0.724593
0.727991
0.731393
0.734796
0.738195
0.741584
0.744955
0.748302
0.751616
0.75489
0.758118
0.761293
0.76441
0.767464
0.770451
0.773366
0.776209
0.778976
0.781667
0.784281
0.786817
0.789276
0.791658
0.793965
0.796197
0.798356
0.800445
0.802464
0.804416
0.806303
0.808127
0.809889
0.811593
0.813241
0.814833
0.816373
