0
0.00552
0.0134265
0.0233633
0.0342779
0.0467701
0.0618572
0.0798178
0.0999639
0.120724
0.141293
0.161971
0.183382
0.205898
0.229225
0.252358
0.274434
0.295064
0.314391
0.332753
0.350444
0.367621
0.38429
0.400424
0.41612
0.431543
0.446869
0.462252
0.47779
0.493501
0.509295
0.524958
0.540194
0.554727
0.568334
0.580827
0.592145
0.602331
0.611487
0.619739
0.627209
0.634013
0.64025
0.646008
0.651359
0.656366
0.66108
0.665547
0.669803
0.673882
0.67781
0.681613
0.68531
0.688921
0.692461
0.695945
0.699384
0.702791
0.706173
0.70954
0.712897
0.71625
0.719604
0.72296
0.726321
0.729685
0.733053
0.73642
0.739782
0.743134
0.746467
0.749774
0.753049
0.756284
0.759472
0.762608
0.765686
0.768702
0.771652
0.774532
0.777341
0.780077
0.782738
0.785323
0.787834
0.790269
0.79263
0.794918
0.797134
0.799279
0.801356
0.803366
0.805311
0.807192
0.809014
0.810776
0.812481
0.814132
0.81573
0.817278
0.818777
