0
0.00393246
0.0093627
0.0162009
0.0239983
0.0329267
0.0438315
0.0573563
0.0736821
0.092315
0.111931
0.131505
0.150989
0.170831
0.19145
0.212921
0.234697
0.255994
0.276298
0.295448
0.313621
0.33108
0.348036
0.364588
0.380706
0.396352
0.411606
0.426613
0.441538
0.456531
0.471701
0.487084
0.502621
0.518137
0.533346
0.547945
0.561674
0.574293
0.585695
0.595899
0.604995
0.613106
0.620361
0.62688
0.632769
0.638119
0.643008
0.6475
0.65165
0.655504
0.659101
0.662474
0.66565
0.668654
0.671505
0.674223
0.676821
0.679315
0.681715
0.684032
0.686275
0.688452
0.690571
0.692638
0.694658
0.696636
0.698578
0.700487
0.702367
0.70422
0.70605
0.707858
0.709647
0.711418
0.71317
0.714905
0.716621
0.718318
0.719996
0.721653
0.72329
0.724906
0.7265
0.728072
0.72962
0.731145
0.732646
0.734122
0.735572
0.736997
0.738396
0.739768
0.741114
0.742433
0.743726
0.744991
0.746229
0.747441
0.748625
0.749783
0.750914
