0
0.00302183
0.00702106
0.011937
0.0175274
0.023719
0.0309655
0.0397477
0.0503782
0.0629517
0.0772639
0.0926836
0.108261
0.123361
0.137783
0.151612
0.165023
0.178185
0.191187
0.20401
0.216506
0.228474
0.239778
0.250356
0.260201
0.269347
0.277856
0.285803
0.293266
0.300317
0.307018
0.313425
0.319583
0.32553
0.331297
0.336911
0.342393
0.347758
0.353016
0.358174
0.363239
0.368221
0.373127
0.377965
0.382745
0.387474
0.392161
0.396813
0.40144
0.406047
0.410643
0.415234
0.419828
0.424429
0.429045
0.433679
0.438337
0.443022
0.447738
0.452486
0.457268
0.462085
0.466935
0.471816
0.476725
0.481657
0.486604
0.49156
0.496516
0.501459
0.506379
0.511263
0.516096
0.520865
0.525559
0.530166
0.534675
0.539076
0.543358
0.547514
0.551537
0.555424
0.559174
0.562784
0.566258
0.569596
0.572802
0.57588
0.578833
0.581666
0.584385
0.586992
0.589495
0.591897
0.594203
0.596417
0.598545
0.60059
0.602557
0.60445
0.606272
