0
0.00370827
0.00876461
0.0150643
0.0221796
0.0301583
0.0397046
0.0514053
0.0655156
0.0818541
0.0996425
0.11786
0.136156
0.154746
0.174033
0.194305
0.21547
0.236864
0.257771
0.277745
0.296675
0.314733
0.332159
0.34913
0.365712
0.381851
0.397514
0.41279
0.427831
0.442802
0.457853
0.473083
0.48852
0.504091
0.519605
0.534771
0.549292
0.562915
0.575415
0.586708
0.596827
0.605867
0.613953
0.621211
0.627757
0.633695
0.639113
0.644086
0.648677
0.652938
0.656915
0.660644
0.664159
0.667485
0.670647
0.673664
0.676554
0.679332
0.682011
0.684603
0.687118
0.689564
0.69195
0.694283
0.696568
0.698811
0.701016
0.703189
0.705332
0.707448
0.70954
0.71161
0.71366
0.715691
0.717702
0.719694
0.721666
0.723616
0.725543
0.727447
0.729327
0.731181
0.733008
0.734807
0.736578
0.738319
0.74003
0.74171
0.743359
0.744975
0.746558
0.748109
0.749627
0.751111
0.752562
0.75398
0.755364
0.756716
0.758035
0.759322
0.760577
