0
0.00370759
0.00876349
0.0150636
0.0221802
0.0301622
0.0397209
0.0514528
0.0656186
0.0820196
0.0997884
0.117652
0.134913
0.151506
0.167663
0.183645
0.199597
0.215471
0.231027
0.24605
0.260432
0.274149
0.287253
0.299851
0.312061
0.323987
0.335711
0.347282
0.358722
0.370019
0.381169
0.392193
0.403131
0.414035
0.424963
0.43597
0.447107
0.45841
0.469898
0.48156
0.493355
0.505203
0.516983
0.528542
0.539732
0.550426
0.560514
0.569904
0.578563
0.586498
0.593747
0.600361
0.606401
0.611924
0.616988
0.621642
0.625934
0.629905
0.63359
0.63702
0.640224
0.643225
0.646044
0.648699
0.651206
0.65358
0.655832
0.657975
0.660017
0.661967
0.663833
0.665622
0.66734
0.668992
0.670584
0.67212
0.673604
0.67504
0.676431
0.67778
0.679091
0.680365
0.681606
0.682815
0.683994
0.685145
0.68627
0.68737
0.688448
0.689503
0.690538
0.691554
0.692552
0.693533
0.694497
0.695446
0.696381
0.697302
0.698211
0.699107
0.699991
