0
0.00470624
0.011347
0.0197428
0.0291635
0.0399427
0.0530398
0.0689753
0.0875621
0.107686
0.127992
0.148232
0.168899
0.190543
0.213334
0.236662
0.259471
0.281023
0.30111
0.319971
0.337944
0.355285
0.372108
0.388391
0.404148
0.419504
0.434632
0.44971
0.464882
0.480236
0.495774
0.51139
0.526854
0.541869
0.556158
0.569497
0.581696
0.592698
0.602547
0.611342
0.619204
0.626254
0.632607
0.638361
0.6436
0.648398
0.652816
0.656905
0.660709
0.664264
0.667602
0.670749
0.67373
0.676562
0.679265
0.681852
0.684338
0.686733
0.689048
0.691293
0.693475
0.695603
0.697681
0.699717
0.701716
0.703681
0.705619
0.707531
0.709423
0.711295
0.713152
0.714996
0.716827
0.718647
0.720458
0.722257
0.724046
0.725822
0.727586
0.729336
0.73107
0.732789
0.734491
0.736174
0.737837
0.739481
0.741102
0.742701
0.744276
0.745826
0.747351
0.748849
0.750321
0.751765
0.753181
0.754569
0.755928
0.757259
0.758561
0.759834
0.761079
