0
0.00552
0.0134265
0.0233633
0.0342779
0.0467701
0.0618572
0.0798178
0.0999639
0.120724
0.141293
0.161971
0.183382
0.205898
0.229225
0.252358
0.274434
0.295064
0.314391
0.332753
0.350444
0.367621
0.38429
0.400424
0.41612
0.431543
0.446869
0.462252
0.477791
0.493502
0.509296
0.52496
0.540197
0.554731
0.568341
0.580836
0.592156
0.602345
0.611505
0.61976
0.627235
0.634042
0.640284
0.646046
0.651402
0.656413
0.661133
0.665604
0.669865
0.673948
0.677882
0.681689
0.685391
0.689007
0.692552
0.69604
0.699483
0.702894
0.70628
0.709649
0.713009
0.716365
0.71972
0.723077
0.726438
0.729802
0.733167
0.736531
0.739889
0.743235
0.746561
0.74986
0.753125
0.756349
0.759526
0.762649
0.765714
0.768715
0.77165
0.774516
0.777309
0.780029
0.782674
0.785243
0.787738
0.790157
0.792503
0.794776
0.796977
0.799108
0.80117
0.803166
0.805098
0.806967
0.808776
0.810526
0.81222
0.81386
0.815448
0.816985
0.818474
