0
0.000438803
0.000984417
0.00164625
0.0024356
0.00336875
0.00446901
0.00576801
0.00730938
0.00917772
0.0114692
0.0142794
0.0177017
0.0218272
0.0267432
0.0325295
0.0392494
0.0469337
0.0555566
0.0650046
0.0750474
0.0853343
0.0955156
0.105358
0.114755
0.123701
0.13225
0.140483
0.14849
0.156351
0.164137
0.171899
0.179669
0.187464
0.195275
0.203077
0.210834
0.21851
0.226067
0.233474
0.240698
0.247716
0.254504
0.261048
0.267337
0.273366
0.279136
0.284654
0.289926
0.294962
0.299773
0.30437
0.308765
0.31297
0.316993
0.320848
0.324542
0.328086
0.331487
0.334756
0.337896
0.340911
0.343806
0.346585
0.349251
0.35181
0.354266
0.356624
0.358888
0.361062
0.363151
0.365159
0.36709
0.368948
0.370736
0.372458
0.374117
0.375716
0.377258
0.378746
0.380183
0.381571
0.382912
0.384209
0.385464
0.386678
0.387854
0.388993
0.390097
0.391168
0.392207
0.393216
0.394195
0.395146
0.39607
0.396969
0.397843
0.398694
0.399522
0.400328
0.401114
