0
0.00370826
0.0087646
0.0150642
0.0221796
0.0301588
0.0397079
0.051417
0.0655451
0.0819117
0.099726
0.117926
0.136099
0.154401
0.173182
0.192706
0.212908
0.233233
0.253018
0.271854
0.289616
0.306444
0.322579
0.338232
0.353545
0.368567
0.383267
0.397668
0.411861
0.425975
0.44015
0.454511
0.469148
0.484091
0.499288
0.514578
0.529693
0.544325
0.558199
0.571072
0.582801
0.593374
0.602865
0.611388
0.619067
0.626022
0.63236
0.638172
0.643538
0.648523
0.653184
0.657567
0.661712
0.665651
0.669414
0.673025
0.676503
0.679868
0.683134
0.686315
0.689423
0.692467
0.695457
0.6984
0.701302
0.70417
0.707009
0.709823
0.712614
0.715387
0.718143
0.720884
0.723611
0.726324
0.729025
0.731712
0.734385
0.737043
0.739683
0.742305
0.744904
0.747479
0.750026
0.752545
0.755032
0.757485
0.759902
0.762282
0.764622
0.766923
0.769182
0.771399
0.773572
0.775703
0.77779
0.779833
0.781832
0.783787
0.785699
0.787568
0.789395
