0
0.00552
0.0134265
0.0233633
0.0342779
0.0467701
0.0618572
0.0798177
0.0999639
0.120724
0.141295
0.161977
0.183395
0.20592
0.229253
0.252379
0.274423
0.294984
0.314202
0.332413
0.34991
0.366855
0.383257
0.399086
0.414428
0.429434
0.444273
0.459095
0.474003
0.489036
0.504141
0.519165
0.53386
0.547975
0.561302
0.573654
0.584931
0.595141
0.604358
0.612688
0.620245
0.627136
0.633459
0.639298
0.644727
0.649808
0.654592
0.659124
0.663442
0.66758
0.671564
0.675418
0.679165
0.682822
0.686406
0.68993
0.693407
0.696849
0.700265
0.703663
0.707051
0.710434
0.713819
0.717208
0.720605
0.724011
0.727426
0.730849
0.734279
0.737712
0.741143
0.744565
0.747973
0.751357
0.754712
0.758029
0.761303
0.764528
0.767696
0.770805
0.77385
0.776828
0.779735
0.78257
0.785331
0.788017
0.790628
0.793164
0.795625
0.798012
0.800326
0.802568
0.804741
0.806844
0.808881
0.810853
0.812762
0.814611
0.8164
0.818132
0.819809
