0
0.00370826
0.00876459
0.0150642
0.0221796
0.0301588
0.0397079
0.0514174
0.0655465
0.0819153
0.0997319
0.117934
0.136107
0.154405
0.173174
0.192663
0.21279
0.232968
0.252479
0.270885
0.288054
0.304133
0.319372
0.334005
0.3482
0.362056
0.375592
0.388814
0.401779
0.414579
0.427321
0.440115
0.453056
0.466216
0.479628
0.493267
0.507042
0.52078
0.534248
0.547222
0.559501
0.570906
0.581352
0.590843
0.599438
0.607225
0.614297
0.620747
0.626659
0.632108
0.637157
0.641862
0.64627
0.65042
0.654347
0.658079
0.661643
0.665059
0.668345
0.671519
0.674594
0.677582
0.680494
0.683339
0.686126
0.688862
0.691553
0.694205
0.696822
0.69941
0.701971
0.704509
0.707027
0.709527
0.71201
0.714478
0.716932
0.719373
0.721801
0.724216
0.726619
0.729007
0.731382
0.733741
0.736082
0.738405
0.740706
0.742986
0.745241
0.747471
0.749673
0.751847
0.753992
0.756105
0.758186
0.760234
0.762248
0.764228
0.766174
0.768084
0.769958
