0
0.00702134
0.0175616
0.0310194
0.0463274
0.0654562
0.0896352
0.117604
0.14649
0.176676
0.209826
0.245395
0.278926
0.307276
0.331275
0.352601
0.372305
0.390816
0.408192
0.424559
0.440093
0.454963
0.469307
0.483212
0.496717
0.509807
0.522418
0.534466
0.545893
0.556669
0.566784
0.576213
0.584969
0.593091
0.600635
0.607666
0.614247
0.62044
0.626304
0.631891
0.637248
0.642421
0.647448
0.652367
0.657209
0.662007
0.666788
0.671579
0.676404
0.681283
0.686237
0.69128
0.696423
0.701674
0.707032
0.712491
0.718034
0.723637
0.729265
0.734879
0.740434
0.745892
0.751214
0.756369
0.76133
0.766077
0.770601
0.774894
0.778955
0.782789
0.786401
0.7898
0.792996
0.795999
0.798821
0.801473
0.803965
0.806309
0.808515
0.810591
0.812547
0.814392
0.816133
0.817777
0.819331
0.820801
0.822193
0.823512
0.824762
0.82595
0.827077
0.828149
0.829169
0.83014
0.831065
0.831946
0.832787
0.833589
0.834356
0.835088
0.835788
