0
0.00702134
0.0175616
0.0310194
0.0463274
0.0654562
0.0896352
0.117604
0.14649
0.176676
0.209826
0.245395
0.278926
0.307276
0.331275
0.352601
0.372305
0.390816
0.408192
0.42456
0.440095
0.454966
0.469311
0.483218
0.496725
0.509816
0.522428
0.534476
0.545902
0.556678
0.566792
0.57622
0.584975
0.593097
0.600641
0.607673
0.614256
0.620452
0.626319
0.631911
0.637276
0.642457
0.647495
0.652425
0.657283
0.662098
0.6669
0.671715
0.676568
0.68148
0.686471
0.691557
0.69675
0.702058
0.707481
0.713012
0.718636
0.72433
0.730058
0.73578
0.741457
0.747046
0.752512
0.75782
0.762946
0.76787
0.772579
0.777068
0.781335
0.785382
0.789215
0.792843
0.796273
0.799518
0.802587
0.805491
0.80824
0.810845
0.813315
0.81566
0.817887
0.820007
0.822024
0.823948
0.825784
0.827538
0.829215
0.830821
0.832361
0.833839
0.835258
0.836623
0.837936
0.839202
0.840422
0.8416
0.842738
0.843838
0.844903
0.845935
0.846935
