0
0.00641288
0.0158501
0.0278355
0.0412829
0.0576359
0.0782173
0.102746
0.128901
0.155395
0.183181
0.213221
0.244682
0.274544
0.300822
0.323838
0.344686
0.364185
0.382743
0.400409
0.417194
0.433201
0.448564
0.463406
0.477813
0.491821
0.505419
0.51854
0.531073
0.542929
0.554056
0.564437
0.574049
0.582886
0.590985
0.598406
0.60522
0.6115
0.617315
0.62273
0.627803
0.632585
0.637124
0.641461
0.645631
0.649669
0.653603
0.657461
0.661266
0.665043
0.668811
0.67259
0.676395
0.680243
0.684147
0.688117
0.69216
0.696281
0.70048
0.70475
0.709083
0.713462
0.717867
0.722277
0.726671
0.731027
0.735323
0.739539
0.743658
0.747665
0.751548
0.755297
0.758907
0.762375
0.765699
0.768881
0.771923
0.77483
0.777606
0.780256
0.782786
0.785202
0.78751
0.789716
0.791824
0.793842
0.795774
0.797625
0.7994
0.801103
0.80274
0.804313
0.805826
0.807284
0.808689
0.810045
0.811353
0.812618
0.813841
0.815025
0.816171
