0
0.00641777
0.0158654
0.0278648
0.0412952
0.0575309
0.0778418
0.101938
0.127551
0.153273
0.17989
0.208357
0.238243
0.267102
0.292931
0.315636
0.33612
0.3552
0.373357
0.390747
0.407389
0.423399
0.438944
0.454186
0.469256
0.484224
0.499089
0.513766
0.528082
0.541841
0.554883
0.567099
0.578385
0.588709
0.598109
0.606663
0.614465
0.621613
0.628197
0.6343
0.639996
0.645347
0.65041
0.655231
0.659854
0.664314
0.668644
0.672872
0.677025
0.681125
0.685193
0.689247
0.693302
0.697374
0.701472
0.705606
0.709782
0.714002
0.718267
0.72257
0.726904
0.731256
0.735608
0.739941
0.744238
0.748478
0.752644
0.75672
0.760693
0.764551
0.768286
0.771892
0.775366
0.778705
0.78191
0.784981
0.787923
0.790737
0.793429
0.796002
0.798461
0.800812
0.803059
0.805208
0.807264
0.80923
0.811113
0.812916
0.814644
0.816301
0.817891
0.819417
0.820883
0.822292
0.823647
0.824951
0.826208
0.827418
0.828585
0.829711
0.830799
