0
0.00552
0.0134265
0.0233633
0.0342779
0.0467701
0.0618572
0.0798178
0.0999639
0.120724
0.141293
0.161971
0.183382
0.205898
0.229225
0.252358
0.274435
0.295065
0.31439
0.332751
0.350438
0.367614
0.384288
0.400442
0.416182
0.43168
0.447124
0.462673
0.47843
0.494409
0.510512
0.526505
0.542071
0.556914
0.570796
0.583519
0.595016
0.605333
0.614572
0.62286
0.630324
0.637078
0.643227
0.648856
0.654042
0.658848
0.663325
0.66752
0.671471
0.675211
0.678767
0.682164
0.685424
0.688564
0.691601
0.694549
0.69742
0.700226
0.702977
0.70568
0.708344
0.710974
0.713576
0.716154
0.718711
0.72125
0.723772
0.726277
0.728762
0.731224
0.73366
0.736067
0.73844
0.740777
0.743074
0.745328
0.747536
0.749696
0.751805
0.753862
0.755866
0.757815
0.759709
0.761547
0.76333
0.765058
0.766731
0.768351
0.769917
0.771432
0.772896
0.774311
0.775677
0.776997
0.778271
0.779501
0.780689
0.781836
0.782944
0.784013
0.785045
