0
0.0070235
0.0175691
0.0310349
0.04633
0.0653794
0.0893784
0.117072
0.145589
0.175221
0.207602
0.242406
0.275598
0.303978
0.32807
0.349457
0.369193
0.387739
0.405151
0.421533
0.437052
0.45188
0.466159
0.479985
0.493406
0.50642
0.518978
0.530996
0.542413
0.553194
0.563328
0.572792
0.581589
0.589751
0.597332
0.604393
0.610996
0.617203
0.62307
0.62865
0.633992
0.639137
0.644126
0.648993
0.653773
0.658494
0.663185
0.667871
0.672576
0.677322
0.682129
0.687013
0.691991
0.697073
0.702265
0.70757
0.712984
0.718495
0.724083
0.729721
0.735373
0.741001
0.746568
0.752035
0.757369
0.762542
0.767533
0.772326
0.77691
0.781282
0.78544
0.789389
0.793132
0.796679
0.800036
0.803215
0.806224
0.809073
0.811772
0.814331
0.816757
0.819061
0.82125
0.823332
0.825313
0.827201
0.829002
0.83072
0.832362
0.833933
0.835436
0.836877
0.838258
0.839584
0.840858
0.842084
0.843263
0.844398
0.845493
0.846549
0.847568
