0
0.00642342
0.0158814
0.0278878
0.0412599
0.0572609
0.077085
0.100449
0.125209
0.149825
0.174857
0.201252
0.229033
0.256579
0.282048
0.304848
0.325508
0.344737
0.363037
0.38064
0.397553
0.413836
0.429633
0.445117
0.46044
0.475712
0.490969
0.506161
0.521141
0.535679
0.54956
0.562616
0.574712
0.585758
0.595762
0.604793
0.612949
0.620337
0.627057
0.633205
0.638861
0.644097
0.648974
0.653544
0.657853
0.661939
0.665836
0.669572
0.673174
0.676664
0.680062
0.683386
0.68665
0.689869
0.693055
0.696217
0.699365
0.702505
0.705641
0.708779
0.711918
0.715058
0.718196
0.721327
0.724442
0.727533
0.730593
0.733613
0.736585
0.739501
0.742356
0.745143
0.747858
0.750495
0.753053
0.755528
0.757919
0.760227
0.762452
0.764593
0.766653
0.768634
0.770537
0.772365
0.77412
0.775805
0.777422
0.778974
0.780464
0.781894
0.783267
0.784586
0.785853
0.78707
0.788239
0.789364
0.790445
0.791486
0.792487
0.793451
0.794379
