0
0.00641777
0.0158654
0.0278648
0.0412952
0.0575309
0.0778418
0.101938
0.127551
0.153273
0.17989
0.208357
0.238243
0.267102
0.292931
0.315636
0.33612
0.3552
0.373358
0.390748
0.407389
0.4234
0.438944
0.454186
0.469256
0.484223
0.499087
0.513761
0.528074
0.541826
0.554856
0.567053
0.578312
0.588595
0.59794
0.606423
0.614138
0.62118
0.62764
0.633602
0.639137
0.644309
0.649172
0.653774
0.658156
0.662353
0.666397
0.670316
0.674135
0.677874
0.681554
0.685191
0.688802
0.692399
0.695995
0.6996
0.70322
0.706862
0.710529
0.714222
0.71794
0.721676
0.725423
0.729172
0.732908
0.73662
0.740295
0.74392
0.747484
0.750977
0.754389
0.757712
0.760941
0.76407
0.767098
0.770022
0.772842
0.775558
0.778172
0.780685
0.783101
0.785422
0.787651
0.789791
0.791847
0.793821
0.795718
0.79754
0.799291
0.800975
0.802594
0.804153
0.805653
0.807098
0.80849
0.809832
0.811127
0.812377
0.813584
0.814751
0.815878
