0
0.00641288
0.0158501
0.0278355
0.0412824
0.0576315
0.0782007
0.102711
0.128878
0.155511
0.183656
0.214313
0.24653
0.277025
0.303719
0.327034
0.348128
0.367836
0.386552
0.404309
0.421143
0.437175
0.452548
0.467385
0.48177
0.495733
0.509255
0.522256
0.534632
0.546304
0.557235
0.567416
0.576827
0.585473
0.593396
0.600659
0.607333
0.613489
0.619195
0.624513
0.629501
0.634209
0.638681
0.642957
0.647073
0.651061
0.65495
0.658765
0.662531
0.66627
0.670002
0.673746
0.677518
0.681332
0.685202
0.689137
0.693145
0.697229
0.701388
0.705617
0.709905
0.714235
0.718587
0.722941
0.727274
0.731565
0.735791
0.739934
0.743976
0.747903
0.751703
0.755367
0.758889
0.762268
0.765501
0.768592
0.771542
0.774355
0.777037
0.779593
0.782029
0.78435
0.786562
0.788672
0.790686
0.792608
0.794444
0.7962
0.79788
0.799488
0.801029
0.802507
0.803926
0.805289
0.8066
0.807861
0.809076
0.810247
0.811376
0.812466
0.81352
