0
0.00641295
0.0158502
0.0278355
0.0412822
0.0576299
0.0781963
0.102707
0.128906
0.155666
0.184096
0.215206
0.24791
0.278695
0.305476
0.328812
0.349924
0.369647
0.388356
0.406069
0.422844
0.438814
0.454126
0.468904
0.483229
0.497129
0.510576
0.523491
0.535769
0.54734
0.558169
0.56825
0.577558
0.586106
0.593939
0.601121
0.607723
0.613817
0.61947
0.624743
0.629692
0.634367
0.638811
0.643064
0.64716
0.651132
0.655008
0.658813
0.662572
0.666305
0.670034
0.673775
0.677545
0.681359
0.685229
0.689164
0.693172
0.697254
0.70141
0.705634
0.709914
0.714234
0.718573
0.722911
0.727225
0.731494
0.735698
0.739817
0.743834
0.747736
0.751511
0.75515
0.758649
0.762004
0.765216
0.768285
0.771215
0.77401
0.776675
0.779214
0.781635
0.783942
0.786142
0.78824
0.790242
0.792154
0.793981
0.795727
0.797399
0.798999
0.800534
0.802005
0.803418
0.804776
0.806081
0.807337
0.808547
0.809714
0.81084
0.811926
0.812976
