0
0.00673595
0.0167447
0.0294463
0.0436792
0.0610767
0.0828761
0.108424
0.135207
0.16272
0.192357
0.224803
0.257975
0.288146
0.31406
0.336791
0.357542
0.377017
0.395448
0.412842
0.429308
0.445003
0.460076
0.474642
0.488767
0.502463
0.515687
0.528343
0.540344
0.551637
0.562201
0.572023
0.581089
0.589425
0.597085
0.604134
0.610645
0.616685
0.622318
0.627603
0.632593
0.637334
0.641868
0.646233
0.650462
0.654585
0.658631
0.662623
0.666585
0.670539
0.674502
0.678494
0.682529
0.686621
0.690779
0.695012
0.699323
0.703712
0.708173
0.712694
0.71726
0.721847
0.726432
0.730991
0.7355
0.739935
0.744275
0.748503
0.752601
0.756559
0.760368
0.764023
0.767522
0.770865
0.774054
0.777093
0.779987
0.782742
0.785363
0.787857
0.790232
0.792492
0.794645
0.796697
0.798654
0.800521
0.802305
0.80401
0.80564
0.807202
0.808697
0.810132
0.811509
0.812831
0.814103
0.815326
0.816504
0.81764
0.818735
0.819792
0.820813
