0
0.00702134
0.0175616
0.0310194
0.0463274
0.0654562
0.0896352
0.117604
0.14649
0.176676
0.209826
0.245395
0.278925
0.307275
0.331276
0.352604
0.37231
0.390822
0.408197
0.424558
0.440079
0.454927
0.469238
0.483102
0.496555
0.509584
0.522129
0.534108
0.545463
0.556169
0.566219
0.575592
0.584299
0.592378
0.599887
0.606887
0.613442
0.619612
0.625454
0.631021
0.63636
0.641515
0.646523
0.651422
0.656244
0.661019
0.665775
0.670539
0.675336
0.680186
0.68511
0.690125
0.695245
0.700481
0.705835
0.711308
0.71689
0.722563
0.728302
0.73407
0.739827
0.745531
0.751141
0.75662
0.761936
0.767065
0.771987
0.776692
0.781173
0.785431
0.789467
0.793289
0.796903
0.800319
0.803547
0.806598
0.809483
0.812211
0.814794
0.81724
0.819559
0.82176
0.82385
0.825837
0.827728
0.82953
0.831249
0.83289
0.834458
0.835958
0.837394
0.838771
0.840091
0.84136
0.842579
0.843752
0.844881
0.84597
0.847019
0.848033
0.849011
