1
0.934686
0.855964
0.768864
0.684558
0.608781
0.537482
0.465618
0.390633
0.314001
0.240534
0.172383
0.108392
0.0463159
-0.015573
-0.0772059
-0.136644
-0.192197
-0.243194
-0.290101
-0.333801
-0.375091
-0.41448
-0.452125
-0.487939
-0.522053
-0.554778
-0.5865
-0.617602
-0.6484
-0.679094
-0.709708
-0.740051
-0.769696
-0.798165
-0.825048
-0.849983
-0.87275
-0.893364
-0.911984
-0.928834
-0.944156
-0.958177
-0.971097
-0.983092
-0.994307
-1.00486
-1.01487
-1.0244
-1.03354
-1.04235
-1.05087
-1.05915
-1.06722
-1.07513
-1.08289
-1.09053
-1.09807
-1.10553
-1.11292
-1.12026
-1.12756
-1.13482
-1.14205
-1.14927
-1.15647
-1.16366
-1.17084
-1.17801
-1.18517
-1.19232
-1.19945
-1.20657
-1.21366
-1.22072
-1.22774
-1.2347
-1.24161
-1.24845
-1.25521
-1.26189
-1.26848
-1.27497
-1.28136
-1.28763
-1.29379
-1.29984
-1.30576
-1.31155
-1.31723
-1.32277
-1.32819
-1.33347
-1.33863
-1.34366
-1.34857
-1.35335
-1.35801
-1.36254
-1.36696
-1.37126
