1
0.929082
0.841849
0.745442
0.655247
0.575666
0.500299
0.42381
0.344961
0.267539
0.195272
0.127808
0.062737
-0.00219845
-0.0674586
-0.130874
-0.190061
-0.243929
-0.292948
-0.338187
-0.380608
-0.420823
-0.459016
-0.495158
-0.529466
-0.562316
-0.594131
-0.625305
-0.656145
-0.686815
-0.717292
-0.747326
-0.776469
-0.804281
-0.830409
-0.854533
-0.876518
-0.896435
-0.914468
-0.930851
-0.945818
-0.959587
-0.972352
-0.984276
-0.995501
-1.00614
-1.0163
-1.02606
-1.03549
-1.04465
-1.0536
-1.06238
-1.07102
-1.07956
-1.08803
-1.09645
-1.10486
-1.11325
-1.12166
-1.13009
-1.13855
-1.14705
-1.15559
-1.16418
-1.17281
-1.18147
-1.19016
-1.19886
-1.20756
-1.21625
-1.22488
-1.23346
-1.24194
-1.25031
-1.25856
-1.26666
-1.2746
-1.28236
-1.28994
-1.29733
-1.30451
-1.3115
-1.31827
-1.32484
-1.3312
-1.33736
-1.34331
-1.34907
-1.35462
-1.35999
-1.36517
-1.37018
-1.375
-1.37966
-1.38416
-1.3885
-1.39269
-1.39674
-1.40065
-1.40442
-1.40807
