1
0.929082
0.841849
0.745442
0.655247
0.575666
0.500299
0.42381
0.344961
0.267539
0.195272
0.127808
0.0627371
-0.00219813
-0.0674581
-0.130874
-0.19006
-0.243928
-0.292946
-0.33818
-0.380593
-0.420791
-0.458957
-0.495054
-0.529291
-0.562038
-0.593713
-0.624707
-0.655322
-0.685731
-0.715931
-0.74571
-0.77466
-0.802365
-0.828486
-0.852702
-0.874849
-0.894964
-0.913207
-0.929791
-0.94494
-0.958868
-0.971761
-0.983786
-0.99508
-1.00576
-1.01594
-1.02568
-1.03507
-1.04417
-1.05302
-1.06168
-1.07018
-1.07856
-1.08685
-1.09507
-1.10325
-1.1114
-1.11954
-1.12769
-1.13586
-1.14405
-1.15227
-1.16053
-1.16883
-1.17715
-1.18551
-1.19389
-1.20228
-1.21067
-1.21903
-1.22736
-1.23563
-1.24381
-1.2519
-1.25987
-1.26771
-1.2754
-1.28294
-1.2903
-1.29749
-1.3045
-1.31132
-1.31794
-1.32438
-1.33062
-1.33667
-1.34253
-1.34821
-1.3537
-1.35901
-1.36414
-1.3691
-1.3739
-1.37854
-1.38302
-1.38735
-1.39154
-1.39559
-1.3995
-1.40328
