1
0.940393
0.870713
0.794633
0.719597
0.651385
0.588642
0.52748
0.464696
0.398751
0.33063
0.263648
0.199846
0.138999
0.0796504
0.0202331
-0.0398709
-0.0994617
-0.156587
-0.209969
-0.259299
-0.305129
-0.34824
-0.389255
-0.428505
-0.465961
-0.501553
-0.535487
-0.568122
-0.599872
-0.631125
-0.66218
-0.693197
-0.724141
-0.754743
-0.784523
-0.812994
-0.839732
-0.864351
-0.88672
-0.906917
-0.925137
-0.941623
-0.956616
-0.970337
-0.982981
-0.994713
-1.00567
-1.01597
-1.02571
-1.03497
-1.04381
-1.05231
-1.0605
-1.06842
-1.07612
-1.08362
-1.09095
-1.09813
-1.10518
-1.11212
-1.11897
-1.12573
-1.13241
-1.13903
-1.14559
-1.15211
-1.15858
-1.16501
-1.1714
-1.17776
-1.18408
-1.19037
-1.19663
-1.20285
-1.20903
-1.21517
-1.22127
-1.22731
-1.2333
-1.23922
-1.24507
-1.25086
-1.25656
-1.26219
-1.26773
-1.27318
-1.27855
-1.28381
-1.28899
-1.29406
-1.29904
-1.30391
-1.30869
-1.31336
-1.31794
-1.32241
-1.32678
-1.33106
-1.33523
-1.33931
