1
0.934686
0.855964
0.768864
0.684558
0.608787
0.537513
0.465703
0.3908
0.314206
0.240519
0.171633
0.106207
0.0418895
-0.022979
-0.0878003
-0.149956
-0.207398
-0.259582
-0.307276
-0.351552
-0.393267
-0.432891
-0.470474
-0.506045
-0.539883
-0.572393
-0.604003
-0.635094
-0.66594
-0.696656
-0.727152
-0.757093
-0.786012
-0.813481
-0.839152
-0.86273
-0.884148
-0.90352
-0.92105
-0.936975
-0.951528
-0.96492
-0.977333
-0.988924
-0.999824
-1.01014
-1.01998
-1.0294
-1.03848
-1.04726
-1.05581
-1.06415
-1.07233
-1.08036
-1.08829
-1.09613
-1.10389
-1.1116
-1.11928
-1.12692
-1.13454
-1.14215
-1.14976
-1.15737
-1.16497
-1.17258
-1.18019
-1.18779
-1.19539
-1.20297
-1.21053
-1.21806
-1.22554
-1.23297
-1.24033
-1.2476
-1.25478
-1.26186
-1.26883
-1.27567
-1.28239
-1.28898
-1.29542
-1.30172
-1.30787
-1.31388
-1.31974
-1.32544
-1.331
-1.3364
-1.34166
-1.34677
-1.35174
-1.35656
-1.36125
-1.3658
-1.37022
-1.37451
-1.37868
-1.38272
