1
0.929082
0.841849
0.745442
0.655247
0.575666
0.500299
0.42381
0.344961
0.267539
0.195272
0.127808
0.0627371
-0.00219813
-0.0674581
-0.130873
-0.19006
-0.243928
-0.292946
-0.338181
-0.380594
-0.420793
-0.45896
-0.495056
-0.529293
-0.562037
-0.593706
-0.624689
-0.655288
-0.685674
-0.715844
-0.745585
-0.774491
-0.802151
-0.828227
-0.852405
-0.874523
-0.894622
-0.912862
-0.929456
-0.944629
-0.958592
-0.971533
-0.983616
-0.99498
-1.00574
-1.01601
-1.02585
-1.03535
-1.04457
-1.05356
-1.06236
-1.07101
-1.07956
-1.08802
-1.09642
-1.10479
-1.11315
-1.12151
-1.12989
-1.13829
-1.14673
-1.15521
-1.16373
-1.1723
-1.1809
-1.18953
-1.19819
-1.20685
-1.21551
-1.22413
-1.23271
-1.24121
-1.24961
-1.2579
-1.26605
-1.27406
-1.2819
-1.28956
-1.29704
-1.30432
-1.31141
-1.31829
-1.32496
-1.33143
-1.33769
-1.34375
-1.34961
-1.35527
-1.36074
-1.36603
-1.37113
-1.37605
-1.3808
-1.38538
-1.38981
-1.39408
-1.39821
-1.40219
-1.40603
-1.40975
