1
0.946025
0.885134
0.820097
0.75573
0.696631
0.643813
0.595333
0.548831
0.502424
0.454888
0.405804
0.355798
0.306601
0.25995
0.216779
0.177214
0.140871
0.107144
0.0753948
0.0450743
0.015772
-0.0127689
-0.0406347
-0.0677086
-0.0938463
-0.11892
-0.142831
-0.165515
-0.186942
-0.207109
-0.226047
-0.243814
-0.260482
-0.27613
-0.290838
-0.304687
-0.317748
-0.330091
-0.341777
-0.352864
-0.363402
-0.373437
-0.383009
-0.392156
-0.40091
-0.409299
-0.417344
-0.425059
-0.432458
-0.439554
-0.446362
-0.452895
-0.459167
-0.465189
-0.470975
-0.476536
-0.481882
-0.487026
-0.491977
-0.496744
-0.501337
-0.505764
-0.510034
-0.514154
-0.518131
-0.521973
-0.525686
-0.529277
-0.53275
-0.536111
-0.539366
-0.54252
-0.545576
-0.54854
-0.551415
-0.554206
-0.556915
-0.559547
-0.562105
-0.564592
-0.567011
-0.569364
-0.571655
-0.573885
-0.576058
-0.578175
-0.580238
-0.58225
-0.584213
-0.586128
-0.587997
-0.589823
-0.591605
-0.593346
-0.595048
-0.596712
-0.598338
-0.599929
-0.601485
-0.603008
