1
0.940393
0.870713
0.794634
0.719597
0.651384
0.588633
0.52745
0.46462
0.398599
0.330411
0.263482
0.20001
0.13991
0.081856
0.0243872
-0.0331271
-0.0897008
-0.143434
-0.193082
-0.238282
-0.279496
-0.317494
-0.353008
-0.3866
-0.418631
-0.449251
-0.478481
-0.506439
-0.533323
-0.559366
-0.584813
-0.609896
-0.634816
-0.659724
-0.684701
-0.709738
-0.734715
-0.759398
-0.783494
-0.806727
-0.828857
-0.849651
-0.868981
-0.886833
-0.903273
-0.918409
-0.932369
-0.945285
-0.957281
-0.968471
-0.978955
-0.988823
-0.998151
-1.00701
-1.01545
-1.02352
-1.03128
-1.03875
-1.04597
-1.05296
-1.05976
-1.06639
-1.07286
-1.07919
-1.08539
-1.09149
-1.09748
-1.10339
-1.10922
-1.11497
-1.12066
-1.12629
-1.13187
-1.1374
-1.14289
-1.14833
-1.15374
-1.1591
-1.16444
-1.16973
-1.175
-1.18022
-1.18542
-1.19057
-1.1957
-1.20078
-1.20582
-1.21082
-1.21578
-1.22068
-1.22553
-1.23033
-1.23507
-1.23975
-1.24437
-1.24892
-1.25341
-1.25782
-1.26217
-1.26644
