1
0.940393
0.870713
0.794634
0.719597
0.651384
0.588633
0.52745
0.46462
0.398599
0.330411
0.263482
0.200012
0.139916
0.0818693
0.024411
-0.0330916
-0.0896606
-0.143411
-0.193114
-0.238422
-0.279808
-0.318056
-0.353913
-0.38795
-0.420535
-0.451816
-0.481833
-0.510734
-0.538747
-0.566141
-0.593189
-0.620144
-0.647212
-0.674524
-0.702098
-0.729814
-0.757381
-0.784391
-0.810432
-0.835139
-0.858168
-0.879358
-0.898714
-0.916348
-0.932426
-0.947129
-0.960632
-0.973097
-0.984665
-0.99546
-1.00559
-1.01514
-1.02418
-1.03279
-1.04103
-1.04892
-1.05653
-1.06388
-1.07101
-1.07794
-1.0847
-1.0913
-1.09777
-1.10411
-1.11035
-1.11649
-1.12255
-1.12854
-1.13446
-1.14031
-1.14612
-1.15187
-1.15759
-1.16326
-1.16889
-1.17448
-1.18004
-1.18556
-1.19105
-1.1965
-1.20191
-1.20728
-1.21262
-1.2179
-1.22314
-1.22832
-1.23345
-1.23852
-1.24352
-1.24846
-1.25333
-1.25813
-1.26285
-1.2675
-1.27206
-1.27655
-1.28096
-1.28529
-1.28953
-1.29369
