1
0.954903
0.906555
0.856515
0.806906
0.759646
0.715972
0.675909
0.638551
0.602767
0.567516
0.531934
0.495375
0.457461
0.418171
0.377957
0.3378
0.298855
0.261964
0.227537
0.19561
0.165973
0.138283
0.112151
0.0872053
0.0631194
0.0396249
0.0165183
-0.00633495
-0.0289944
-0.0514257
-0.0735602
-0.0953189
-0.116619
-0.137381
-0.157531
-0.177011
-0.195771
-0.213777
-0.231011
-0.247472
-0.263172
-0.278135
-0.29239
-0.305972
-0.318916
-0.331259
-0.343037
-0.354285
-0.365035
-0.37532
-0.385169
-0.394609
-0.403665
-0.41236
-0.420707
-0.428714
-0.436395
-0.443762
-0.450827
-0.457603
-0.464104
-0.470341
-0.476329
-0.482077
-0.487599
-0.492906
-0.498008
-0.502915
-0.507638
-0.512185
-0.516565
-0.520787
-0.524859
-0.528788
-0.53258
-0.536244
-0.539784
-0.543206
-0.546518
-0.549722
-0.552825
-0.555832
-0.558746
-0.561572
-0.564313
-0.566974
-0.569558
-0.572067
-0.574507
-0.576878
-0.579185
-0.581429
-0.583614
-0.585742
-0.587814
-0.589833
-0.591802
-0.593722
-0.595594
-0.597422
