1
0.934686
0.855964
0.768864
0.684558
0.608787
0.537513
0.465703
0.3908
0.314206
0.240519
0.171633
0.106208
0.0418896
-0.022979
-0.0878003
-0.149956
-0.207398
-0.259582
-0.307276
-0.351554
-0.393271
-0.432899
-0.470485
-0.506054
-0.539884
-0.572376
-0.603953
-0.634991
-0.665757
-0.696364
-0.726717
-0.756484
-0.785199
-0.812443
-0.837885
-0.861245
-0.882467
-0.90167
-0.919062
-0.934882
-0.94936
-0.962707
-0.975105
-0.986712
-0.997656
-1.00805
-1.01798
-1.02754
-1.03678
-1.04576
-1.05454
-1.06314
-1.07161
-1.07999
-1.08828
-1.09653
-1.10475
-1.11295
-1.12116
-1.12938
-1.13762
-1.14589
-1.15419
-1.16253
-1.1709
-1.1793
-1.18773
-1.19616
-1.2046
-1.21302
-1.22141
-1.22975
-1.23801
-1.24617
-1.25423
-1.26216
-1.26995
-1.27759
-1.28506
-1.29236
-1.29947
-1.3064
-1.31314
-1.31969
-1.32605
-1.33222
-1.33819
-1.34398
-1.34958
-1.355
-1.36024
-1.36531
-1.37021
-1.37494
-1.37952
-1.38395
-1.38823
-1.39237
-1.39637
-1.40024
