1
0.934686
0.855964
0.768864
0.684558
0.608787
0.537513
0.465703
0.3908
0.314206
0.240519
0.171633
0.106208
0.0418895
-0.022979
-0.0878003
-0.149956
-0.207398
-0.259582
-0.307276
-0.351554
-0.39327
-0.432897
-0.470483
-0.506052
-0.539883
-0.572378
-0.603961
-0.635007
-0.665786
-0.696411
-0.72679
-0.756589
-0.785342
-0.81263
-0.838119
-0.861527
-0.882797
-0.902047
-0.919487
-0.935355
-0.949884
-0.963284
-0.975737
-0.987401
-0.998404
-1.00886
-1.01885
-1.02846
-1.03776
-1.0468
-1.05562
-1.06426
-1.07277
-1.08117
-1.08948
-1.09773
-1.10594
-1.11411
-1.12228
-1.13044
-1.13861
-1.14679
-1.15499
-1.16321
-1.17145
-1.17971
-1.18798
-1.19626
-1.20455
-1.21282
-1.22107
-1.22928
-1.23744
-1.24552
-1.25352
-1.26142
-1.26921
-1.27687
-1.28439
-1.29177
-1.29899
-1.30605
-1.31295
-1.31967
-1.32622
-1.33259
-1.33879
-1.34481
-1.35066
-1.35633
-1.36183
-1.36717
-1.37234
-1.37735
-1.38221
-1.38691
-1.39146
-1.39587
-1.40014
-1.40428
