1
0.94037
0.87063
0.794438
0.719313
0.651307
0.589353
0.529782
0.469576
0.407259
0.34354
0.281541
0.224013
0.171664
0.123772
0.0791076
0.0364692
-0.00499604
-0.0456605
-0.0853489
-0.123763
-0.160691
-0.196015
-0.229715
-0.261903
-0.292768
-0.32252
-0.351346
-0.379386
-0.406722
-0.433366
-0.459256
-0.484381
-0.508791
-0.532584
-0.555883
-0.578826
-0.601546
-0.624163
-0.64677
-0.66942
-0.692111
-0.71478
-0.73729
-0.759429
-0.780943
-0.801593
-0.821188
-0.839547
-0.856548
-0.872165
-0.886439
-0.899455
-0.911315
-0.922131
-0.932011
-0.941057
-0.949363
-0.95701
-0.964072
-0.970613
-0.97669
-0.982351
-0.987639
-0.992593
-0.997243
-1.00162
-1.00575
-1.00965
-1.01335
-1.01686
-1.0202
-1.02338
-1.02641
-1.02931
-1.03208
-1.03474
-1.03729
-1.03974
-1.04209
-1.04436
-1.04655
-1.04866
-1.0507
-1.05267
-1.05458
-1.05643
-1.05822
-1.05996
-1.06165
-1.0633
-1.06489
-1.06645
-1.06796
-1.06944
-1.07087
-1.07228
-1.07365
-1.07499
-1.07629
-1.07757
