1
0.929082
0.841849
0.745442
0.655247
0.575666
0.500299
0.42381
0.344961
0.267539
0.195272
0.127808
0.0627372
-0.00219812
-0.0674581
-0.130873
-0.19006
-0.243928
-0.292946
-0.338181
-0.380594
-0.420793
-0.45896
-0.495056
-0.529291
-0.562034
-0.593702
-0.624683
-0.655281
-0.685667
-0.715838
-0.745581
-0.774493
-0.802158
-0.828237
-0.852413
-0.87452
-0.894594
-0.912793
-0.929331
-0.94443
-0.958303
-0.971137
-0.983097
-0.994321
-1.00493
-1.01502
-1.02467
-1.03396
-1.04296
-1.0517
-1.06024
-1.06861
-1.07685
-1.08499
-1.09305
-1.10106
-1.10904
-1.11699
-1.12495
-1.13291
-1.14089
-1.1489
-1.15694
-1.16501
-1.17312
-1.18125
-1.18941
-1.19759
-1.20578
-1.21396
-1.22213
-1.23025
-1.23831
-1.2463
-1.25419
-1.26198
-1.26964
-1.27716
-1.28454
-1.29176
-1.29882
-1.3057
-1.3124
-1.31893
-1.32527
-1.33144
-1.33742
-1.34322
-1.34884
-1.35428
-1.35955
-1.36466
-1.3696
-1.37438
-1.379
-1.38347
-1.3878
-1.39199
-1.39604
-1.39996
