1
0.94477
0.881844
0.814061
0.746604
0.684262
0.627393
0.573455
0.519715
0.464164
0.405953
0.345982
0.287073
0.231738
0.180889
0.134168
0.0906655
0.0493904
0.00958823
-0.0291217
-0.0666472
-0.102598
-0.136689
-0.168776
-0.198836
-0.226936
-0.253236
-0.277941
-0.301264
-0.323404
-0.344535
-0.364803
-0.384326
-0.403195
-0.421473
-0.439186
-0.456351
-0.473
-0.489173
-0.504917
-0.520285
-0.535329
-0.550106
-0.564668
-0.579068
-0.593355
-0.607576
-0.621769
-0.63597
-0.650206
-0.664492
-0.678838
-0.693237
-0.707671
-0.722108
-0.7365
-0.750787
-0.764895
-0.778746
-0.792271
-0.805403
-0.818087
-0.830261
-0.841882
-0.852925
-0.863382
-0.873258
-0.882569
-0.891335
-0.899583
-0.907343
-0.914644
-0.921517
-0.92799
-0.934093
-0.939852
-0.945293
-0.950438
-0.955309
-0.959926
-0.964308
-0.968471
-0.972432
-0.976203
-0.979799
-0.983232
-0.986511
-0.989648
-0.992651
-0.995529
-0.998291
-1.00094
-1.00349
-1.00594
-1.0083
-1.01057
-1.01276
-1.01488
-1.01692
-1.01889
-1.0208
