1
0.92461
0.829618
0.723895
0.625919
0.536443
0.446535
0.351842
0.257121
0.168932
0.0857924
0.00342917
-0.0794555
-0.157685
-0.226005
-0.284346
-0.335428
-0.381722
-0.424755
-0.465129
-0.502939
-0.538466
-0.572109
-0.604274
-0.63531
-0.66546
-0.694838
-0.723411
-0.750991
-0.777331
-0.802248
-0.82564
-0.847397
-0.867485
-0.885987
-0.903055
-0.918866
-0.933601
-0.947429
-0.960501
-0.972954
-0.984902
-0.996446
-1.00767
-1.01866
-1.02947
-1.04017
-1.05079
-1.0614
-1.07201
-1.08268
-1.09342
-1.10427
-1.11524
-1.12635
-1.13761
-1.14903
-1.16061
-1.17233
-1.18418
-1.19614
-1.20817
-1.22025
-1.2323
-1.2443
-1.25617
-1.26789
-1.27941
-1.29068
-1.30166
-1.31234
-1.32269
-1.33268
-1.34231
-1.35158
-1.36048
-1.36902
-1.37719
-1.38502
-1.39251
-1.39967
-1.40651
-1.41306
-1.41931
-1.42529
-1.43102
-1.43649
-1.44173
-1.44674
-1.45155
-1.45615
-1.46057
-1.46481
-1.46887
-1.47278
-1.47654
-1.48015
-1.48363
-1.48698
-1.49021
-1.49332
