1
0.922164
0.8229
0.712322
0.610703
0.516712
0.420488
0.319091
0.220194
0.127719
0.0372098
-0.0552182
-0.145069
-0.222931
-0.287158
-0.341672
-0.390059
-0.434406
-0.475466
-0.513476
-0.548857
-0.582086
-0.613601
-0.643745
-0.672745
-0.700701
-0.727587
-0.753266
-0.777629
-0.800623
-0.822254
-0.842507
-0.861394
-0.878998
-0.895448
-0.910888
-0.925465
-0.93932
-0.952582
-0.965366
-0.977776
-0.989905
-1.00183
-1.01364
-1.02538
-1.03712
-1.04891
-1.06081
-1.07285
-1.08508
-1.09753
-1.11022
-1.12318
-1.13642
-1.14995
-1.16376
-1.17782
-1.1921
-1.20655
-1.22108
-1.23562
-1.25008
-1.26436
-1.27839
-1.29208
-1.30537
-1.31821
-1.33055
-1.34238
-1.35367
-1.36443
-1.37465
-1.38436
-1.39356
-1.40228
-1.41053
-1.41835
-1.42576
-1.43278
-1.43943
-1.44574
-1.45173
-1.45742
-1.46283
-1.46797
-1.47287
-1.47754
-1.482
-1.48625
-1.49032
-1.49421
-1.49793
-1.5015
-1.50493
-1.50821
-1.51137
-1.51441
-1.51733
-1.52014
-1.52285
-1.52547
