1
0.921131
0.819918
0.706928
0.603048
0.505873
0.405279
0.299658
0.198238
0.102852
0.00777023
-0.0892848
-0.179388
-0.254021
-0.315064
-0.367371
-0.414264
-0.457363
-0.497035
-0.533648
-0.567682
-0.599616
-0.629861
-0.658729
-0.68642
-0.713018
-0.738503
-0.762775
-0.785768
-0.80747
-0.827902
-0.847046
-0.864936
-0.88166
-0.897339
-0.912106
-0.926095
-0.939432
-0.952236
-0.964612
-0.976656
-0.988456
-1.00009
-1.01162
-1.02313
-1.03466
-1.04627
-1.058
-1.06991
-1.08204
-1.09441
-1.10706
-1.12002
-1.13328
-1.14686
-1.16074
-1.17491
-1.18931
-1.20388
-1.21854
-1.23321
-1.24776
-1.26212
-1.27618
-1.28986
-1.30311
-1.31586
-1.32808
-1.33976
-1.35088
-1.36146
-1.37149
-1.381
-1.39001
-1.39854
-1.40662
-1.41426
-1.42151
-1.42838
-1.43489
-1.44107
-1.44695
-1.45253
-1.45785
-1.46292
-1.46775
-1.47236
-1.47677
-1.48098
-1.48502
-1.48888
-1.49259
-1.49616
-1.49958
-1.50287
-1.50604
-1.50909
-1.51204
-1.51488
-1.51763
-1.52028
