1
0.924626
0.829668
0.723986
0.62594
0.536094
0.445385
0.349439
0.253279
0.163341
0.0776921
-0.00808001
-0.0943666
-0.174251
-0.242507
-0.300254
-0.350785
-0.396641
-0.43923
-0.478949
-0.515963
-0.550629
-0.583359
-0.614538
-0.644466
-0.673331
-0.701201
-0.728018
-0.75362
-0.777879
-0.800733
-0.822181
-0.842208
-0.860828
-0.878133
-0.894253
-0.909338
-0.923537
-0.936989
-0.949824
-0.962156
-0.974086
-0.985705
-0.997091
-1.00832
-1.01944
-1.03052
-1.04161
-1.05276
-1.064
-1.07537
-1.08691
-1.09865
-1.11061
-1.12281
-1.13526
-1.14797
-1.16094
-1.17414
-1.18756
-1.20115
-1.21486
-1.22862
-1.24235
-1.25597
-1.26941
-1.2826
-1.29548
-1.30799
-1.32009
-1.33174
-1.34292
-1.35362
-1.36384
-1.37357
-1.38283
-1.39163
-1.39998
-1.40791
-1.41543
-1.42257
-1.42934
-1.43577
-1.44188
-1.44768
-1.45319
-1.45844
-1.46343
-1.46819
-1.47273
-1.47706
-1.4812
-1.48515
-1.48894
-1.49256
-1.49602
-1.49935
-1.50254
-1.50561
-1.50856
-1.51139
