1
0.929082
0.841849
0.745442
0.655247
0.575666
0.500299
0.42381
0.34496
0.267539
0.195275
0.127818
0.0627589
-0.0021612
-0.06741
-0.130838
-0.190083
-0.244068
-0.293268
-0.338751
-0.38148
-0.422054
-0.460634
-0.497183
-0.531922
-0.565236
-0.597553
-0.629267
-0.66067
-0.691897
-0.722869
-0.753252
-0.782553
-0.81033
-0.836244
-0.860015
-0.881595
-0.901124
-0.918836
-0.93499
-0.949835
-0.963596
-0.976463
-0.988599
-1.00014
-1.01119
-1.02186
-1.03222
-1.04233
-1.05225
-1.06203
-1.0717
-1.0813
-1.09086
-1.10041
-1.10995
-1.11951
-1.1291
-1.13873
-1.1484
-1.15812
-1.16788
-1.17769
-1.18753
-1.19739
-1.20726
-1.21713
-1.22697
-1.23675
-1.24646
-1.25607
-1.26556
-1.27492
-1.28412
-1.29314
-1.30198
-1.31062
-1.31905
-1.32726
-1.33525
-1.34301
-1.35054
-1.35784
-1.36492
-1.37176
-1.37838
-1.38479
-1.39098
-1.39695
-1.40273
-1.4083
-1.41368
-1.41888
-1.4239
-1.42875
-1.43342
-1.43794
-1.44231
-1.44652
-1.4506
-1.45453
