1
0.924626
0.829668
0.723986
0.625941
0.536103
0.445417
0.349502
0.253307
0.163086
0.0767457
-0.0102048
-0.0979085
-0.178803
-0.247476
-0.305368
-0.355973
-0.401879
-0.444469
-0.484088
-0.520964
-0.555495
-0.588116
-0.619211
-0.649072
-0.677868
-0.705647
-0.732325
-0.757744
-0.781802
-0.804457
-0.825724
-0.845588
-0.864083
-0.881309
-0.897402
-0.91251
-0.926779
-0.940346
-0.953336
-0.965858
-0.978012
-0.989882
-1.00155
-1.01307
-1.02452
-1.03594
-1.04739
-1.0589
-1.07052
-1.08229
-1.09422
-1.10636
-1.11871
-1.13131
-1.14414
-1.15723
-1.17055
-1.18409
-1.19782
-1.21168
-1.22563
-1.23958
-1.25347
-1.26723
-1.28078
-1.29406
-1.30702
-1.3196
-1.33177
-1.3435
-1.35476
-1.36554
-1.37584
-1.38566
-1.39502
-1.40391
-1.41236
-1.4204
-1.42802
-1.43526
-1.44214
-1.44868
-1.45489
-1.46079
-1.46641
-1.47176
-1.47686
-1.48172
-1.48636
-1.49079
-1.49502
-1.49907
-1.50295
-1.50666
-1.51022
-1.51364
-1.51692
-1.52008
-1.52311
-1.52603
