1
0.921921
0.822176
0.71094
0.608503
0.513129
0.414832
0.311139
0.210467
0.115856
0.022123
-0.0739345
-0.165197
-0.242142
-0.305118
-0.358806
-0.406735
-0.450739
-0.491269
-0.528649
-0.563352
-0.595872
-0.626638
-0.655977
-0.684096
-0.711082
-0.736905
-0.761451
-0.784654
-0.806501
-0.827022
-0.846208
-0.864099
-0.880795
-0.896423
-0.911125
-0.92504
-0.938298
-0.95102
-0.963314
-0.975277
-0.986996
-0.99855
-1.01001
-1.02143
-1.03288
-1.04441
-1.05606
-1.06788
-1.07991
-1.09218
-1.10472
-1.11756
-1.1307
-1.14415
-1.1579
-1.17194
-1.18621
-1.20068
-1.21526
-1.22986
-1.24438
-1.25874
-1.27284
-1.2866
-1.29994
-1.31282
-1.32519
-1.33703
-1.34833
-1.35908
-1.36929
-1.37898
-1.38815
-1.39685
-1.40507
-1.41286
-1.42024
-1.42723
-1.43385
-1.44013
-1.44609
-1.45176
-1.45714
-1.46226
-1.46714
-1.4718
-1.47623
-1.48047
-1.48453
-1.4884
-1.49212
-1.49568
-1.49909
-1.50238
-1.50553
-1.50856
-1.51148
-1.51429
-1.51701
-1.51962
