1
0.92461
0.829618
0.723895
0.625919
0.536443
0.446535
0.351842
0.257121
0.168932
0.0857924
0.00342911
-0.0794556
-0.157684
-0.226003
-0.284347
-0.335436
-0.381741
-0.424784
-0.465154
-0.502926
-0.53836
-0.571835
-0.603742
-0.634414
-0.664093
-0.6929
-0.720832
-0.747755
-0.773468
-0.797827
-0.820754
-0.842176
-0.862044
-0.880412
-0.897402
-0.913168
-0.92787
-0.941663
-0.954688
-0.967071
-0.978923
-0.990341
-1.00141
-1.0122
-1.02277
-1.03319
-1.04349
-1.05373
-1.06395
-1.07416
-1.08441
-1.09473
-1.10512
-1.11562
-1.12624
-1.13698
-1.14786
-1.15888
-1.17003
-1.1813
-1.19268
-1.20414
-1.21566
-1.22719
-1.23869
-1.25012
-1.26144
-1.27261
-1.28359
-1.29435
-1.30486
-1.31509
-1.32503
-1.33465
-1.34395
-1.35292
-1.36155
-1.36985
-1.37782
-1.38546
-1.3928
-1.39982
-1.40656
-1.413
-1.41918
-1.4251
-1.43076
-1.43619
-1.4414
-1.44639
-1.45118
-1.45577
-1.46018
-1.46442
-1.46849
-1.4724
-1.47617
-1.4798
-1.48329
-1.48665
