1
0.929082
0.841849
0.745442
0.655247
0.575666
0.500299
0.42381
0.34496
0.267539
0.195275
0.127818
0.0627589
-0.0021612
-0.06741
-0.130838
-0.190083
-0.244068
-0.293268
-0.338751
-0.381481
-0.422054
-0.460634
-0.497182
-0.53192
-0.565231
-0.597545
-0.629256
-0.660655
-0.691879
-0.72285
-0.753235
-0.782542
-0.810327
-0.836248
-0.860021
-0.881591
-0.901094
-0.918761
-0.934848
-0.949604
-0.963251
-0.97598
-0.987954
-0.999307
-1.01015
-1.02058
-1.03067
-1.0405
-1.0501
-1.05954
-1.06884
-1.07805
-1.08719
-1.09628
-1.10535
-1.11441
-1.12347
-1.13255
-1.14165
-1.15078
-1.15993
-1.16911
-1.17832
-1.18754
-1.19678
-1.20601
-1.21523
-1.22442
-1.23356
-1.24262
-1.2516
-1.26047
-1.26922
-1.27783
-1.2863
-1.29459
-1.30271
-1.31065
-1.3184
-1.32596
-1.33331
-1.34046
-1.3474
-1.35414
-1.36068
-1.36702
-1.37316
-1.3791
-1.38486
-1.39043
-1.39581
-1.40102
-1.40606
-1.41093
-1.41564
-1.4202
-1.4246
-1.42886
-1.43298
-1.43697
