1
0.924626
0.829668
0.723986
0.625942
0.536115
0.445457
0.349567
0.25324
0.162366
0.0745482
-0.0147978
-0.105195
-0.187825
-0.257151
-0.315289
-0.36607
-0.412133
-0.454776
-0.494273
-0.530942
-0.565239
-0.597625
-0.628488
-0.65811
-0.686645
-0.714121
-0.740433
-0.765443
-0.789072
-0.8113
-0.832143
-0.851586
-0.869684
-0.88655
-0.902326
-0.917159
-0.931194
-0.944564
-0.957391
-0.969782
-0.981832
-0.993627
-1.00524
-1.01674
-1.02819
-1.03963
-1.05112
-1.06271
-1.07442
-1.0863
-1.09838
-1.11068
-1.12322
-1.13601
-1.14906
-1.16237
-1.17592
-1.18968
-1.20361
-1.21766
-1.23174
-1.24579
-1.25972
-1.27347
-1.28696
-1.30012
-1.31291
-1.32528
-1.3372
-1.34864
-1.35959
-1.37004
-1.38
-1.38948
-1.39849
-1.40705
-1.41517
-1.42288
-1.4302
-1.43715
-1.44374
-1.45001
-1.45597
-1.46164
-1.46703
-1.47217
-1.47706
-1.48174
-1.4862
-1.49046
-1.49454
-1.49845
-1.50219
-1.50577
-1.50921
-1.51252
-1.51569
-1.51875
-1.52169
-1.52453
