1
0.928649
0.840572
0.74287
0.650783
0.567647
0.486404
0.401782
0.314291
0.230719
0.154333
0.083027
0.0135317
-0.0558075
-0.12325
-0.185872
-0.242306
-0.293153
-0.339775
-0.383367
-0.424671
-0.463899
-0.501033
-0.536313
-0.570135
-0.602929
-0.635083
-0.666871
-0.6984
-0.729553
-0.759959
-0.789127
-0.816643
-0.842184
-0.865507
-0.886616
-0.905684
-0.922959
-0.938705
-0.953172
-0.966579
-0.979113
-0.990931
-1.00217
-1.01293
-1.0233
-1.03337
-1.04319
-1.05283
-1.06232
-1.0717
-1.08101
-1.09027
-1.09951
-1.10875
-1.11799
-1.12726
-1.13657
-1.14591
-1.15529
-1.16472
-1.17418
-1.18367
-1.19319
-1.20273
-1.21226
-1.22176
-1.23123
-1.24063
-1.24994
-1.25916
-1.26825
-1.2772
-1.28599
-1.29462
-1.30306
-1.31132
-1.31937
-1.32722
-1.33486
-1.34229
-1.3495
-1.3565
-1.36329
-1.36987
-1.37624
-1.38241
-1.38838
-1.39415
-1.39974
-1.40515
-1.41038
-1.41543
-1.42032
-1.42505
-1.42963
-1.43406
-1.43834
-1.44249
-1.4465
-1.45039
