1
0.928649
0.840571
0.74287
0.650785
0.567655
0.486428
0.401821
0.314264
0.230271
0.152766
0.0794422
0.00700066
-0.0658009
-0.136151
-0.200494
-0.257628
-0.308685
-0.355338
-0.398884
-0.440033
-0.478881
-0.515521
-0.550277
-0.583574
-0.615827
-0.64738
-0.678445
-0.709066
-0.739089
-0.768155
-0.795883
-0.82198
-0.846202
-0.868388
-0.888582
-0.90695
-0.923713
-0.939102
-0.953334
-0.966603
-0.979073
-0.990886
-1.00216
-1.01299
-1.02347
-1.03365
-1.04361
-1.05339
-1.06302
-1.07255
-1.08201
-1.09141
-1.10079
-1.11015
-1.11951
-1.12888
-1.13827
-1.14767
-1.15711
-1.16657
-1.17604
-1.18554
-1.19504
-1.20453
-1.21401
-1.22346
-1.23286
-1.24219
-1.25143
-1.26056
-1.26958
-1.27847
-1.2872
-1.29578
-1.3042
-1.31243
-1.32048
-1.32834
-1.33601
-1.34347
-1.35074
-1.3578
-1.36467
-1.37133
-1.3778
-1.38407
-1.39015
-1.39605
-1.40175
-1.40728
-1.41263
-1.41781
-1.42283
-1.42769
-1.43239
-1.43694
-1.44134
-1.44561
-1.44974
-1.45374
