1
0.924626
0.829668
0.723986
0.62594
0.536094
0.445385
0.349439
0.253279
0.163341
0.0776921
-0.00807996
-0.0943665
-0.174251
-0.242507
-0.300254
-0.350783
-0.396635
-0.43922
-0.478937
-0.515955
-0.550632
-0.583387
-0.614605
-0.644586
-0.673522
-0.701479
-0.728403
-0.754132
-0.778542
-0.801568
-0.82321
-0.843446
-0.862291
-0.879833
-0.896205
-0.911554
-0.926029
-0.939769
-0.952903
-0.965544
-0.977793
-0.98974
-1.00146
-1.01303
-1.0245
-1.03594
-1.04739
-1.05889
-1.0705
-1.08223
-1.09413
-1.10621
-1.11851
-1.13104
-1.14381
-1.15682
-1.17007
-1.18352
-1.19717
-1.21095
-1.22481
-1.23868
-1.25248
-1.26615
-1.27962
-1.29282
-1.30569
-1.31819
-1.33026
-1.3419
-1.35306
-1.36374
-1.37394
-1.38366
-1.3929
-1.40168
-1.41002
-1.41792
-1.42543
-1.43254
-1.4393
-1.4457
-1.45178
-1.45756
-1.46304
-1.46826
-1.47322
-1.47795
-1.48245
-1.48675
-1.49085
-1.49476
-1.4985
-1.50208
-1.50551
-1.5088
-1.51195
-1.51497
-1.51787
-1.52066
