1
0.924587
0.829545
0.723781
0.626049
0.537541
0.449612
0.357944
0.266629
0.182411
0.104775
0.0298582
-0.0449586
-0.118138
-0.185567
-0.245245
-0.29806
-0.345863
-0.390189
-0.431943
-0.471364
-0.508497
-0.543629
-0.577166
-0.609522
-0.641047
-0.671973
-0.702372
-0.732133
-0.760942
-0.788444
-0.814369
-0.838523
-0.860743
-0.881046
-0.899578
-0.916548
-0.932179
-0.946685
-0.960259
-0.973067
-0.985253
-0.996936
-1.00822
-1.01919
-1.02992
-1.04048
-1.05091
-1.06126
-1.07158
-1.08189
-1.09222
-1.10259
-1.11303
-1.12355
-1.13416
-1.14486
-1.15566
-1.16656
-1.17753
-1.18858
-1.19968
-1.21081
-1.22193
-1.23302
-1.24403
-1.25494
-1.26571
-1.2763
-1.2867
-1.29688
-1.30682
-1.31649
-1.32589
-1.33501
-1.34383
-1.35236
-1.36058
-1.36852
-1.37616
-1.38351
-1.39058
-1.39738
-1.40392
-1.4102
-1.41623
-1.42203
-1.4276
-1.43295
-1.4381
-1.44304
-1.4478
-1.45237
-1.45678
-1.46102
-1.4651
-1.46903
-1.47282
-1.47648
-1.48001
-1.48341
