1
0.921131
0.819918
0.706928
0.603048
0.505873
0.405279
0.299658
0.198238
0.102852
0.00777023
-0.0892848
-0.179388
-0.254021
-0.315064
-0.367371
-0.414263
-0.457363
-0.497035
-0.53365
-0.567685
-0.599621
-0.62987
-0.658743
-0.686437
-0.71304
-0.738531
-0.762808
-0.785808
-0.80752
-0.827966
-0.847131
-0.86505
-0.881815
-0.897549
-0.912387
-0.926465
-0.939911
-0.952844
-0.965373
-0.977596
-0.989601
-1.00147
-1.01327
-1.02508
-1.03694
-1.04893
-1.06109
-1.07347
-1.08611
-1.09904
-1.11231
-1.12592
-1.1399
-1.15422
-1.16889
-1.18385
-1.19905
-1.21441
-1.22982
-1.24516
-1.26033
-1.27522
-1.28974
-1.30379
-1.31732
-1.33029
-1.34267
-1.35445
-1.36563
-1.37623
-1.38626
-1.39574
-1.4047
-1.41317
-1.42118
-1.42876
-1.43593
-1.44272
-1.44916
-1.45528
-1.46108
-1.46661
-1.47186
-1.47687
-1.48165
-1.48622
-1.49059
-1.49476
-1.49877
-1.50261
-1.50629
-1.50984
-1.51325
-1.51653
-1.51969
-1.52274
-1.52569
-1.52853
-1.53129
-1.53395
