1
0.921131
0.819918
0.706928
0.603048
0.505873
0.405279
0.299659
0.198239
0.102858
0.0077829
-0.0892678
-0.179396
-0.254098
-0.315239
-0.367668
-0.414699
-0.457941
-0.497755
-0.534512
-0.5687
-0.600801
-0.631226
-0.660276
-0.688134
-0.714867
-0.74042
-0.764685
-0.787608
-0.809184
-0.829447
-0.848389
-0.866064
-0.882575
-0.898053
-0.91264
-0.926471
-0.939677
-0.952376
-0.964675
-0.97667
-0.988448
-1.00009
-1.01166
-1.02322
-1.03484
-1.04657
-1.05845
-1.07054
-1.08287
-1.09548
-1.1084
-1.12165
-1.13523
-1.14916
-1.16341
-1.17796
-1.19275
-1.20771
-1.22275
-1.23776
-1.25264
-1.26728
-1.28158
-1.29547
-1.30888
-1.32175
-1.33407
-1.34581
-1.35698
-1.36757
-1.37761
-1.3871
-1.39609
-1.40458
-1.41262
-1.42022
-1.42741
-1.43422
-1.44068
-1.4468
-1.45262
-1.45815
-1.4634
-1.46841
-1.47318
-1.47773
-1.48208
-1.48624
-1.49022
-1.49404
-1.4977
-1.50121
-1.50458
-1.50782
-1.51095
-1.51395
-1.51685
-1.51965
-1.52235
-1.52496
