1
0.921921
0.822176
0.71094
0.608503
0.513129
0.414832
0.311139
0.210467
0.115856
0.022123
-0.0739345
-0.165197
-0.242142
-0.305118
-0.358806
-0.406735
-0.450739
-0.491269
-0.528649
-0.563352
-0.595872
-0.626638
-0.655977
-0.684096
-0.711082
-0.736905
-0.761453
-0.78466
-0.806514
-0.827044
-0.846245
-0.864158
-0.880882
-0.896547
-0.911295
-0.925266
-0.938591
-0.951392
-0.963778
-0.975848
-0.987691
-0.999385
-1.011
-1.02261
-1.03427
-1.04603
-1.05795
-1.07007
-1.08243
-1.09507
-1.10802
-1.1213
-1.13493
-1.1489
-1.16319
-1.17779
-1.19263
-1.20765
-1.22274
-1.23782
-1.25275
-1.26744
-1.28179
-1.29571
-1.30914
-1.32203
-1.33435
-1.34609
-1.35723
-1.36779
-1.37778
-1.38722
-1.39615
-1.40458
-1.41254
-1.42006
-1.42717
-1.43389
-1.44026
-1.44629
-1.45201
-1.45743
-1.46259
-1.46749
-1.47216
-1.47661
-1.48086
-1.48491
-1.48879
-1.49249
-1.49604
-1.49945
-1.50271
-1.50585
-1.50887
-1.51177
-1.51456
-1.51725
-1.51985
-1.52235
