1
0.928847
0.841157
0.744055
0.652862
0.571431
0.493028
0.412337
0.328933
0.248164
0.173668
0.104214
0.036878
-0.0304308
-0.09713
-0.160468
-0.218495
-0.271014
-0.319059
-0.363815
-0.406136
-0.446408
-0.484579
-0.520756
-0.555278
-0.588573
-0.621062
-0.65308
-0.684818
-0.71626
-0.747147
-0.777
-0.80536
-0.831876
-0.856241
-0.878359
-0.898348
-0.916437
-0.93289
-0.947968
-0.961904
-0.974899
-0.987124
-0.998721
-1.00981
-1.02049
-1.03083
-1.04092
-1.05081
-1.06054
-1.07016
-1.07971
-1.08921
-1.09869
-1.10817
-1.11766
-1.12718
-1.13674
-1.14635
-1.156
-1.16571
-1.17546
-1.18525
-1.19506
-1.2049
-1.21473
-1.22455
-1.23431
-1.24401
-1.25362
-1.26311
-1.27248
-1.28169
-1.29073
-1.29959
-1.30826
-1.31671
-1.32496
-1.33298
-1.34078
-1.34835
-1.35569
-1.3628
-1.36969
-1.37635
-1.3828
-1.38903
-1.39505
-1.40087
-1.40649
-1.41192
-1.41716
-1.42223
-1.42712
-1.43185
-1.43641
-1.44082
-1.44509
-1.44921
-1.4532
-1.45706
