1
0.980062
0.958218
0.934591
0.90952
0.883605
0.857673
0.832655
0.809076
0.786916
0.76581
0.745229
0.724574
0.703214
0.680485
0.655727
0.628372
0.598191
0.565739
0.532826
0.501997
0.474525
0.450195
0.428123
0.407328
0.386926
0.366137
0.344272
0.320736
0.295111
0.267351
0.238085
0.208831
0.1814
0.156969
0.135894
0.117975
0.102774
0.0898194
0.0786914
0.0690446
0.0606039
0.0531529
0.0465211
0.0405738
0.0352035
0.0303242
0.025866
0.0217715
0.0179938
0.0144935
0.0112377
0.00819872
0.00535281
0.00267977
0.000162168
-0.00221508
-0.00446512
-0.00659945
-0.00862817
-0.0105602
-0.0124035
-0.014165
-0.0158511
-0.0174674
-0.0190189
-0.0205103
-0.0219456
-0.0233286
-0.0246627
-0.0259511
-0.0271965
-0.0284015
-0.0295686
-0.0307
-0.0317976
-0.0328633
-0.0338989
-0.0349059
-0.0358859
-0.0368402
-0.0377701
-0.0386768
-0.0395615
-0.0404251
-0.0412686
-0.042093
-0.0428991
-0.0436877
-0.0444596
-0.0452156
-0.0459562
-0.0466821
-0.0473939
-0.0480923
-0.0487776
-0.0494505
-0.0501114
-0.0507608
-0.051399
-0.0520266
