1
0.973898
0.944208
0.911288
0.876323
0.841361
0.808511
0.777972
0.748392
0.71772
0.683439
0.642515
0.591986
0.532409
0.473785
0.421688
0.369391
0.30768
0.230067
0.149911
0.0896597
0.0380918
-0.0163248
-0.0790961
-0.144053
-0.199362
-0.24851
-0.299206
-0.357369
-0.423531
-0.485471
-0.536324
-0.582303
-0.630229
-0.68423
-0.741885
-0.794112
-0.839893
-0.88379
-0.929958
-0.980363
-1.0322
-1.07798
-1.11591
-1.14952
-1.18242
-1.21746
-1.25678
-1.3012
-1.34833
-1.39312
-1.43365
-1.47169
-1.51025
-1.55253
-1.60122
-1.65582
-1.70814
-1.7504
-1.78312
-1.80951
-1.83204
-1.85225
-1.87106
-1.889
-1.90632
-1.92305
-1.93903
-1.95405
-1.96793
-1.98059
-1.99204
-2.00234
-2.01157
-2.01986
-2.0273
-2.03401
-2.04007
-2.04556
-2.05055
-2.05511
-2.05928
-2.06311
-2.06665
-2.06991
-2.07294
-2.07576
-2.07838
-2.08083
-2.08313
-2.08529
-2.08731
-2.08922
-2.09103
-2.09273
-2.09434
-2.09587
-2.09733
-2.09871
-2.10003
-2.10128
