1
0.973898
0.944208
0.911288
0.876323
0.841361
0.808511
0.777972
0.748392
0.71772
0.683439
0.642514
0.591985
0.532408
0.473783
0.421668
0.369313
0.307489
0.22975
0.149642
0.0889525
0.0355804
-0.0226904
-0.0915109
-0.160948
-0.219365
-0.274516
-0.336098
-0.409038
-0.481678
-0.539643
-0.591015
-0.645369
-0.707287
-0.770017
-0.823638
-0.871542
-0.919941
-0.972704
-1.02871
-1.07938
-1.12062
-1.15632
-1.19082
-1.22735
-1.26824
-1.31413
-1.36195
-1.40655
-1.44676
-1.48483
-1.52391
-1.56726
-1.61728
-1.6723
-1.72299
-1.7632
-1.79447
-1.81999
-1.84203
-1.86197
-1.88065
-1.89853
-1.91581
-1.9325
-1.94841
-1.96331
-1.97702
-1.98949
-2.00075
-2.01086
-2.01993
-2.02807
-2.03538
-2.04197
-2.04793
-2.05333
-2.05825
-2.06275
-2.06687
-2.07066
-2.07416
-2.07739
-2.0804
-2.08319
-2.0858
-2.08824
-2.09053
-2.09268
-2.09471
-2.09661
-2.09842
-2.10012
-2.10174
-2.10328
-2.10474
-2.10613
-2.10745
-2.10872
-2.10993
-2.11108
