0
-0.0608378
-0.129403
-0.204717
-0.283833
-0.36154
-0.43136
-0.490252
-0.538638
-0.578476
-0.612297
-0.643096
-0.674384
-0.709251
-0.746661
-0.780624
-0.809495
-0.835856
-0.863365
-0.895362
-0.929993
-0.957227
-0.976568
-0.992265
-1.00722
-1.02316
-1.0401
-1.05588
-1.06938
-1.08122
-1.09236
-1.1036
-1.11545
-1.12799
-1.14058
-1.1521
-1.16208
-1.17067
-1.17828
-1.18529
-1.19204
-1.19883
-1.20587
-1.21325
-1.22084
-1.22824
-1.23512
-1.24134
-1.24695
-1.25209
-1.25693
-1.26164
-1.26635
-1.27111
-1.27589
-1.28048
-1.28464
-1.28823
-1.29125
-1.2938
-1.29596
-1.29782
-1.29944
-1.30088
-1.30217
-1.30335
-1.30443
-1.30543
-1.30638
-1.30728
-1.30814
-1.30897
-1.30978
-1.31057
-1.31134
-1.31211
-1.31287
-1.31362
-1.31438
-1.31514
-1.3159
-1.31666
-1.31743
-1.3182
-1.31898
-1.31976
-1.32054
-1.32132
-1.32209
-1.32287
-1.32363
-1.32439
-1.32514
-1.32588
-1.32661
-1.32732
-1.32802
-1.3287
-1.32936
-1.33001
-1.33064
