0
-0.0605152
-0.12853
-0.2031
-0.281468
-0.358816
-0.42896
-0.488623
-0.53791
-0.578466
-0.612395
-0.641996
-0.66985
-0.69877
-0.730867
-0.764916
-0.796577
-0.824382
-0.849928
-0.87605
-0.905966
-0.940441
-0.970927
-0.99167
-1.00636
-1.0181
-1.02848
-1.03836
-1.04821
-1.05828
-1.06853
-1.07874
-1.08868
-1.09821
-1.10734
-1.11615
-1.12482
-1.13353
-1.14255
-1.15211
-1.16244
-1.17361
-1.18534
-1.19686
-1.20734
-1.21648
-1.22437
-1.23127
-1.23746
-1.24315
-1.24853
-1.25373
-1.25887
-1.264
-1.26919
-1.27441
-1.27964
-1.28478
-1.28973
-1.29441
-1.29877
-1.30281
-1.30653
-1.30996
-1.31312
-1.31604
-1.31875
-1.32128
-1.32366
-1.3259
-1.32803
-1.33007
-1.33202
-1.33391
-1.33574
-1.33752
-1.33926
-1.34097
-1.34266
-1.34432
-1.34597
-1.34761
-1.34924
-1.35087
-1.35249
-1.35411
-1.35572
-1.35733
-1.35893
-1.36053
-1.36211
-1.36369
-1.36524
-1.36678
-1.36829
-1.36977
-1.37122
-1.37263
-1.37401
-1.37535
-1.37665
