0
-0.0601703
-0.132185
-0.209705
-0.279831
-0.337947
-0.388971
-0.437669
-0.48615
-0.532971
-0.575902
-0.615044
-0.651877
-0.687945
-0.723829
-0.758543
-0.790839
-0.820138
-0.846708
-0.871143
-0.893979
-0.91555
-0.935946
-0.955115
-0.973126
-0.990132
-1.00632
-1.02187
-1.03691
-1.05154
-1.06576
-1.07949
-1.09256
-1.10478
-1.11603
-1.12617
-1.13512
-1.14289
-1.14958
-1.15528
-1.16012
-1.1642
-1.16762
-1.17047
-1.17283
-1.17475
-1.1763
-1.17752
-1.17846
-1.17914
-1.1796
-1.17987
-1.17997
-1.17992
-1.17974
-1.17945
-1.17906
-1.17859
-1.17806
-1.17747
-1.17684
-1.17618
-1.17549
-1.17479
-1.17409
-1.17338
-1.17269
-1.17201
-1.17135
-1.17071
-1.17009
-1.1695
-1.16894
-1.1684
-1.1679
-1.16742
-1.16697
-1.16655
-1.16615
-1.16579
-1.16544
-1.16512
-1.16483
-1.16455
-1.16429
-1.16406
-1.16383
-1.16363
-1.16344
-1.16326
-1.16309
-1.16294
-1.1628
-1.16266
-1.16254
-1.16242
-1.16231
-1.16221
-1.16211
-1.16203
-1.16194
