0
-0.0522496
-0.112019
-0.175894
-0.23743
-0.291241
-0.337844
-0.380278
-0.421329
-0.462746
-0.504627
-0.545203
-0.583075
-0.618213
-0.651442
-0.683781
-0.715838
-0.747308
-0.777298
-0.80519
-0.830796
-0.854364
-0.87631
-0.897018
-0.916765
-0.935691
-0.953788
-0.971073
-0.98765
-1.00367
-1.01932
-1.03474
-1.05009
-1.06545
-1.08081
-1.09607
-1.11101
-1.12539
-1.13897
-1.15153
-1.16296
-1.17325
-1.18248
-1.19075
-1.19819
-1.20493
-1.21105
-1.21665
-1.22182
-1.2266
-1.23106
-1.23525
-1.2392
-1.24294
-1.2465
-1.24991
-1.25319
-1.25635
-1.2594
-1.26237
-1.26526
-1.26808
-1.27085
-1.27357
-1.27624
-1.27887
-1.28147
-1.28404
-1.28659
-1.28911
-1.29162
-1.2941
-1.29657
-1.29903
-1.30147
-1.30389
-1.3063
-1.30869
-1.31106
-1.31342
-1.31575
-1.31806
-1.32034
-1.3226
-1.32482
-1.32701
-1.32917
-1.33129
-1.33338
-1.33543
-1.33744
-1.33941
-1.34133
-1.34322
-1.34507
-1.34688
-1.34865
-1.35038
-1.35207
-1.35371
-1.35532
