0
-0.0629976
-0.139949
-0.223077
-0.296869
-0.359305
-0.417423
-0.475836
-0.533018
-0.585107
-0.633007
-0.679546
-0.725652
-0.768061
-0.804073
-0.834311
-0.860548
-0.884146
-0.905839
-0.925774
-0.943919
-0.960341
-0.975157
-0.988501
-1.0005
-1.01127
-1.02091
-1.02946
-1.03696
-1.04344
-1.04899
-1.05368
-1.05758
-1.06071
-1.06314
-1.06493
-1.06614
-1.06684
-1.06709
-1.06695
-1.06647
-1.06569
-1.06464
-1.06337
-1.0619
-1.06026
-1.05848
-1.05658
-1.05458
-1.0525
-1.05037
-1.04819
-1.04598
-1.04377
-1.04156
-1.03937
-1.03722
-1.03512
-1.03307
-1.0311
-1.0292
-1.02738
-1.02565
-1.02401
-1.02248
-1.02105
-1.01973
-1.01851
-1.01739
-1.01637
-1.01544
-1.0146
-1.01384
-1.01316
-1.01256
-1.01201
-1.01153
-1.01111
-1.01073
-1.01041
-1.01012
-1.00987
-1.00966
-1.00948
-1.00933
-1.00921
-1.00911
-1.00903
-1.00897
-1.00893
-1.00891
-1.0089
-1.00891
-1.00893
-1.00896
-1.009
-1.00905
-1.00911
-1.00918
-1.00926
-1.00935
