0
-0.0652956
-0.14635
-0.233973
-0.310454
-0.376023
-0.438912
-0.502401
-0.561891
-0.615909
-0.667896
-0.71977
-0.766954
-0.80523
-0.836081
-0.862209
-0.885349
-0.906271
-0.925053
-0.941774
-0.956574
-0.969617
-0.981071
-0.991092
-0.99982
-1.00738
-1.01385
-1.01931
-1.02385
-1.02757
-1.03057
-1.03289
-1.03458
-1.03569
-1.03628
-1.03641
-1.03614
-1.0355
-1.03455
-1.03333
-1.03187
-1.03021
-1.02837
-1.02639
-1.02429
-1.02209
-1.01982
-1.01749
-1.01513
-1.01276
-1.01038
-1.00803
-1.00572
-1.00346
-1.00126
-0.999144
-0.997113
-0.995174
-0.99333
-0.991589
-0.989956
-0.988432
-0.987014
-0.985699
-0.984484
-0.983363
-0.982331
-0.98138
-0.980504
-0.979698
-0.978953
-0.978265
-0.977629
-0.977038
-0.976489
-0.975977
-0.975499
-0.975052
-0.974633
-0.974239
-0.973868
-0.973517
-0.973185
-0.972871
-0.972573
-0.972289
-0.972018
-0.97176
-0.971513
-0.971276
-0.971049
-0.970832
-0.970622
-0.970421
-0.970226
-0.970039
-0.969858
-0.969682
-0.969513
-0.969349
-0.969189
