0
-0.0490651
-0.10393
-0.161918
-0.218447
-0.269169
-0.313257
-0.352587
-0.38942
-0.425589
-0.462204
-0.499251
-0.535324
-0.568934
-0.599509
-0.627263
-0.652782
-0.676712
-0.699551
-0.721564
-0.742703
-0.762704
-0.781376
-0.798634
-0.814486
-0.829004
-0.842308
-0.854542
-0.865854
-0.876376
-0.886227
-0.89551
-0.90431
-0.912701
-0.920743
-0.928487
-0.935974
-0.943236
-0.950291
-0.957156
-0.963844
-0.970369
-0.976745
-0.982987
-0.989107
-0.995119
-1.00103
-1.00687
-1.01263
-1.01833
-1.02398
-1.02959
-1.03517
-1.04073
-1.04628
-1.05183
-1.05738
-1.06294
-1.06852
-1.07412
-1.07975
-1.0854
-1.09108
-1.09678
-1.10251
-1.10826
-1.11402
-1.11979
-1.12555
-1.1313
-1.13702
-1.14269
-1.14831
-1.15386
-1.15931
-1.16467
-1.16992
-1.17504
-1.18002
-1.18486
-1.18954
-1.19407
-1.19843
-1.20264
-1.20668
-1.21057
-1.21431
-1.2179
-1.22134
-1.22465
-1.22782
-1.23086
-1.23378
-1.23658
-1.23927
-1.24185
-1.24434
-1.24673
-1.24902
-1.25123
-1.25336
