0
-0.0604325
-0.132965
-0.211243
-0.282345
-0.342239
-0.396234
-0.449155
-0.50226
-0.552328
-0.597473
-0.639008
-0.67909
-0.718847
-0.757066
-0.791892
-0.822691
-0.850083
-0.874988
-0.898114
-0.919839
-0.940181
-0.959123
-0.976766
-0.99327
-1.0088
-1.02352
-1.03751
-1.05081
-1.06341
-1.07516
-1.08595
-1.09567
-1.10427
-1.11165
-1.11783
-1.1229
-1.12694
-1.13008
-1.1324
-1.13402
-1.13502
-1.13547
-1.13543
-1.13497
-1.13413
-1.13296
-1.13148
-1.12974
-1.12776
-1.12558
-1.12321
-1.12068
-1.11801
-1.11522
-1.11233
-1.10936
-1.10632
-1.10324
-1.10013
-1.09701
-1.09388
-1.09077
-1.0877
-1.08466
-1.08168
-1.07877
-1.07594
-1.07319
-1.07054
-1.06798
-1.06553
-1.06318
-1.06094
-1.0588
-1.05676
-1.05483
-1.05299
-1.05126
-1.04962
-1.04807
-1.04661
-1.04523
-1.04393
-1.04271
-1.04157
-1.04049
-1.03948
-1.03853
-1.03764
-1.03681
-1.03603
-1.0353
-1.03462
-1.03399
-1.03339
-1.03284
-1.03232
-1.03184
-1.0314
-1.03099
