0
-0.0522496
-0.112019
-0.175894
-0.23743
-0.291241
-0.33785
-0.380298
-0.421379
-0.462843
-0.504764
-0.545292
-0.582925
-0.617546
-0.649914
-0.680999
-0.711437
-0.74112
-0.769305
-0.795449
-0.819357
-0.841188
-0.861301
-0.88007
-0.89781
-0.91475
-0.931029
-0.946687
-0.961729
-0.976205
-0.990193
-1.00379
-1.01709
-1.03018
-1.04316
-1.05608
-1.06896
-1.0818
-1.09455
-1.10711
-1.11935
-1.13114
-1.14237
-1.15296
-1.16282
-1.17192
-1.18027
-1.18792
-1.1949
-1.20129
-1.20715
-1.21254
-1.2175
-1.22209
-1.22635
-1.23031
-1.23402
-1.23748
-1.24074
-1.24382
-1.24672
-1.24947
-1.25209
-1.25458
-1.25696
-1.25923
-1.26142
-1.26351
-1.26553
-1.26748
-1.26936
-1.27118
-1.27294
-1.27466
-1.27632
-1.27794
-1.27952
-1.28106
-1.28256
-1.28404
-1.28548
-1.28689
-1.28828
-1.28964
-1.29098
-1.29229
-1.29359
-1.29487
-1.29613
-1.29737
-1.2986
-1.29981
-1.30101
-1.3022
-1.30337
-1.30454
-1.30569
-1.30684
-1.30797
-1.3091
-1.31022
