0
-0.0652956
-0.14635
-0.233973
-0.310454
-0.376023
-0.438912
-0.502401
-0.561891
-0.61591
-0.667896
-0.719771
-0.766953
-0.80523
-0.836081
-0.862211
-0.885354
-0.906278
-0.925059
-0.941773
-0.956558
-0.969578
-0.980999
-0.990979
-0.999657
-1.00716
-1.01357
-1.01896
-1.02342
-1.02706
-1.02997
-1.03221
-1.03382
-1.03485
-1.03536
-1.03541
-1.03505
-1.03433
-1.0333
-1.03199
-1.03044
-1.02868
-1.02676
-1.02468
-1.02248
-1.02018
-1.0178
-1.01536
-1.01289
-1.01039
-1.0079
-1.00542
-1.00298
-1.00059
-0.998258
-0.996007
-0.993846
-0.991782
-0.989822
-0.987968
-0.98623
-0.984613
-0.983118
-0.981745
-0.980492
-0.979355
-0.978331
-0.977411
-0.97659
-0.97586
-0.975213
-0.974643
-0.974142
-0.973705
-0.973325
-0.972996
-0.972715
-0.972476
-0.972276
-0.97211
-0.971976
-0.971871
-0.971791
-0.971735
-0.971701
-0.971687
-0.97169
-0.97171
-0.971745
-0.971794
-0.971856
-0.971929
-0.972013
-0.972107
-0.97221
-0.972322
-0.972441
-0.972568
-0.972701
-0.972841
-0.972986
