0
-0.0630067
-0.139978
-0.223127
-0.296873
-0.3591
-0.416788
-0.47453
-0.530974
-0.582259
-0.629059
-0.674095
-0.718716
-0.7606
-0.797039
-0.828011
-0.854976
-0.879258
-0.901669
-0.922508
-0.941763
-0.959511
-0.975895
-0.991077
-1.00521
-1.01841
-1.03076
-1.04227
-1.05289
-1.06255
-1.07122
-1.07889
-1.08552
-1.09112
-1.09572
-1.09941
-1.10228
-1.10441
-1.10588
-1.10678
-1.10717
-1.10711
-1.10665
-1.10584
-1.10473
-1.10334
-1.10171
-1.09988
-1.09786
-1.09569
-1.09339
-1.09098
-1.08848
-1.08593
-1.08333
-1.08072
-1.0781
-1.07549
-1.07292
-1.0704
-1.06794
-1.06556
-1.06327
-1.06107
-1.05898
-1.057
-1.05514
-1.0534
-1.05177
-1.05026
-1.04886
-1.04756
-1.04637
-1.04528
-1.04428
-1.04336
-1.04253
-1.04177
-1.04108
-1.04045
-1.03988
-1.03937
-1.03891
-1.0385
-1.03813
-1.03781
-1.03752
-1.03726
-1.03704
-1.03685
-1.03668
-1.03654
-1.03643
-1.03634
-1.03626
-1.03621
-1.03618
-1.03616
-1.03616
-1.03617
-1.0362
