0
-0.0604325
-0.132965
-0.211243
-0.282345
-0.342239
-0.396234
-0.449155
-0.50226
-0.552328
-0.597473
-0.639008
-0.67909
-0.718847
-0.757066
-0.791893
-0.822691
-0.850084
-0.874988
-0.898113
-0.919837
-0.940179
-0.959121
-0.976766
-0.993275
-1.00882
-1.02354
-1.03755
-1.05089
-1.06352
-1.07532
-1.08616
-1.09596
-1.10464
-1.11212
-1.11842
-1.12361
-1.1278
-1.13109
-1.13359
-1.13541
-1.13661
-1.13728
-1.13749
-1.13728
-1.1367
-1.1358
-1.13461
-1.13316
-1.13148
-1.12959
-1.12753
-1.1253
-1.12292
-1.12043
-1.11782
-1.11512
-1.11233
-1.10949
-1.10659
-1.10366
-1.1007
-1.09773
-1.09475
-1.09179
-1.08885
-1.08594
-1.08307
-1.08025
-1.07749
-1.0748
-1.07217
-1.06963
-1.06716
-1.06478
-1.06248
-1.06027
-1.05815
-1.05611
-1.05416
-1.05229
-1.05051
-1.04881
-1.04719
-1.04564
-1.04417
-1.04277
-1.04145
-1.04019
-1.03899
-1.03786
-1.03678
-1.03577
-1.03481
-1.0339
-1.03304
-1.03223
-1.03146
-1.03074
-1.03006
-1.02942
