0
-0.0603114
-0.132604
-0.21053
-0.281172
-0.340221
-0.392799
-0.443708
-0.494646
-0.54318
-0.58707
-0.626974
-0.664749
-0.701906
-0.738455
-0.773011
-0.804532
-0.832913
-0.858729
-0.882639
-0.905117
-0.926373
-0.94635
-0.965053
-0.982604
-0.999181
-1.01497
-1.03011
-1.04471
-1.05878
-1.07223
-1.08486
-1.09651
-1.10703
-1.11631
-1.12429
-1.13102
-1.13659
-1.14115
-1.14481
-1.1477
-1.14991
-1.15153
-1.15265
-1.15333
-1.15361
-1.15356
-1.15321
-1.1526
-1.15175
-1.15069
-1.14946
-1.14806
-1.14653
-1.14487
-1.14311
-1.14127
-1.13935
-1.13737
-1.13534
-1.13328
-1.1312
-1.12911
-1.12702
-1.12495
-1.12289
-1.12086
-1.11888
-1.11693
-1.11504
-1.11321
-1.11143
-1.10973
-1.10809
-1.10651
-1.10501
-1.10357
-1.10221
-1.10091
-1.09968
-1.09851
-1.09741
-1.09637
-1.09539
-1.09447
-1.09361
-1.09279
-1.09203
-1.09132
-1.09066
-1.09004
-1.08946
-1.08892
-1.08842
-1.08796
-1.08753
-1.08713
-1.08676
-1.08643
-1.08612
-1.08584
