0
-0.0601703
-0.132185
-0.209705
-0.279831
-0.337947
-0.388971
-0.437669
-0.48615
-0.532971
-0.575902
-0.615044
-0.651877
-0.687945
-0.723829
-0.758543
-0.790839
-0.820138
-0.846708
-0.871143
-0.893979
-0.915549
-0.935946
-0.955115
-0.973126
-0.990133
-1.00632
-1.02187
-1.03691
-1.05154
-1.06576
-1.0795
-1.09256
-1.10479
-1.11604
-1.12618
-1.13512
-1.1429
-1.14959
-1.1553
-1.16014
-1.16423
-1.16767
-1.17054
-1.17292
-1.17487
-1.17645
-1.17771
-1.17868
-1.1794
-1.17991
-1.18022
-1.18037
-1.18037
-1.18024
-1.18
-1.17967
-1.17926
-1.17878
-1.17825
-1.17767
-1.17706
-1.17643
-1.17578
-1.17512
-1.17447
-1.17382
-1.17319
-1.17257
-1.17197
-1.17139
-1.17084
-1.17031
-1.16981
-1.16934
-1.1689
-1.16848
-1.16809
-1.16772
-1.16739
-1.16707
-1.16678
-1.16651
-1.16626
-1.16603
-1.16582
-1.16562
-1.16544
-1.16527
-1.16512
-1.16498
-1.16485
-1.16473
-1.16462
-1.16452
-1.16443
-1.16434
-1.16427
-1.16419
-1.16413
-1.16407
