0
-0.0648308
-0.14501
-0.231667
-0.307558
-0.372355
-0.434049
-0.496375
-0.555439
-0.609
-0.659993
-0.710941
-0.758879
-0.79899
-0.831512
-0.858951
-0.883182
-0.905153
-0.925013
-0.942793
-0.95861
-0.972622
-0.984996
-0.99589
-1.00545
-1.01378
-1.021
-1.02715
-1.03232
-1.03661
-1.04013
-1.04292
-1.04503
-1.04652
-1.04745
-1.04789
-1.04789
-1.0475
-1.04678
-1.04576
-1.0445
-1.04301
-1.04135
-1.03952
-1.03757
-1.03551
-1.03338
-1.03118
-1.02894
-1.02669
-1.02443
-1.0222
-1.01999
-1.01785
-1.01577
-1.01376
-1.01185
-1.01004
-1.00834
-1.00673
-1.00525
-1.00387
-1.00261
-1.00147
-1.00044
-0.999507
-0.998677
-0.997939
-0.997287
-0.996713
-0.996209
-0.995769
-0.995388
-0.995058
-0.994774
-0.994532
-0.994328
-0.994157
-0.994016
-0.993902
-0.993812
-0.993744
-0.993696
-0.993665
-0.993651
-0.993651
-0.993665
-0.99369
-0.993727
-0.993773
-0.993829
-0.993893
-0.993964
-0.994043
-0.994128
-0.994219
-0.994316
-0.994418
-0.994524
-0.994635
-0.994749
