0
-0.0522496
-0.112019
-0.175894
-0.23743
-0.291241
-0.33785
-0.380298
-0.421381
-0.462848
-0.504771
-0.545301
-0.582933
-0.617548
-0.649896
-0.68093
-0.71126
-0.740738
-0.768564
-0.794164
-0.817358
-0.838332
-0.857468
-0.875166
-0.891768
-0.907539
-0.922664
-0.937257
-0.95135
-0.964983
-0.978216
-0.991122
-1.00378
-1.01628
-1.02869
-1.04108
-1.05349
-1.06597
-1.07849
-1.09102
-1.10346
-1.1157
-1.12757
-1.13897
-1.14979
-1.15991
-1.1693
-1.17793
-1.18583
-1.19305
-1.19964
-1.20567
-1.2112
-1.21628
-1.22096
-1.22529
-1.2293
-1.23303
-1.23652
-1.23978
-1.24284
-1.24573
-1.24845
-1.25102
-1.25347
-1.25579
-1.25801
-1.26012
-1.26215
-1.26409
-1.26595
-1.26774
-1.26947
-1.27113
-1.27274
-1.2743
-1.27581
-1.27728
-1.2787
-1.28008
-1.28143
-1.28274
-1.28402
-1.28527
-1.2865
-1.28769
-1.28886
-1.29001
-1.29114
-1.29224
-1.29333
-1.2944
-1.29545
-1.29648
-1.2975
-1.2985
-1.29949
-1.30047
-1.30143
-1.30239
-1.30333
