0
-0.0601703
-0.132185
-0.209705
-0.279831
-0.337947
-0.388971
-0.437669
-0.48615
-0.532971
-0.575901
-0.615041
-0.651872
-0.687936
-0.723817
-0.758534
-0.790846
-0.820172
-0.84678
-0.871263
-0.894153
-0.915778
-0.936217
-0.955408
-0.973419
-0.990405
-1.00655
-1.02203
-1.03699
-1.0515
-1.06554
-1.07899
-1.09167
-1.10339
-1.11403
-1.12344
-1.1316
-1.13855
-1.1444
-1.14927
-1.15327
-1.15653
-1.15914
-1.16118
-1.16273
-1.16385
-1.1646
-1.16502
-1.16515
-1.16503
-1.16468
-1.16413
-1.16341
-1.16254
-1.16153
-1.16041
-1.15918
-1.15788
-1.1565
-1.15507
-1.15359
-1.15208
-1.15054
-1.149
-1.14746
-1.14592
-1.14439
-1.14289
-1.14142
-1.13997
-1.13857
-1.13721
-1.13589
-1.13461
-1.13339
-1.13221
-1.13108
-1.13
-1.12897
-1.12799
-1.12706
-1.12617
-1.12533
-1.12453
-1.12377
-1.12305
-1.12236
-1.12171
-1.1211
-1.12052
-1.11997
-1.11944
-1.11895
-1.11848
-1.11803
-1.11761
-1.11721
-1.11683
-1.11647
-1.11613
-1.1158
