0
-0.0604325
-0.132965
-0.211243
-0.282345
-0.342239
-0.396234
-0.449155
-0.50226
-0.552328
-0.597473
-0.639008
-0.67909
-0.718847
-0.757066
-0.791893
-0.822691
-0.850084
-0.874988
-0.898113
-0.919837
-0.940179
-0.959121
-0.976766
-0.993274
-1.00882
-1.02354
-1.03755
-1.05088
-1.06351
-1.07531
-1.08615
-1.09595
-1.10463
-1.11212
-1.11844
-1.12365
-1.12787
-1.13119
-1.13374
-1.13559
-1.13684
-1.13757
-1.13782
-1.13767
-1.13715
-1.13631
-1.13519
-1.13381
-1.1322
-1.1304
-1.12842
-1.12629
-1.12402
-1.12163
-1.11915
-1.11659
-1.11396
-1.11129
-1.10858
-1.10586
-1.10312
-1.1004
-1.0977
-1.09503
-1.0924
-1.08984
-1.08733
-1.0849
-1.08255
-1.08029
-1.07811
-1.07602
-1.07403
-1.07213
-1.07032
-1.0686
-1.06697
-1.06543
-1.06397
-1.06259
-1.0613
-1.06007
-1.05893
-1.05785
-1.05683
-1.05589
-1.055
-1.05416
-1.05339
-1.05266
-1.05199
-1.05135
-1.05077
-1.05022
-1.04972
-1.04925
-1.04882
-1.04842
-1.04805
-1.04771
