0
-0.0630067
-0.139978
-0.223127
-0.296873
-0.3591
-0.416788
-0.47453
-0.530974
-0.582261
-0.629067
-0.674113
-0.718747
-0.760637
-0.797054
-0.827965
-0.854829
-0.87897
-0.901188
-0.921758
-0.940635
-0.957867
-0.973568
-0.987881
-1.00094
-1.01286
-1.02373
-1.0336
-1.04248
-1.05035
-1.05725
-1.06323
-1.06833
-1.07255
-1.07594
-1.07855
-1.08047
-1.08175
-1.08248
-1.0827
-1.08248
-1.08187
-1.08092
-1.07966
-1.07812
-1.07635
-1.07437
-1.07219
-1.06986
-1.06739
-1.06479
-1.0621
-1.05932
-1.05648
-1.05359
-1.05067
-1.04772
-1.04478
-1.04184
-1.03893
-1.03606
-1.03324
-1.03048
-1.02778
-1.02516
-1.02264
-1.02021
-1.01788
-1.01567
-1.01357
-1.01159
-1.00972
-1.00797
-1.00633
-1.00479
-1.00336
-1.00204
-1.00081
-0.999668
-0.998618
-0.99765
-0.99676
-0.995943
-0.995195
-0.994511
-0.993886
-0.993318
-0.992801
-0.992334
-0.991911
-0.991531
-0.991191
-0.990887
-0.990618
-0.990381
-0.990175
-0.989996
-0.989843
-0.989716
-0.989611
-0.989528
