0
-0.0529184
-0.113836
-0.17923
-0.242223
-0.297394
-0.345758
-0.390684
-0.435039
-0.480158
-0.524869
-0.56675
-0.605123
-0.640857
-0.675289
-0.709388
-0.743025
-0.77518
-0.805069
-0.832457
-0.857657
-0.881148
-0.903335
-0.924455
-0.944541
-0.963534
-0.98151
-0.998633
-1.0151
-1.0311
-1.04679
-1.06227
-1.07755
-1.09253
-1.107
-1.12076
-1.1336
-1.14535
-1.15592
-1.16531
-1.17363
-1.18099
-1.1875
-1.19329
-1.19845
-1.20307
-1.20723
-1.21098
-1.21439
-1.2175
-1.22034
-1.22296
-1.22537
-1.2276
-1.22967
-1.23161
-1.23342
-1.23512
-1.23673
-1.23826
-1.2397
-1.24108
-1.24241
-1.24368
-1.24491
-1.2461
-1.24726
-1.24839
-1.2495
-1.25059
-1.25166
-1.25272
-1.25377
-1.2548
-1.25583
-1.25684
-1.25785
-1.25885
-1.25983
-1.2608
-1.26177
-1.26272
-1.26365
-1.26458
-1.26549
-1.26638
-1.26726
-1.26812
-1.26896
-1.26979
-1.27059
-1.27138
-1.27215
-1.2729
-1.27363
-1.27434
-1.27504
-1.27571
-1.27637
-1.277
-1.27762
