0
-0.0601703
-0.132185
-0.209705
-0.279831
-0.337947
-0.388971
-0.437669
-0.48615
-0.532971
-0.575902
-0.615044
-0.651877
-0.687945
-0.723829
-0.758543
-0.79084
-0.82014
-0.846709
-0.871142
-0.893973
-0.915541
-0.935941
-0.955133
-0.973199
-0.990308
-1.00666
-1.02244
-1.0378
-1.05282
-1.06751
-1.08177
-1.09538
-1.10814
-1.11991
-1.13053
-1.13993
-1.14814
-1.15526
-1.16138
-1.16665
-1.17117
-1.17504
-1.17836
-1.18119
-1.18361
-1.18566
-1.1874
-1.18886
-1.19008
-1.19108
-1.19191
-1.19257
-1.19309
-1.19349
-1.19378
-1.19398
-1.1941
-1.19416
-1.19416
-1.19412
-1.19405
-1.19395
-1.19384
-1.19372
-1.19359
-1.19347
-1.19335
-1.19324
-1.19314
-1.19306
-1.19299
-1.19294
-1.19291
-1.19289
-1.19288
-1.19289
-1.19291
-1.19294
-1.19299
-1.19305
-1.19311
-1.19318
-1.19327
-1.19335
-1.19344
-1.19354
-1.19364
-1.19374
-1.19384
-1.19395
-1.19405
-1.19416
-1.19426
-1.19437
-1.19447
-1.19458
-1.19468
-1.19478
-1.19488
-1.19498
