0
-0.0601703
-0.132185
-0.209705
-0.279831
-0.337947
-0.388971
-0.437669
-0.48615
-0.532971
-0.575901
-0.615041
-0.651872
-0.687936
-0.723817
-0.758534
-0.790845
-0.820172
-0.84678
-0.871264
-0.894156
-0.915783
-0.936219
-0.955398
-0.973381
-0.990316
-1.00638
-1.02176
-1.03658
-1.05091
-1.06474
-1.07794
-1.09033
-1.10174
-1.11204
-1.1211
-1.1289
-1.1355
-1.14101
-1.14554
-1.14923
-1.15218
-1.1545
-1.15626
-1.15755
-1.15841
-1.15891
-1.15909
-1.15898
-1.15862
-1.15805
-1.15727
-1.15632
-1.15522
-1.15398
-1.15263
-1.15117
-1.14962
-1.14799
-1.1463
-1.14456
-1.14278
-1.14097
-1.13913
-1.13728
-1.13543
-1.13359
-1.13176
-1.12995
-1.12816
-1.12641
-1.12469
-1.12302
-1.12139
-1.1198
-1.11827
-1.11678
-1.11535
-1.11397
-1.11264
-1.11136
-1.11013
-1.10896
-1.10783
-1.10675
-1.10572
-1.10473
-1.10378
-1.10288
-1.10202
-1.1012
-1.10042
-1.09967
-1.09896
-1.09828
-1.09763
-1.09701
-1.09642
-1.09586
-1.09532
-1.09481
