0
-0.0561809
-0.122172
-0.193373
-0.260295
-0.317307
-0.367173
-0.414099
-0.460818
-0.507507
-0.551752
-0.592307
-0.629902
-0.66603
-0.701905
-0.737491
-0.771484
-0.802802
-0.831157
-0.856981
-0.88087
-0.903301
-0.924535
-0.944591
-0.963457
-0.981252
-0.998162
-1.01439
-1.03013
-1.0455
-1.06059
-1.07535
-1.08965
-1.10327
-1.11604
-1.1278
-1.13841
-1.14785
-1.15618
-1.16349
-1.16992
-1.17557
-1.18055
-1.18497
-1.18891
-1.19242
-1.19558
-1.19842
-1.201
-1.20335
-1.2055
-1.20747
-1.20929
-1.21098
-1.21255
-1.21402
-1.21541
-1.21672
-1.21797
-1.21916
-1.22031
-1.22142
-1.2225
-1.22355
-1.22459
-1.22561
-1.22662
-1.22762
-1.22862
-1.22961
-1.2306
-1.23159
-1.23258
-1.23357
-1.23456
-1.23554
-1.23652
-1.23749
-1.23845
-1.23941
-1.24035
-1.24128
-1.24219
-1.24309
-1.24398
-1.24484
-1.24569
-1.24653
-1.24734
-1.24814
-1.24891
-1.24967
-1.25041
-1.25113
-1.25183
-1.25251
-1.25317
-1.25381
-1.25443
-1.25504
-1.25563
