0
-0.0522496
-0.112019
-0.175894
-0.23743
-0.291241
-0.337844
-0.380278
-0.421329
-0.462746
-0.504627
-0.545203
-0.583075
-0.618213
-0.651442
-0.683781
-0.715838
-0.747308
-0.777298
-0.80519
-0.830796
-0.854364
-0.87631
-0.897018
-0.916765
-0.935691
-0.953788
-0.971073
-0.98765
-1.00367
-1.01932
-1.03474
-1.05009
-1.06545
-1.0808
-1.09607
-1.11101
-1.12539
-1.13896
-1.15153
-1.16294
-1.17321
-1.18239
-1.19062
-1.19799
-1.20464
-1.21067
-1.21616
-1.2212
-1.22584
-1.23015
-1.23417
-1.23794
-1.24149
-1.24486
-1.24805
-1.25111
-1.25403
-1.25685
-1.25957
-1.2622
-1.26476
-1.26726
-1.2697
-1.27208
-1.27443
-1.27673
-1.27901
-1.28125
-1.28347
-1.28567
-1.28784
-1.29
-1.29214
-1.29427
-1.29638
-1.29847
-1.30055
-1.30261
-1.30466
-1.30668
-1.30869
-1.31067
-1.31262
-1.31455
-1.31645
-1.31832
-1.32016
-1.32197
-1.32374
-1.32548
-1.32719
-1.32886
-1.3305
-1.3321
-1.33366
-1.33519
-1.33668
-1.33814
-1.33957
-1.34095
