0
-0.0652986
-0.146361
-0.233993
-0.310449
-0.375915
-0.438588
-0.501766
-0.560932
-0.614523
-0.665885
-0.717136
-0.764325
-0.803145
-0.834628
-0.861353
-0.885071
-0.906596
-0.926014
-0.943378
-0.958816
-0.972486
-0.984551
-0.995165
-1.00446
-1.01256
-1.01954
-1.02547
-1.03043
-1.03452
-1.03784
-1.04045
-1.04238
-1.04371
-1.04449
-1.04478
-1.04464
-1.04412
-1.04328
-1.04215
-1.04077
-1.03919
-1.03742
-1.0355
-1.03346
-1.03132
-1.0291
-1.02683
-1.02452
-1.02219
-1.01987
-1.01758
-1.01532
-1.01312
-1.01099
-1.00894
-1.00699
-1.00514
-1.0034
-1.00177
-1.00026
-0.998861
-0.997588
-0.996435
-0.995396
-0.99447
-0.993648
-0.992926
-0.992295
-0.991747
-0.991277
-0.990875
-0.990536
-0.990254
-0.990023
-0.989837
-0.989693
-0.989586
-0.989511
-0.989467
-0.989449
-0.989456
-0.989485
-0.989533
-0.9896
-0.989683
-0.98978
-0.989891
-0.990015
-0.990149
-0.990294
-0.990448
-0.99061
-0.990781
-0.990959
-0.991143
-0.991333
-0.99153
-0.991731
-0.991937
-0.992148
