0
-0.0291295
-0.0588916
-0.0888736
-0.118593
-0.14761
-0.17558
-0.202263
-0.227503
-0.251165
-0.273257
-0.293899
-0.313268
-0.331565
-0.348995
-0.365751
-0.382014
-0.397944
-0.413683
-0.429347
-0.445024
-0.460766
-0.476583
-0.492436
-0.508234
-0.523833
-0.53907
-0.553803
-0.56792
-0.581343
-0.594031
-0.605971
-0.617176
-0.627676
-0.637514
-0.64674
-0.655404
-0.663557
-0.671248
-0.678521
-0.685416
-0.691971
-0.698218
-0.704187
-0.709904
-0.715393
-0.720673
-0.725763
-0.730678
-0.735432
-0.740038
-0.744505
-0.74884
-0.753046
-0.757128
-0.761088
-0.764931
-0.76866
-0.772278
-0.775789
-0.779196
-0.782503
-0.785713
-0.788829
-0.791853
-0.79479
-0.797641
-0.800411
-0.803101
-0.805714
-0.808253
-0.810721
-0.813119
-0.815451
-0.817719
-0.819924
-0.822069
-0.824156
-0.826188
-0.828165
-0.83009
-0.831965
-0.833791
-0.83557
-0.837304
-0.838993
-0.840641
-0.842247
-0.843814
-0.845342
-0.846834
-0.84829
-0.849711
-0.851098
-0.852453
-0.853777
-0.85507
-0.856334
-0.857569
-0.858776
-0.859957
