0
-0.0529184
-0.113836
-0.17923
-0.242223
-0.297394
-0.345758
-0.390684
-0.435039
-0.480158
-0.524869
-0.56675
-0.605123
-0.640857
-0.675289
-0.709388
-0.743025
-0.775181
-0.80507
-0.832458
-0.857657
-0.881146
-0.903329
-0.924445
-0.944526
-0.963521
-0.981509
-0.998659
-1.01517
-1.03125
-1.04705
-1.06266
-1.07811
-1.09329
-1.10798
-1.12196
-1.13503
-1.14702
-1.15783
-1.16749
-1.1761
-1.18376
-1.19062
-1.19677
-1.20234
-1.20739
-1.212
-1.21625
-1.22017
-1.22382
-1.22722
-1.23042
-1.23343
-1.23628
-1.239
-1.24159
-1.24407
-1.24645
-1.24875
-1.25097
-1.25313
-1.25522
-1.25727
-1.25926
-1.26122
-1.26314
-1.26503
-1.26689
-1.26872
-1.27053
-1.27232
-1.27409
-1.27584
-1.27758
-1.27931
-1.28101
-1.28271
-1.28438
-1.28604
-1.28768
-1.28931
-1.29091
-1.2925
-1.29406
-1.2956
-1.29712
-1.29862
-1.30009
-1.30154
-1.30296
-1.30436
-1.30573
-1.30708
-1.3084
-1.30969
-1.31096
-1.3122
-1.31341
-1.31459
-1.31575
-1.31689
