0
-0.0522496
-0.112019
-0.175894
-0.23743
-0.29124
-0.337844
-0.380278
-0.421331
-0.462751
-0.504636
-0.545213
-0.583084
-0.618214
-0.651422
-0.683711
-0.715658
-0.746915
-0.776515
-0.803803
-0.828593
-0.851148
-0.871902
-0.891266
-0.909558
-0.926981
-0.943622
-0.959492
-0.974652
-0.989205
-1.00327
-1.01698
-1.03045
-1.04379
-1.05706
-1.07032
-1.08356
-1.09672
-1.1097
-1.12234
-1.13451
-1.1461
-1.15698
-1.16708
-1.17639
-1.18493
-1.19276
-1.19994
-1.20653
-1.21261
-1.21823
-1.22345
-1.22832
-1.23287
-1.23716
-1.2412
-1.24503
-1.24868
-1.25215
-1.25548
-1.25868
-1.26176
-1.26473
-1.26761
-1.27041
-1.27313
-1.27578
-1.27838
-1.28092
-1.28341
-1.28586
-1.28826
-1.29064
-1.29298
-1.2953
-1.29759
-1.29986
-1.30211
-1.30433
-1.30655
-1.30874
-1.31093
-1.3131
-1.31525
-1.3174
-1.31953
-1.32166
-1.32377
-1.32587
-1.32796
-1.33004
-1.33211
-1.33416
-1.3362
-1.33822
-1.34023
-1.34222
-1.34419
-1.34614
-1.34808
-1.34999
