0 32
0.01 27
0.02 24
0.03 23
0.04 22
0.05 23
0.06 21
0.07 17
0.08 16
0.09 24
0.1 22
0.11 22
0.12 25
0.13 21
0.14 24
0.15 24
0.16 21
0.17 22
0.18 23
0.19 21
0.2 17
0.21 20
0.22 18
0.23 16
0.24 19
0.25 19
0.26 21
0.27 15
0.28 16
0.29 16
0.3 15
0.31 15
0.32 17
0.33 15
0.34 16
0.35 14
0.36 14
0.37 18
0.38 13
0.39 18
0.4 14
0.41 11
0.42 13
0.43 13
0.44 14
0.45 15
0.46 13
0.47 9
0.48 13
0.49 12
0.5 12
0.51 9
0.52 8
0.53 9
0.54 8
0.55 7
0.56 10
0.57 8
0.58 10
0.59 8
0.6 6
0.61 4
0.62 6
0.63 2
0.64 5
0.65 5
0.66 1
0.67 6
0.68 6
0.69 3
0.7 5
0.71 4
0.72 2
0.73 5
0.74 5
0.75 4
0.76 2
0.77 6
0.78 2
0.79 2
0.8 3
0.81 2
0.82 3
0.83 2
0.84 2
0.85 1
0.86 3
0.87 3
0.88 4
0.89 3
0.9 3
0.91 2
0.92 3
0.93 1
0.94 2
0.95 1
0.96 2
0.97 1
0.98 1
0.99 1
1 1
