0 723
0.01 716
0.02 711
0.03 704
0.04 699
0.05 689
0.06 687
0.07 679
0.08 676
0.09 671
0.1 666
0.11 656
0.12 652
0.13 647
0.14 641
0.15 636
0.16 630
0.17 620
0.18 613
0.19 606
0.2 601
0.21 597
0.22 594
0.23 590
0.24 581
0.25 575
0.26 566
0.27 556
0.28 550
0.29 543
0.3 537
0.31 527
0.32 520
0.33 518
0.34 513
0.35 508
0.36 504
0.37 502
0.38 498
0.39 492
0.4 488
0.41 484
0.42 479
0.43 473
0.44 471
0.45 467
0.46 462
0.47 455
0.48 448
0.49 443
0.5 438
0.51 436
0.52 435
0.53 434
0.54 428
0.55 427
0.56 417
0.57 411
0.58 405
0.59 399
0.6 396
0.61 392
0.62 387
0.63 379
0.64 375
0.65 373
0.66 370
0.67 364
0.68 361
0.69 357
0.7 353
0.71 348
0.72 345
0.73 339
0.74 338
0.75 337
0.76 331
0.77 327
0.78 321
0.79 319
0.8 319
0.81 317
0.82 316
0.83 311
0.84 304
0.85 302
0.86 301
0.87 296
0.88 293
0.89 291
0.9 289
0.91 285
0.92 281
0.93 277
0.94 275
0.95 273
0.96 272
0.97 266
0.98 263
0.99 261
1 259
