0
0
0
0
0
0
0
0
0
0
0
0
0
0
0
0
0
0
0
0
0
0
0
0
0
0
0
11.3732
8.71735
0.856419
-5.30921
-10.4064
-13.0624
-17.5256
-23.6623
-29.8012
-34.9321
-38.9111
-41.8026
-44.6178
-47.7265
-50.3633
-52.8098
-53.034
-53.1425
-52.6999
-52.9037
-51.5822
-50.5067
-49.5868
-48.0646
-46.4737
-45.119
-43.4504
-41.5432
-39.6162
-37.4933
-35.336
-32.3293
-30.1925
-28.47
-25.4126
-23.4521
-21.3977
-19.5979
-18.3422
-16.9107
-15.4505
-13.9771
-12.1295
-10.3652
-8.44901
-6.87469
-5.62898
-3.96211
-2.5272
-1.26
0
0
0
0
0
0
0
0
0
0
0
0
0
0
0
0
0
0
0
0
0
0
0
0
