0
0
0
0
77.182
79.6204
82.0134
69.9672
60.0623
59.5913
54.4342
39.0392
36.4957
35.2676
28.5332
26.2603
26.266
20.7294
16.4049
17.0783
17.0306
14.0013
13.5441
15.1832
13.8716
11.554
9.80769
9.75572
9.32134
7.30954
5.9926
5.39924
4.01857
3.65198
3.32429
2.46638
1.77302
1.86815
1.0766
1.66048
0.649767
0.747209
0.814688
0.849012
0.736295
0.940484
1.30957
1.68166
1.17843
0.278234
0.438443
0.178619
0.0988981
-0.4
0
0
0
0
0
0
0
0
0
0
0
0
0
0
0
0
0
0
0
0
0
0
0
0
0
0
0
0
0
0
0
0
0
0
0
0
0
0
0
0
0
0
0
0
0
0
0
