0
0
0
0
0
0
0
0
0
0
0
0
0
0
0
0
0
0
0
0
0
0
0
0
0
0
0
0
0
0
0
0
0
0
0
0
0
0
0
0
0
-29.9021
-28.2809
-27.9878
-27.6907
-26.9705
-26.506
-25.5497
-24.5119
-23.2423
-22.3807
-21.5737
-20.3538
-19.6909
-18.6478
-17.3492
-16.2994
-15.7537
-15.2283
-14.5172
-14.1178
-13.2174
-12.4049
-11.773
-10.9043
-9.98689
-9.26457
-8.6784
-7.87154
-7.56652
-7.02253
-6.24139
-5.54325
-5.06717
-4.2333
-3.5011
-2.83179
-2.30322
-1.91675
-1.45188
-0.868028
-0.745614
-0.484061
0.0571697
0.198354
0.419229
0.519595
0.21975
0.0598737
-0.200086
-0.46
0
0
0
0
0
0
0
0
0
0
