1 1 5 B
1 2 5 B
1 2 6 B
1 3 6 B
1 4 5 B
1 5 4 B
1 6 9 B
1 7 5 B
1 7 8 B
1 8 2 B
1 8 4 B
1 9 5 B
2 1 8 A
2 1 9 A
2 2 5 B
2 2 9 B
2 3 4 A
2 4 2 B
2 4 10 B
2 5 1 A
2 5 4 A
2 6 1 B
2 6 9 B
2 7 9 A
2 8 5 B
2 9 9 A
2 10 6 A
2 10 8 B
3 1 1 B
3 1 6 B
3 1 7 A
3 2 4 B
3 2 5 B
3 3 5 B
3 4 9 A
3 5 1 B
3 5 4 B
3 6 3 A
3 6 4 B
3 6 5 A
3 6 7 B
3 8 3 B
3 9 1 B
3 9 8 A
4 1 4 A
4 1 10 A
4 2 4 B
4 2 5 A
4 2 10 B
4 3 6 B
4 3 9 A
4 4 1 A
4 4 10 A
4 5 5 A
4 5 10 B
4 6 2 B
4 6 9 A
4 7 1 B
4 7 4 A
4 7 5 A
4 7 8 B
4 7 9 B
4 9 2 A
4 10 6 A
4 10 8 A
5 2 1 B
5 3 10 B
5 4 4 A
5 4 5 B
5 5 1 B
5 6 3 A
5 6 10 A
5 7 2 B
5 7 7 A
5 8 4 B
5 8 7 A
5 9 3 A
5 10 4 B
6 2 1 B
6 3 9 A
6 4 2 A
6 4 4 A
6 4 10 B
6 5 7 A
6 5 8 A
6 5 10 A
6 6 2 A
6 6 3 B
6 6 10 B
6 7 1 A
6 7 3 A
6 9 3 B
6 9 6 A
6 9 10 B
6 10 1 A
6 10 3 A
7 1 3 B
7 1 7 A
7 2 4 B
7 2 7 B
7 3 3 A
7 3 7 A
7 4 3 B
7 4 8 B
7 5 3 B
7 6 2 B
7 6 5 B
7 6 10 A
7 7 2 B
7 7 8 B
7 7 10 A
7 8 2 B
7 8 3 B
7 8 10 A
7 9 5 B
7 10 1 B
7 10 4 B
7 10 6 A
8 1 1 B
8 2 4 A
8 2 10 A
8 3 8 A
8 4 1 B
8 4 4 A
8 4 6 B
8 5 6 A
8 6 4 A
8 6 7 B
8 7 2 B
8 7 9 B
8 9 7 A
8 10 2 B
8 10 3 B
8 10 4 B
9 1 2 B
9 2 1 A
9 3 2 B
9 3 5 B
9 3 6 B
9 6 1 A
9 7 10 B
9 8 9 A
9 8 10 A
9 9 8 A
9 10 5 A
9 10 9 A
10 2 3 B
10 3 10 A
10 4 2 B
10 4 6 B
10 4 9 B
10 5 8 B
10 5 10 A
10 6 2 B
10 7 7 A
10 8 9 B
10 9 1 B
10 10 8 A
