1 2 2 A
1 2 10 A
1 4 4 B
1 4 5 B
1 5 1 B
1 5 8 A
1 6 3 B
1 6 6 B
1 6 8 A
1 6 10 B
1 8 5 B
1 9 7 B
1 9 8 B
1 9 9 B
1 10 5 B
1 10 7 A
1 10 8 A
2 1 8 A
2 2 1 A
2 2 3 A
2 2 5 B
2 2 6 B
2 3 8 B
2 3 10 A
2 4 6 B
2 5 1 A
2 6 1 B
3 1 5 B
3 3 3 B
3 4 1 A
3 4 2 B
3 4 4 B
3 4 5 A
3 5 3 A
3 9 2 A
4 1 7 B
4 2 1 B
4 2 6 B
4 3 2 B
4 3 6 B
4 4 9 B
4 7 1 B
4 7 5 A
4 9 3 B
4 10 4 B
4 10 10 A
5 2 7 A
5 3 2 B
5 3 4 A
5 3 7 B
5 4 3 B
5 5 1 B
5 6 3 B
5 6 8 A
5 7 5 B
5 7 10 B
5 9 2 B
5 10 8 B
6 1 1 B
6 1 7 B
6 2 8 B
6 4 1 A
6 4 5 A
6 6 5 B
6 7 1 A
6 7 2 B
6 7 4 B
6 7 6 A
6 7 7 A
6 7 8 A
6 7 10 B
6 8 3 B
6 8 4 B
6 9 8 B
6 10 3 A
6 10 7 B
7 2 3 B
7 2 6 A
7 2 7 A
7 2 8 A
7 4 8 A
7 4 10 B
7 5 3 A
7 6 1 A
7 6 5 B
7 6 9 A
7 7 3 A
7 7 7 A
7 8 3 B
7 8 5 A
7 9 7 A
8 1 1 B
8 2 1 B
8 3 8 A
8 4 4 A
8 5 10 B
8 6 2 B
8 6 3 B
8 6 8 B
8 7 3 B
8 7 8 A
8 7 9 A
8 8 3 A
8 8 5 B
9 1 10 A
9 2 3 B
9 2 7 A
9 3 2 B
9 3 3 A
9 3 7 B
9 4 2 A
9 4 7 B
9 4 8 B
9 5 3 B
9 5 5 A
9 5 8 B
9 6 9 A
9 7 3 B
9 7 7 A
9 7 10 A
9 8 4 B
9 8 7 B
9 8 10 A
9 9 2 B
9 9 5 B
9 10 6 A
10 3 2 A
10 3 8 A
10 4 7 B
10 5 8 A
10 5 9 B
10 6 1 B
10 6 9 B
10 8 9 A
10 9 3 B
10 9 8 A
