1 1 4 B
1 1 10 A
1 2 1 A
1 2 8 B
1 3 2 B
1 3 10 B
1 4 1 A
1 4 6 B
1 5 6 B
1 6 1 B
1 7 8 A
1 8 2 B
1 9 7 B
1 10 6 A
1 10 7 A
2 1 3 B
2 2 7 B
2 3 1 A
2 3 3 B
2 3 4 B
2 3 6 A
2 4 1 B
2 4 10 A
2 8 3 A
2 9 7 B
2 9 9 B
2 10 4 B
2 10 8 B
3 3 2 A
3 3 8 B
3 4 3 B
3 5 3 A
3 5 7 A
3 5 10 B
3 10 10 A
4 1 2 B
4 2 6 B
4 3 1 B
4 4 4 B
4 5 2 B
4 6 1 A
4 6 5 A
4 7 2 B
4 7 4 B
4 10 3 B
5 1 3 B
5 1 7 B
5 1 8 A
5 2 6 B
5 2 9 A
5 4 2 A
5 6 1 B
5 6 6 A
5 6 7 A
5 6 10 B
5 8 5 B
5 8 6 A
5 9 1 B
5 10 5 A
5 10 7 B
6 2 8 A
6 2 9 A
6 3 5 A
6 3 7 A
6 3 8 B
6 4 3 B
6 4 5 A
6 4 10 B
6 5 4 B
6 5 5 B
6 7 5 B
6 9 2 B
6 10 10 B
7 2 2 B
7 4 2 A
7 6 2 A
7 6 7 A
7 7 4 B
7 7 9 B
7 8 3 A
7 8 4 A
7 8 8 A
7 8 9 A
7 9 4 B
7 9 8 B
8 1 7 B
8 3 3 A
8 4 7 B
8 5 1 A
8 5 2 B
8 5 6 B
8 5 9 A
8 6 4 A
8 6 5 B
8 6 9 A
8 6 10 A
8 7 3 B
8 7 8 A
8 10 3 B
8 10 4 A
8 10 6 A
9 2 3 B
9 2 8 A
9 3 3 B
9 4 2 A
9 5 2 B
9 5 6 B
9 5 9 B
9 6 1 B
9 6 2 B
9 6 8 A
9 6 10 A
9 7 6 B
9 7 10 A
9 8 6 B
9 9 3 B
9 9 4 B
9 10 5 B
10 1 2 B
10 2 9 A
10 3 7 A
10 4 2 A
10 4 10 B
10 5 3 B
10 5 7 B
10 5 9 A
10 6 7 B
10 7 8 A
10 7 9 A
10 8 3 B
