1 1 1 A
1 1 2 A
1 2 6 B
1 2 9 B
1 3 10 B
1 5 3 A
1 6 2 A
1 8 9 A
1 9 9 A
1 10 3 A
1 10 5 A
1 10 6 B
2 2 8 A
2 3 4 B
2 3 5 B
2 3 9 A
2 4 1 B
2 4 3 B
2 7 9 B
3 1 1 A
3 1 8 A
3 2 3 B
3 2 6 B
3 2 7 B
3 3 4 B
3 3 5 A
3 5 4 B
3 5 6 A
3 7 5 B
3 9 8 B
3 10 5 B
4 2 1 A
4 4 2 A
4 4 4 B
4 4 7 A
4 6 1 B
4 6 2 B
4 6 3 B
4 6 5 B
4 6 6 B
4 7 9 B
4 8 3 B
4 8 4 B
4 8 8 A
4 8 9 A
4 10 1 B
4 10 3 B
4 10 6 A
4 10 10 B
5 1 5 B
5 3 4 B
5 3 7 B
5 4 2 B
5 6 7 A
5 7 1 B
5 8 10 A
5 9 6 B
6 1 4 B
6 1 5 B
6 1 7 A
6 2 1 A
6 3 3 B
6 4 4 B
6 4 6 A
6 5 5 A
6 5 9 B
6 6 3 B
6 6 7 B
6 7 1 A
6 8 6 B
7 1 9 A
7 2 5 B
7 3 7 B
7 4 3 A
7 5 10 A
7 6 4 B
7 6 9 A
7 7 3 B
7 7 9 B
7 10 5 A
8 2 2 B
8 2 3 B
8 2 10 B
8 3 5 B
8 4 2 A
8 5 4 B
8 6 3 A
8 6 10 A
8 7 10 A
8 8 6 B
8 9 10 B
8 10 8 A
8 10 9 B
9 2 1 A
9 2 4 B
9 4 4 A
9 7 9 A
9 8 2 B
9 9 1 B
9 9 5 B
9 9 6 B
9 9 8 B
9 9 9 A
10 2 8 A
10 4 1 B
10 4 2 A
10 4 3 A
10 4 9 A
10 5 1 B
10 5 2 B
10 5 7 B
10 6 9 A
10 7 3 B
10 7 8 B
10 8 10 A
10 9 2 B
10 10 4 A
10 10 9 A
