1 1 7 A
1 3 2 B
1 4 3 A
1 4 6 B
1 6 4 B
1 7 7 A
1 9 2 B
1 10 6 B
2 1 2 A
2 2 3 B
2 3 1 B
2 3 9 B
2 4 8 B
2 7 5 A
2 9 10 A
2 10 5 A
3 1 2 A
3 1 3 B
3 2 4 B
3 2 7 A
3 3 2 A
3 4 3 B
3 4 7 A
3 5 6 B
3 6 3 B
3 9 7 B
3 10 1 B
3 10 8 A
4 2 8 A
4 2 9 A
4 3 3 A
4 3 7 B
4 4 3 A
4 5 8 B
4 5 9 A
4 6 2 B
4 6 6 B
4 7 1 B
4 7 4 B
4 8 4 B
4 8 6 B
4 8 7 A
4 9 8 B
4 10 9 B
5 1 1 A
5 5 7 A
5 6 3 B
5 7 8 B
5 8 1 B
5 9 1 B
5 10 1 B
5 10 4 A
5 10 5 B
6 2 2 B
6 2 3 B
6 2 9 B
6 3 3 B
6 4 7 B
6 5 4 B
6 6 2 B
6 6 4 B
6 9 10 B
6 10 4 A
6 10 8 A
7 1 5 B
7 2 4 B
7 2 6 A
7 4 1 A
7 6 9 B
7 6 10 A
7 7 9 A
8 1 6 A
8 2 6 B
8 2 9 B
8 3 3 A
8 3 10 A
8 5 4 A
8 5 7 B
8 9 1 B
8 9 5 A
8 9 10 A
8 10 2 B
9 4 8 B
9 5 1 B
9 5 4 B
9 5 5 B
9 5 8 A
9 6 1 B
9 7 6 B
9 8 4 A
9 10 6 B
9 10 9 B
9 10 10 A
10 2 10 A
10 3 7 A
10 5 2 B
10 6 1 A
10 7 1 B
10 7 7 B
10 8 9 A
