1 3 2 B
1 3 3 B
1 4 1 A
1 4 10 A
1 5 2 B
1 5 7 B
1 5 9 A
1 7 9 A
1 8 5 B
1 9 6 B
2 1 1 B
2 1 4 A
2 1 6 A
2 2 5 B
2 2 8 B
2 6 4 A
2 7 2 B
2 7 6 B
3 1 2 B
3 2 2 A
3 2 4 B
3 3 5 B
3 4 1 A
3 4 5 A
3 5 4 B
3 7 3 B
3 8 1 B
3 8 7 A
3 8 8 A
3 9 5 B
4 2 6 A
4 3 2 A
4 4 2 B
4 4 3 B
4 6 1 B
4 6 3 B
4 8 2 B
4 8 5 B
4 8 9 B
4 9 4 A
4 9 8 A
5 1 7 B
5 2 5 B
5 5 2 B
5 7 3 B
5 7 7 A
5 8 1 B
5 8 9 A
5 9 2 B
5 9 10 B
5 10 3 B
6 1 1 A
6 2 5 B
6 2 6 B
6 3 5 B
6 3 6 A
6 3 10 A
6 4 3 B
6 5 2 B
6 5 8 A
6 7 7 B
6 8 8 B
6 9 1 B
7 3 6 A
7 3 9 B
7 6 1 B
7 7 10 A
7 9 8 B
7 10 5 A
7 10 10 A
8 1 9 A
8 3 5 A
8 4 6 B
8 4 9 B
8 7 1 B
8 7 8 A
8 8 2 B
8 9 1 B
8 9 2 A
8 9 9 A
8 10 3 B
8 10 9 A
9 2 6 B
9 3 2 B
9 3 3 B
9 4 1 A
9 8 5 B
9 9 2 B
9 9 3 A
9 10 3 A
10 6 2 A
10 6 3 B
10 6 8 A
10 7 4 A
10 9 5 B
10 10 9 B
