0 31
0.01 32
0.02 24
0.03 28
0.04 25
0.05 28
0.06 29
0.07 29
0.08 24
0.09 26
0.1 25
0.11 29
0.12 19
0.13 22
0.14 23
0.15 23
0.16 19
0.17 19
0.18 22
0.19 24
0.2 22
0.21 18
0.22 16
0.23 16
0.24 18
0.25 16
0.26 17
0.27 19
0.28 19
0.29 20
0.3 15
0.31 13
0.32 14
0.33 15
0.34 15
0.35 13
0.36 11
0.37 12
0.38 11
0.39 9
0.4 14
0.41 14
0.42 11
0.43 11
0.44 13
0.45 11
0.46 12
0.47 11
0.48 11
0.49 15
0.5 14
0.51 14
0.52 11
0.53 12
0.54 15
0.55 11
0.56 9
0.57 10
0.58 10
0.59 15
0.6 11
0.61 13
0.62 10
0.63 10
0.64 12
0.65 14
0.66 12
0.67 13
0.68 12
0.69 11
0.7 12
0.71 8
0.72 9
0.73 12
0.74 10
0.75 11
0.76 9
0.77 9
0.78 10
0.79 11
0.8 7
0.81 8
0.82 11
0.83 8
0.84 10
0.85 9
0.86 9
0.87 7
0.88 11
0.89 8
0.9 5
0.91 11
0.92 6
0.93 8
0.94 8
0.95 10
0.96 9
0.97 12
0.98 10
0.99 11
1 5
