0 47
0.01 20
0.02 17
0.03 25
0.04 23
0.05 17
0.06 18
0.07 13
0.08 9
0.09 10
0.1 10
0.11 8
0.12 7
0.13 8
0.14 8
0.15 10
0.16 11
0.17 12
0.18 12
0.19 7
0.2 10
0.21 7
0.22 7
0.23 9
0.24 9
0.25 8
0.26 10
0.27 9
0.28 8
0.29 4
0.3 7
0.31 8
0.32 7
0.33 5
0.34 7
0.35 4
0.36 6
0.37 5
0.38 4
0.39 6
0.4 6
0.41 4
0.42 6
0.43 1
0.44 3
0.45 4
0.46 4
0.47 3
0.48 6
0.49 4
0.5 3
0.51 4
0.52 6
0.53 10
0.54 9
0.55 5
0.56 7
0.57 5
0.58 7
0.59 5
0.6 3
0.61 4
0.62 4
0.63 3
0.64 5
0.65 3
0.66 4
0.67 7
0.68 7
0.69 8
0.7 8
0.71 7
0.72 7
0.73 7
0.74 9
0.75 5
0.76 6
0.77 11
0.78 10
0.79 5
0.8 5
0.81 8
0.82 9
0.83 8
0.84 4
0.85 4
0.86 4
0.87 4
0.88 4
0.89 9
0.9 6
0.91 7
0.92 7
0.93 8
0.94 10
0.95 9
0.96 8
0.97 5
0.98 8
0.99 5
1 6
