0 701
0.01 697
0.02 694
0.03 690
0.04 678
0.05 675
0.06 668
0.07 661
0.08 656
0.09 650
0.1 644
0.11 639
0.12 634
0.13 626
0.14 622
0.15 619
0.16 616
0.17 613
0.18 605
0.19 598
0.2 592
0.21 585
0.22 580
0.23 573
0.24 564
0.25 560
0.26 557
0.27 555
0.28 550
0.29 538
0.3 531
0.31 527
0.32 525
0.33 522
0.34 512
0.35 507
0.36 504
0.37 497
0.38 493
0.39 490
0.4 486
0.41 479
0.42 473
0.43 470
0.44 464
0.45 461
0.46 458
0.47 453
0.48 448
0.49 439
0.5 434
0.51 429
0.52 423
0.53 419
0.54 418
0.55 416
0.56 409
0.57 404
0.58 402
0.59 398
0.6 392
0.61 389
0.62 386
0.63 382
0.64 378
0.65 377
0.66 372
0.67 368
0.68 361
0.69 356
0.7 353
0.71 351
0.72 350
0.73 346
0.74 343
0.75 341
0.76 339
0.77 337
0.78 335
0.79 332
0.8 329
0.81 325
0.82 325
0.83 324
0.84 324
0.85 322
0.86 316
0.87 314
0.88 311
0.89 310
0.9 305
0.91 304
0.92 302
0.93 301
0.94 298
0.95 296
0.96 296
0.97 294
0.98 288
0.99 285
1 282
