0 104
0.01 104
0.02 104
0.03 104
0.04 104
0.05 102
0.06 102
0.07 102
0.08 100
0.09 100
0.1 98
0.11 96
0.12 96
0.13 96
0.14 96
0.15 96
0.16 96
0.17 96
0.18 96
0.19 96
0.2 94
0.21 92
0.22 92
0.23 92
0.24 88
0.25 88
0.26 88
0.27 88
0.28 88
0.29 88
0.3 88
0.31 88
0.32 88
0.33 88
0.34 88
0.35 88
0.36 88
0.37 88
0.38 88
0.39 88
0.4 88
0.41 88
0.42 88
0.43 86
0.44 86
0.45 86
0.46 86
0.47 86
0.48 86
0.49 86
0.5 86
0.51 84
0.52 84
0.53 84
0.54 82
0.55 80
0.56 80
0.57 80
0.58 80
0.59 80
0.6 78
0.61 76
0.62 76
0.63 76
0.64 74
0.65 74
0.66 74
0.67 74
0.68 74
0.69 74
0.7 74
0.71 74
0.72 74
0.73 74
0.74 74
0.75 74
0.76 74
0.77 74
0.78 74
0.79 74
0.8 74
0.81 74
0.82 74
0.83 74
0.84 74
0.85 74
0.86 74
0.87 74
0.88 74
0.89 74
0.9 74
0.91 74
0.92 74
0.93 74
0.94 74
0.95 74
0.96 74
0.97 74
0.98 74
0.99 74
1 74
