0 55
0.01 28
0.02 27
0.03 29
0.04 21
0.05 15
0.06 12
0.07 15
0.08 20
0.09 17
0.1 12
0.11 14
0.12 12
0.13 14
0.14 19
0.15 14
0.16 15
0.17 10
0.18 13
0.19 12
0.2 12
0.21 18
0.22 15
0.23 13
0.24 12
0.25 9
0.26 12
0.27 14
0.28 11
0.29 20
0.3 10
0.31 8
0.32 9
0.33 9
0.34 11
0.35 8
0.36 11
0.37 16
0.38 16
0.39 11
0.4 11
0.41 9
0.42 11
0.43 7
0.44 9
0.45 12
0.46 10
0.47 6
0.48 14
0.49 8
0.5 9
0.51 11
0.52 6
0.53 5
0.54 8
0.55 12
0.56 8
0.57 11
0.58 8
0.59 13
0.6 12
0.61 12
0.62 8
0.63 6
0.64 8
0.65 9
0.66 10
0.67 10
0.68 7
0.69 6
0.7 12
0.71 10
0.72 8
0.73 5
0.74 9
0.75 8
0.76 12
0.77 10
0.78 13
0.79 9
0.8 9
0.81 7
0.82 7
0.83 14
0.84 7
0.85 11
0.86 7
0.87 12
0.88 14
0.89 10
0.9 10
0.91 13
0.92 9
0.93 5
0.94 6
0.95 8
0.96 6
0.97 5
0.98 7
0.99 9
1 8
