0 1309
0.01 1292
0.02 1298
0.03 1261
0.04 1227
0.05 1225
0.06 1183
0.07 1168
0.08 1155
0.09 1126
0.1 1113
0.11 1064
0.12 1060
0.13 1032
0.14 1046
0.15 1011
0.16 1030
0.17 1004
0.18 966
0.19 946
0.2 925
0.21 909
0.22 876
0.23 867
0.24 856
0.25 833
0.26 812
0.27 818
0.28 782
0.29 774
0.3 730
0.31 697
0.32 729
0.33 701
0.34 677
0.35 652
0.36 630
0.37 653
0.38 654
0.39 652
0.4 637
0.41 628
0.42 628
0.43 604
0.44 605
0.45 584
0.46 562
0.47 549
0.48 529
0.49 547
0.5 527
0.51 524
0.52 512
0.53 498
0.54 496
0.55 511
0.56 475
0.57 470
0.58 437
0.59 449
0.6 446
0.61 420
0.62 414
0.63 399
0.64 405
0.65 404
0.66 408
0.67 395
0.68 374
0.69 343
0.7 357
0.71 349
0.72 361
0.73 355
0.74 341
0.75 330
0.76 303
0.77 307
0.78 309
0.79 307
0.8 313
0.81 296
0.82 308
0.83 275
0.84 270
0.85 251
0.86 253
0.87 245
0.88 265
0.89 230
0.9 229
0.91 231
0.92 220
0.93 215
0.94 217
0.95 219
0.96 203
0.97 211
0.98 183
0.99 198
1 199
