0 106
0.01 104
0.02 102
0.03 100
0.04 98
0.05 96
0.06 96
0.07 96
0.08 96
0.09 96
0.1 96
0.11 96
0.12 94
0.13 94
0.14 94
0.15 92
0.16 92
0.17 92
0.18 92
0.19 92
0.2 90
0.21 90
0.22 90
0.23 90
0.24 88
0.25 86
0.26 86
0.27 86
0.28 86
0.29 86
0.3 86
0.31 86
0.32 86
0.33 86
0.34 86
0.35 86
0.36 84
0.37 84
0.38 84
0.39 84
0.4 84
0.41 84
0.42 84
0.43 82
0.44 82
0.45 82
0.46 82
0.47 82
0.48 82
0.49 82
0.5 82
0.51 82
0.52 82
0.53 82
0.54 82
0.55 82
0.56 82
0.57 82
0.58 82
0.59 82
0.6 82
0.61 82
0.62 82
0.63 82
0.64 80
0.65 80
0.66 80
0.67 80
0.68 80
0.69 78
0.7 78
0.71 78
0.72 78
0.73 78
0.74 78
0.75 78
0.76 76
0.77 76
0.78 76
0.79 76
0.8 76
0.81 76
0.82 76
0.83 76
0.84 76
0.85 76
0.86 76
0.87 76
0.88 76
0.89 76
0.9 76
0.91 74
0.92 74
0.93 74
0.94 74
0.95 72
0.96 72
0.97 72
0.98 72
0.99 72
1 72
