0 92
0.01 92
0.02 92
0.03 92
0.04 92
0.05 90
0.06 90
0.07 88
0.08 84
0.09 84
0.1 84
0.11 84
0.12 84
0.13 84
0.14 82
0.15 82
0.16 82
0.17 80
0.18 80
0.19 80
0.2 80
0.21 80
0.22 78
0.23 76
0.24 76
0.25 76
0.26 74
0.27 74
0.28 74
0.29 74
0.3 74
0.31 72
0.32 72
0.33 72
0.34 72
0.35 72
0.36 72
0.37 72
0.38 72
0.39 72
0.4 72
0.41 72
0.42 72
0.43 72
0.44 72
0.45 72
0.46 72
0.47 72
0.48 72
0.49 72
0.5 72
0.51 72
0.52 72
0.53 72
0.54 72
0.55 72
0.56 72
0.57 72
0.58 72
0.59 72
0.6 72
0.61 72
0.62 72
0.63 72
0.64 72
0.65 72
0.66 72
0.67 72
0.68 72
0.69 72
0.7 70
0.71 70
0.72 70
0.73 70
0.74 70
0.75 70
0.76 70
0.77 70
0.78 70
0.79 70
0.8 70
0.81 70
0.82 70
0.83 70
0.84 70
0.85 70
0.86 70
0.87 70
0.88 70
0.89 70
0.9 70
0.91 70
0.92 70
0.93 70
0.94 70
0.95 70
0.96 70
0.97 70
0.98 70
0.99 70
1 70
