0 20
0.01 20
0.02 20
0.03 19
0.04 19
0.05 19
0.06 19
0.07 19
0.08 19
0.09 18
0.1 18
0.11 18
0.12 18
0.13 18
0.14 18
0.15 18
0.16 18
0.17 18
0.18 18
0.19 18
0.2 17
0.21 17
0.22 17
0.23 17
0.24 17
0.25 17
0.26 17
0.27 17
0.28 17
0.29 17
0.3 17
0.31 17
0.32 17
0.33 17
0.34 17
0.35 17
0.36 17
0.37 16
0.38 16
0.39 16
0.4 15
0.41 14
0.42 13
0.43 13
0.44 13
0.45 13
0.46 13
0.47 13
0.48 13
0.49 13
0.5 13
0.51 13
0.52 13
0.53 13
0.54 13
0.55 13
0.56 13
0.57 13
0.58 13
0.59 13
0.6 13
0.61 13
0.62 12
0.63 12
0.64 12
0.65 10
0.66 10
0.67 10
0.68 9
0.69 9
0.7 8
0.71 8
0.72 8
0.73 8
0.74 8
0.75 8
0.76 8
0.77 7
0.78 7
0.79 7
0.8 7
0.81 7
0.82 6
0.83 6
0.84 6
0.85 6
0.86 6
0.87 6
0.88 6
0.89 6
0.9 6
0.91 6
0.92 6
0.93 6
0.94 6
0.95 6
0.96 6
0.97 6
0.98 6
0.99 6
1 6
