0 20
0.01 19
0.02 18
0.03 18
0.04 18
0.05 18
0.06 18
0.07 18
0.08 18
0.09 17
0.1 17
0.11 17
0.12 17
0.13 17
0.14 16
0.15 15
0.16 15
0.17 15
0.18 15
0.19 15
0.2 14
0.21 14
0.22 14
0.23 14
0.24 14
0.25 14
0.26 14
0.27 14
0.28 14
0.29 14
0.3 14
0.31 14
0.32 14
0.33 14
0.34 14
0.35 14
0.36 14
0.37 14
0.38 14
0.39 13
0.4 12
0.41 12
0.42 10
0.43 10
0.44 10
0.45 10
0.46 10
0.47 9
0.48 9
0.49 9
0.5 9
0.51 9
0.52 9
0.53 9
0.54 9
0.55 9
0.56 8
0.57 8
0.58 8
0.59 8
0.6 8
0.61 8
0.62 8
0.63 8
0.64 8
0.65 8
0.66 8
0.67 8
0.68 8
0.69 8
0.7 8
0.71 8
0.72 8
0.73 8
0.74 8
0.75 7
0.76 7
0.77 7
0.78 7
0.79 7
0.8 7
0.81 7
0.82 7
0.83 6
0.84 6
0.85 6
0.86 6
0.87 6
0.88 6
0.89 6
0.9 6
0.91 6
0.92 6
0.93 6
0.94 6
0.95 6
0.96 6
0.97 6
0.98 6
0.99 6
1 6
