0 712
0.01 703
0.02 698
0.03 692
0.04 684
0.05 675
0.06 670
0.07 657
0.08 648
0.09 645
0.1 638
0.11 632
0.12 625
0.13 622
0.14 618
0.15 612
0.16 607
0.17 601
0.18 594
0.19 591
0.2 588
0.21 580
0.22 574
0.23 571
0.24 568
0.25 561
0.26 557
0.27 548
0.28 542
0.29 533
0.3 526
0.31 523
0.32 515
0.33 513
0.34 506
0.35 504
0.36 502
0.37 497
0.38 490
0.39 485
0.4 482
0.41 475
0.42 474
0.43 468
0.44 460
0.45 454
0.46 449
0.47 443
0.48 436
0.49 435
0.5 429
0.51 427
0.52 424
0.53 423
0.54 419
0.55 416
0.56 410
0.57 405
0.58 396
0.59 391
0.6 387
0.61 383
0.62 381
0.63 380
0.64 375
0.65 374
0.66 370
0.67 368
0.68 363
0.69 360
0.7 358
0.71 355
0.72 351
0.73 349
0.74 345
0.75 342
0.76 341
0.77 339
0.78 333
0.79 329
0.8 327
0.81 325
0.82 325
0.83 323
0.84 318
0.85 318
0.86 317
0.87 314
0.88 313
0.89 309
0.9 306
0.91 304
0.92 299
0.93 298
0.94 296
0.95 295
0.96 295
0.97 290
0.98 284
0.99 283
1 280
