0 30
0.01 24
0.02 22
0.03 26
0.04 21
0.05 23
0.06 24
0.07 29
0.08 21
0.09 24
0.1 23
0.11 28
0.12 24
0.13 24
0.14 21
0.15 22
0.16 24
0.17 26
0.18 23
0.19 27
0.2 19
0.21 25
0.22 22
0.23 24
0.24 21
0.25 19
0.26 21
0.27 20
0.28 21
0.29 18
0.3 20
0.31 21
0.32 22
0.33 24
0.34 22
0.35 21
0.36 22
0.37 18
0.38 15
0.39 12
0.4 12
0.41 15
0.42 16
0.43 17
0.44 14
0.45 15
0.46 18
0.47 16
0.48 11
0.49 12
0.5 11
0.51 14
0.52 13
0.53 13
0.54 12
0.55 9
0.56 12
0.57 12
0.58 10
0.59 8
0.6 9
0.61 8
0.62 15
0.63 12
0.64 12
0.65 11
0.66 11
0.67 11
0.68 9
0.69 11
0.7 9
0.71 13
0.72 9
0.73 10
0.74 12
0.75 11
0.76 11
0.77 14
0.78 11
0.79 14
0.8 7
0.81 12
0.82 12
0.83 6
0.84 6
0.85 4
0.86 5
0.87 11
0.88 5
0.89 9
0.9 7
0.91 5
0.92 5
0.93 3
0.94 7
0.95 7
0.96 5
0.97 1
0.98 3
0.99 4
1 5
