0 732
0.01 725
0.02 718
0.03 706
0.04 697
0.05 690
0.06 686
0.07 682
0.08 674
0.09 667
0.1 661
0.11 653
0.12 644
0.13 640
0.14 631
0.15 623
0.16 618
0.17 610
0.18 606
0.19 600
0.2 596
0.21 589
0.22 585
0.23 579
0.24 575
0.25 567
0.26 561
0.27 555
0.28 545
0.29 536
0.3 532
0.31 526
0.32 519
0.33 515
0.34 509
0.35 507
0.36 502
0.37 498
0.38 494
0.39 493
0.4 488
0.41 485
0.42 476
0.43 470
0.44 463
0.45 452
0.46 445
0.47 441
0.48 433
0.49 429
0.5 424
0.51 419
0.52 413
0.53 411
0.54 406
0.55 404
0.56 402
0.57 397
0.58 395
0.59 392
0.6 384
0.61 380
0.62 377
0.63 370
0.64 363
0.65 358
0.66 354
0.67 353
0.68 352
0.69 348
0.7 344
0.71 341
0.72 340
0.73 334
0.74 329
0.75 326
0.76 322
0.77 315
0.78 308
0.79 308
0.8 307
0.81 307
0.82 302
0.83 297
0.84 293
0.85 287
0.86 283
0.87 280
0.88 276
0.89 270
0.9 267
0.91 264
0.92 259
0.93 255
0.94 252
0.95 251
0.96 251
0.97 250
0.98 248
0.99 248
1 247
