1 1 8 B
1 2 7 B
1 3 3 A
1 3 6 A
1 3 8 B
1 4 4 B
1 4 8 B
1 5 1 B
1 5 5 B
1 6 3 B
1 6 7 B
1 7 6 A
1 7 8 B
1 9 1 A
1 9 2 B
1 9 5 B
1 9 7 B
1 9 9 B
1 10 5 A
2 1 1 A
2 1 4 B
2 2 5 A
2 2 7 A
2 3 2 A
2 3 4 A
2 4 2 B
2 4 5 A
2 4 6 B
2 6 9 B
2 7 7 A
2 8 7 B
2 9 3 A
2 9 4 A
2 9 5 A
2 9 6 B
2 10 1 A
3 1 5 A
3 2 10 A
3 3 5 A
3 4 4 B
3 4 10 B
3 5 7 B
3 6 10 B
3 7 9 B
3 7 10 A
3 8 2 A
3 8 6 A
3 8 10 B
3 9 4 A
3 9 5 A
3 9 9 B
3 10 2 A
4 1 6 B
4 1 10 B
4 2 4 A
4 2 5 B
4 2 9 B
4 3 8 B
4 7 3 B
4 8 4 A
4 9 2 A
4 9 5 A
5 1 2 B
5 1 7 B
5 2 7 B
5 2 10 B
5 3 6 B
5 4 7 B
5 5 10 B
5 7 6 A
5 8 10 A
5 9 8 A
6 1 5 B
6 2 1 B
6 2 7 B
6 6 7 B
6 7 6 B
6 8 3 A
6 8 6 A
6 9 9 B
6 10 1 A
6 10 5 B
6 10 7 B
7 1 4 A
7 1 6 B
7 2 5 B
7 2 8 A
7 3 5 B
7 3 6 B
7 3 7 A
7 4 3 B
7 4 7 B
7 5 6 A
7 5 10 B
7 6 7 B
7 7 6 A
7 7 8 B
7 9 2 B
7 9 10 B
7 10 2 A
7 10 3 B
8 1 5 A
8 2 3 A
8 2 9 B
8 2 10 B
8 3 3 A
8 3 6 B
8 4 6 B
8 5 7 B
8 6 1 A
8 8 3 B
8 10 1 B
8 10 2 A
9 1 1 B
9 1 3 B
9 2 4 A
9 2 6 A
9 3 2 A
9 3 5 A
9 4 1 A
9 4 4 A
9 4 7 B
9 7 2 A
9 7 9 B
9 8 6 B
9 8 9 B
9 10 4 A
10 1 4 A
10 1 7 B
10 2 8 A
10 3 10 A
10 4 3 B
10 5 1 B
10 8 6 A
10 9 2 A
