1 3 3 A
1 3 6 A
1 5 4 B
1 6 9 B
1 7 6 A
1 7 7 B
1 7 8 A
1 8 6 B
1 9 9 B
1 10 3 B
2 1 1 A
2 1 9 B
2 2 4 B
2 2 9 A
2 2 10 A
2 3 4 A
2 3 8 B
2 4 2 B
2 4 3 A
2 4 5 B
2 4 7 B
2 5 2 B
2 5 5 B
2 5 8 B
2 5 10 B
2 6 7 B
2 7 8 B
2 8 1 A
2 9 2 A
2 9 4 A
2 9 5 A
2 10 1 A
2 10 3 A
2 10 4 A
2 10 6 B
3 1 9 B
3 2 7 B
3 2 8 B
3 4 8 B
3 5 7 B
3 7 4 A
3 7 9 A
3 8 5 A
3 9 4 A
3 10 2 A
4 1 3 B
4 1 6 A
4 1 10 B
4 2 5 A
4 2 6 B
4 2 7 B
4 3 2 A
4 3 6 A
4 4 3 B
4 4 5 A
4 4 9 B
4 7 3 B
4 7 10 B
4 8 6 A
4 8 10 B
4 9 9 B
4 9 10 A
4 10 1 A
5 1 7 B
5 2 4 B
5 4 5 B
5 5 10 B
5 6 7 A
5 7 6 B
5 9 7 B
5 9 8 A
5 10 2 A
6 2 1 B
6 2 5 B
6 2 6 B
6 3 8 B
6 5 6 A
6 6 9 B
6 8 2 B
6 8 6 A
6 9 9 B
6 10 5 B
7 1 6 B
7 2 4 A
7 2 5 B
7 3 4 B
7 3 5 B
7 3 7 A
7 4 6 B
7 4 7 B
7 4 8 A
7 5 2 B
7 5 7 B
7 6 7 B
7 8 2 A
7 8 7 A
7 9 8 B
7 10 1 A
7 10 5 B
7 10 9 B
8 1 5 A
8 2 3 A
8 2 5 B
8 3 4 A
8 5 2 A
8 5 9 B
8 6 2 A
8 6 9 B
8 9 2 B
8 9 4 B
8 10 1 A
9 1 2 A
9 1 7 B
9 2 4 B
9 2 5 A
9 2 6 A
9 2 8 B
9 2 9 B
9 3 8 B
9 4 3 A
9 4 4 A
9 5 2 A
9 7 7 B
9 9 3 A
10 1 4 A
10 2 1 B
10 2 6 A
10 3 2 B
10 3 10 A
10 5 1 B
10 7 5 A
10 9 9 B
10 10 3 A
