1 3 1 A
1 6 9 B
1 7 3 B
1 7 5 B
1 8 3 A
1 8 7 A
1 8 8 B
1 9 3 A
1 10 3 A
2 1 7 B
2 1 8 B
2 1 10 B
2 2 2 B
2 2 5 A
2 2 6 A
2 3 2 A
2 4 4 A
2 4 5 B
2 4 9 B
2 6 6 B
2 6 9 B
2 7 8 A
2 8 4 B
2 8 7 B
2 9 2 A
2 9 4 A
2 10 1 A
2 10 2 B
2 10 4 A
3 1 6 B
3 1 8 B
3 2 1 B
3 3 2 A
3 3 4 A
3 3 5 B
3 3 8 A
3 3 9 A
3 3 10 B
3 4 4 B
3 4 6 B
3 4 9 B
3 5 9 A
3 6 6 A
3 6 7 B
3 6 8 B
3 8 8 B
3 10 1 A
3 10 5 B
3 10 10 A
4 1 7 B
4 2 2 B
4 2 5 A
4 3 6 B
4 4 6 A
4 5 4 B
4 5 8 B
4 6 3 B
4 6 5 A
4 7 10 B
4 8 2 A
4 10 1 A
5 1 7 B
5 2 10 B
5 3 6 B
5 4 2 B
5 4 4 B
5 5 2 B
5 7 10 A
5 8 1 B
5 9 2 A
5 9 6 A
5 9 9 A
5 10 3 B
6 3 7 B
6 4 3 B
6 5 6 B
6 6 9 B
6 7 9 B
6 8 2 A
6 8 6 B
6 8 8 B
6 9 8 B
6 10 5 B
6 10 7 A
6 10 9 B
7 1 4 A
7 1 6 A
7 2 6 B
7 3 4 A
7 4 7 B
7 4 10 B
7 5 5 B
7 5 6 A
7 6 4 A
7 8 2 B
7 8 8 B
8 1 3 A
8 1 8 B
8 1 9 B
8 2 2 B
8 2 4 A
8 2 8 A
8 3 4 A
8 3 8 B
8 4 4 A
8 5 2 A
8 8 3 A
8 8 6 A
9 1 5 A
9 1 6 B
9 2 2 B
9 2 7 A
9 2 8 A
9 3 8 B
9 5 3 B
9 5 4 A
9 6 1 A
9 6 7 B
9 7 10 B
9 8 2 A
9 9 3 B
9 9 4 A
10 1 2 B
10 1 10 A
10 2 5 B
10 3 4 A
10 5 3 B
10 6 7 B
10 7 7 A
