1 1 6 B
1 1 8 B
1 1 9 B
1 3 3 A
1 4 5 B
1 5 5 B
1 6 8 B
1 6 9 B
1 8 2 A
1 10 2 A
2 2 2 B
2 2 6 A
2 2 10 B
2 3 5 A
2 4 3 A
2 4 6 B
2 4 9 B
2 5 10 A
2 7 3 B
2 7 4 B
2 7 8 A
2 8 6 A
2 8 7 B
2 9 2 A
2 9 3 A
2 10 2 B
2 10 4 A
2 10 5 B
3 1 6 B
3 2 2 A
3 3 2 A
3 3 6 B
3 4 2 B
3 4 7 A
3 5 5 B
3 5 6 B
3 6 6 A
3 6 10 B
3 9 2 A
3 10 2 A
3 10 3 A
4 1 6 B
4 1 8 B
4 2 2 B
4 3 7 A
4 4 4 B
4 4 5 B
4 4 9 A
4 4 10 B
4 5 5 A
4 5 8 B
4 7 2 B
4 7 4 B
4 8 9 A
4 8 10 B
4 9 8 B
4 10 4 B
4 10 10 A
5 1 2 B
5 2 6 B
5 2 10 B
5 3 5 A
5 4 8 B
5 5 5 B
5 9 2 A
5 9 6 A
5 10 10 B
6 1 3 A
6 1 8 B
6 3 6 B
6 3 10 B
6 4 2 B
6 7 1 B
6 7 3 A
6 7 9 A
6 8 7 A
6 8 9 B
6 9 1 A
6 10 1 A
7 1 6 A
7 2 5 A
7 2 7 B
7 5 2 B
7 5 4 B
7 5 6 A
7 5 8 B
7 6 4 A
7 7 10 B
7 8 5 B
7 9 7 B
7 10 4 B
8 1 6 B
8 2 2 B
8 2 4 A
8 2 7 A
8 2 8 A
8 2 10 B
8 3 3 A
8 4 3 A
8 5 8 B
8 6 3 A
8 6 6 A
8 6 9 B
8 7 9 B
8 8 8 B
9 1 1 B
9 1 4 A
9 1 8 B
9 2 4 A
9 2 8 A
9 4 4 A
9 5 3 B
9 6 6 B
9 10 5 A
10 1 8 A
10 2 3 B
10 3 3 B
10 3 7 B
10 6 7 A
10 6 8 B
10 7 1 A
