1 2 10 B
1 3 3 A
1 4 6 B
1 5 9 A
1 7 8 B
1 7 9 A
1 9 2 A
1 10 2 A
1 10 6 B
2 1 5 B
2 1 9 B
2 2 2 A
2 2 4 A
2 2 6 B
2 3 5 B
2 4 2 B
2 4 5 A
2 4 6 A
2 5 4 A
2 5 8 B
2 7 4 B
2 8 1 A
2 9 2 A
2 9 3 A
2 10 4 A
3 2 7 B
3 2 10 B
3 3 3 A
3 3 5 A
3 3 10 B
3 4 3 B
3 4 4 B
3 4 7 B
3 5 9 B
3 6 5 A
3 6 6 A
3 7 4 B
3 7 6 A
3 7 9 B
3 8 4 B
3 8 7 B
3 10 1 B
3 10 3 A
4 1 6 B
4 2 7 B
4 4 6 B
4 5 4 B
4 5 7 A
4 7 2 B
4 8 9 A
4 9 7 A
4 9 8 B
4 10 1 A
4 10 10 A
5 1 2 A
5 1 7 B
5 2 2 B
5 2 3 B
5 3 7 B
5 3 10 B
5 4 8 B
5 4 9 A
5 5 4 B
5 5 8 B
5 8 8 A
5 8 9 B
5 9 7 B
5 9 9 B
5 10 1 A
5 10 5 B
6 1 6 A
6 1 7 B
6 2 6 B
6 3 3 A
6 3 10 B
6 4 2 B
6 5 3 A
6 6 5 B
6 7 2 B
6 8 2 A
6 9 10 B
6 10 1 A
6 10 5 B
7 1 6 A
7 1 7 A
7 2 7 A
7 3 6 A
7 4 4 A
7 4 7 B
7 5 2 B
7 6 10 B
7 7 3 A
7 9 4 B
8 1 3 B
8 1 6 B
8 2 3 A
8 3 3 A
8 3 9 B
8 4 3 B
8 5 10 B
8 7 9 A
8 7 10 B
8 8 9 B
8 9 8 B
8 10 6 A
9 1 1 B
9 1 7 B
9 2 3 B
9 2 8 A
9 3 6 B
9 5 6 A
9 6 6 B
10 1 5 A
10 1 8 A
10 3 2 B
10 3 4 A
10 5 1 A
10 5 7 B
10 6 5 A
