1 1 1 A
1 3 7 A
1 4 10 B
1 6 2 A
1 6 8 B
1 6 10 B
1 7 10 A
1 9 2 A
1 9 4 B
2 1 3 A
2 2 9 B
2 3 4 A
2 4 9 A
2 5 1 B
2 5 6 A
2 7 2 A
2 7 3 B
2 9 1 A
2 9 2 A
2 9 5 A
2 9 8 B
3 3 9 B
3 4 3 B
3 5 5 A
3 5 7 B
3 6 9 B
3 7 9 A
3 8 3 A
4 1 3 B
4 1 7 B
4 3 4 A
4 3 6 B
4 3 8 B
4 4 2 A
4 4 3 B
4 4 6 B
4 4 7 B
4 6 6 B
4 6 7 A
4 6 9 B
4 7 1 A
4 8 10 B
4 9 6 B
4 10 5 A
4 10 8 A
5 1 7 B
5 2 8 B
5 4 2 B
5 6 3 B
5 10 7 B
5 10 9 B
6 2 2 B
6 2 7 B
6 2 8 B
6 5 2 A
6 5 5 A
6 5 6 B
6 6 2 A
6 6 10 B
6 8 6 A
6 8 10 B
6 10 7 B
6 10 8 B
7 1 5 A
7 2 6 B
7 2 7 B
7 3 2 B
7 3 10 A
7 4 8 A
7 5 1 A
7 5 5 B
7 5 8 B
7 6 10 B
7 10 10 A
8 1 7 A
8 2 7 B
8 4 5 A
8 5 1 B
8 6 2 A
8 7 6 B
8 9 3 B
8 9 7 A
8 9 8 B
9 1 2 B
9 2 2 A
9 3 3 A
9 3 10 B
9 5 4 B
9 5 8 B
9 6 8 B
10 2 6 A
10 3 1 A
10 3 5 B
10 5 7 B
10 6 2 B
10 6 7 B
10 6 10 B
10 8 2 A
10 8 5 A
