1 3 10 B
1 4 4 A
1 6 2 A
1 6 10 B
1 8 2 A
1 9 4 B
1 10 3 A
2 3 8 B
2 5 5 A
2 5 7 A
2 5 8 B
2 6 10 B
2 7 8 B
2 8 2 A
2 8 6 B
2 8 9 B
2 9 1 A
2 9 2 A
2 10 5 A
3 1 1 A
3 1 5 B
3 2 3 B
3 2 5 A
3 2 7 B
3 3 1 B
3 3 5 A
3 4 1 B
3 5 6 A
3 6 6 B
3 7 10 A
3 8 5 B
3 9 9 B
4 2 5 B
4 4 9 A
4 5 2 A
4 5 3 B
4 7 4 B
4 8 9 A
4 9 5 A
4 10 8 B
5 2 1 B
5 2 6 B
5 2 9 B
5 2 10 B
5 3 5 B
5 4 1 A
5 4 3 B
5 4 8 B
5 6 7 B
5 7 6 A
5 9 8 B
5 10 4 A
5 10 9 A
6 2 9 B
6 3 8 A
6 5 2 A
6 7 5 A
6 8 7 B
7 2 9 B
7 3 2 B
7 3 4 B
7 4 9 B
7 5 1 A
7 5 7 B
7 5 8 B
7 6 4 B
7 6 8 B
7 7 7 B
7 7 9 B
7 9 8 B
7 9 9 B
8 1 3 B
8 1 5 A
8 1 6 B
8 5 3 B
8 6 5 A
8 6 10 B
8 8 2 B
8 8 8 A
8 10 4 B
9 2 1 A
9 2 9 A
9 3 2 A
9 3 8 A
9 7 5 A
9 9 4 A
10 3 2 A
10 3 6 B
10 4 9 B
10 5 6 B
10 6 4 A
10 6 8 B
10 6 10 B
