1 3 10 B
1 4 2 A
1 4 4 A
1 4 8 B
1 5 5 A
1 5 10 B
1 7 4 B
1 9 3 A
2 1 2 A
2 1 3 B
2 2 1 B
2 2 5 A
2 4 7 B
2 4 8 A
2 5 5 A
2 6 5 B
2 6 10 B
2 8 2 A
2 8 9 B
2 9 1 A
2 9 2 A
2 10 6 B
3 1 6 A
3 1 7 B
3 2 5 B
3 2 7 B
3 4 3 B
3 5 2 B
3 6 8 B
3 8 10 B
3 9 4 B
3 10 3 A
3 10 4 A
3 10 5 A
4 1 10 B
4 2 2 B
4 4 9 B
4 5 1 A
4 7 9 A
4 8 5 B
4 9 10 A
4 10 10 A
5 1 5 B
5 2 8 B
5 3 2 A
5 3 5 B
5 4 2 A
5 4 3 B
5 7 6 B
5 10 2 A
5 10 9 B
6 1 6 B
6 1 10 B
6 3 8 A
6 4 9 A
6 6 6 A
6 6 7 B
6 8 6 A
6 9 7 B
7 2 5 A
7 3 2 B
7 3 4 B
7 4 2 A
7 4 7 B
7 5 10 B
7 6 4 A
7 6 10 B
7 8 4 B
7 8 8 B
7 10 8 B
8 1 3 B
8 2 10 B
8 3 7 A
8 5 3 B
8 5 6 B
8 5 9 B
8 9 1 B
8 10 5 B
9 2 3 A
9 3 2 A
9 3 10 A
9 5 10 B
9 7 7 B
9 9 4 A
10 3 3 A
10 3 6 B
10 4 5 B
10 4 9 B
10 6 5 A
10 7 6 A
10 7 7 B
