0 20
0.01 20
0.02 20
0.03 20
0.04 20
0.05 20
0.06 19
0.07 19
0.08 19
0.09 19
0.1 18
0.11 18
0.12 18
0.13 17
0.14 17
0.15 17
0.16 17
0.17 17
0.18 17
0.19 17
0.2 17
0.21 17
0.22 17
0.23 17
0.24 17
0.25 17
0.26 17
0.27 17
0.28 17
0.29 17
0.3 17
0.31 17
0.32 17
0.33 17
0.34 17
0.35 16
0.36 16
0.37 16
0.38 16
0.39 16
0.4 15
0.41 15
0.42 15
0.43 15
0.44 15
0.45 14
0.46 14
0.47 14
0.48 14
0.49 14
0.5 14
0.51 14
0.52 13
0.53 12
0.54 12
0.55 12
0.56 11
0.57 11
0.58 11
0.59 11
0.6 11
0.61 11
0.62 11
0.63 11
0.64 10
0.65 10
0.66 10
0.67 9
0.68 9
0.69 9
0.7 9
0.71 9
0.72 9
0.73 8
0.74 8
0.75 8
0.76 8
0.77 8
0.78 8
0.79 8
0.8 8
0.81 8
0.82 8
0.83 8
0.84 8
0.85 8
0.86 8
0.87 8
0.88 8
0.89 8
0.9 7
0.91 7
0.92 7
0.93 7
0.94 6
0.95 6
0.96 6
0.97 6
0.98 6
0.99 6
1 6
