0 20
0.01 20
0.02 19
0.03 19
0.04 19
0.05 19
0.06 19
0.07 19
0.08 19
0.09 19
0.1 19
0.11 18
0.12 17
0.13 17
0.14 17
0.15 17
0.16 17
0.17 17
0.18 17
0.19 17
0.2 17
0.21 16
0.22 15
0.23 15
0.24 15
0.25 15
0.26 15
0.27 15
0.28 15
0.29 14
0.3 14
0.31 14
0.32 14
0.33 14
0.34 14
0.35 14
0.36 14
0.37 13
0.38 13
0.39 12
0.4 12
0.41 12
0.42 12
0.43 11
0.44 10
0.45 10
0.46 10
0.47 10
0.48 10
0.49 10
0.5 10
0.51 10
0.52 10
0.53 10
0.54 10
0.55 10
0.56 10
0.57 10
0.58 10
0.59 9
0.6 9
0.61 9
0.62 9
0.63 9
0.64 9
0.65 9
0.66 9
0.67 9
0.68 9
0.69 9
0.7 9
0.71 9
0.72 9
0.73 9
0.74 9
0.75 9
0.76 9
0.77 9
0.78 9
0.79 9
0.8 8
0.81 8
0.82 8
0.83 8
0.84 8
0.85 8
0.86 8
0.87 7
0.88 7
0.89 7
0.9 7
0.91 7
0.92 7
0.93 7
0.94 7
0.95 7
0.96 7
0.97 7
0.98 7
0.99 7
1 7
