0 27
0.01 27
0.02 27
0.03 22
0.04 21
0.05 22
0.06 21
0.07 24
0.08 22
0.09 21
0.1 23
0.11 21
0.12 21
0.13 20
0.14 13
0.15 11
0.16 13
0.17 14
0.18 12
0.19 14
0.2 12
0.21 14
0.22 17
0.23 17
0.24 16
0.25 14
0.26 12
0.27 18
0.28 15
0.29 15
0.3 15
0.31 17
0.32 15
0.33 11
0.34 15
0.35 17
0.36 13
0.37 14
0.38 10
0.39 11
0.4 11
0.41 13
0.42 11
0.43 14
0.44 11
0.45 12
0.46 10
0.47 6
0.48 7
0.49 8
0.5 8
0.51 9
0.52 13
0.53 10
0.54 10
0.55 12
0.56 7
0.57 5
0.58 8
0.59 7
0.6 8
0.61 9
0.62 10
0.63 7
0.64 3
0.65 4
0.66 4
0.67 5
0.68 5
0.69 6
0.7 5
0.71 5
0.72 7
0.73 2
0.74 4
0.75 4
0.76 4
0.77 3
0.78 4
0.79 3
0.8 3
0.81 2
0.82 5
0.83 6
0.84 5
0.85 5
0.86 3
0.87 5
0.88 6
0.89 5
0.9 4
0.91 1
0.92 5
0.93 5
0.94 4
0.95 5
0.96 3
0.97 4
0.98 4
0.99 2
1 2
