0 710
0.01 703
0.02 698
0.03 696
0.04 688
0.05 682
0.06 675
0.07 665
0.08 656
0.09 651
0.1 646
0.11 645
0.12 640
0.13 637
0.14 631
0.15 620
0.16 616
0.17 612
0.18 608
0.19 601
0.2 595
0.21 591
0.22 587
0.23 585
0.24 579
0.25 571
0.26 568
0.27 558
0.28 553
0.29 546
0.3 540
0.31 537
0.32 529
0.33 527
0.34 523
0.35 519
0.36 514
0.37 511
0.38 507
0.39 499
0.4 495
0.41 492
0.42 486
0.43 478
0.44 471
0.45 464
0.46 457
0.47 454
0.48 450
0.49 449
0.5 447
0.51 442
0.52 438
0.53 431
0.54 428
0.55 420
0.56 413
0.57 411
0.58 410
0.59 406
0.6 402
0.61 397
0.62 394
0.63 388
0.64 385
0.65 379
0.66 373
0.67 371
0.68 366
0.69 365
0.7 363
0.71 360
0.72 358
0.73 351
0.74 344
0.75 343
0.76 340
0.77 335
0.78 331
0.79 328
0.8 327
0.81 325
0.82 321
0.83 321
0.84 317
0.85 315
0.86 313
0.87 311
0.88 305
0.89 301
0.9 297
0.91 295
0.92 294
0.93 293
0.94 291
0.95 290
0.96 286
0.97 281
0.98 278
0.99 277
1 274
