0 71
0.01 71
0.02 69
0.03 67
0.04 67
0.05 67
0.06 67
0.07 67
0.08 67
0.09 67
0.1 67
0.11 65
0.12 65
0.13 65
0.14 65
0.15 65
0.16 65
0.17 65
0.18 65
0.19 65
0.2 65
0.21 65
0.22 63
0.23 63
0.24 63
0.25 63
0.26 63
0.27 63
0.28 63
0.29 63
0.3 63
0.31 63
0.32 63
0.33 63
0.34 63
0.35 63
0.36 63
0.37 63
0.38 63
0.39 63
0.4 63
0.41 63
0.42 63
0.43 63
0.44 63
0.45 63
0.46 63
0.47 63
0.48 63
0.49 63
0.5 63
0.51 63
0.52 63
0.53 63
0.54 61
0.55 61
0.56 61
0.57 61
0.58 61
0.59 61
0.6 61
0.61 61
0.62 61
0.63 61
0.64 61
0.65 61
0.66 61
0.67 61
0.68 61
0.69 61
0.7 61
0.71 61
0.72 61
0.73 61
0.74 61
0.75 61
0.76 61
0.77 61
0.78 61
0.79 61
0.8 61
0.81 61
0.82 59
0.83 59
0.84 59
0.85 59
0.86 59
0.87 59
0.88 59
0.89 59
0.9 59
0.91 59
0.92 59
0.93 59
0.94 59
0.95 59
0.96 59
0.97 59
0.98 59
0.99 57
1 57
