0 58
0.01 33
0.02 29
0.03 31
0.04 21
0.05 21
0.06 16
0.07 16
0.08 20
0.09 18
0.1 11
0.11 16
0.12 12
0.13 16
0.14 16
0.15 13
0.16 14
0.17 10
0.18 10
0.19 7
0.2 6
0.21 10
0.22 9
0.23 10
0.24 10
0.25 12
0.26 16
0.27 18
0.28 17
0.29 14
0.3 13
0.31 12
0.32 11
0.33 12
0.34 10
0.35 11
0.36 14
0.37 12
0.38 10
0.39 10
0.4 10
0.41 8
0.42 10
0.43 9
0.44 7
0.45 7
0.46 11
0.47 15
0.48 16
0.49 14
0.5 17
0.51 14
0.52 17
0.53 16
0.54 16
0.55 15
0.56 15
0.57 12
0.58 13
0.59 13
0.6 7
0.61 12
0.62 11
0.63 13
0.64 9
0.65 7
0.66 7
0.67 8
0.68 12
0.69 12
0.7 15
0.71 8
0.72 9
0.73 12
0.74 16
0.75 12
0.76 12
0.77 10
0.78 15
0.79 12
0.8 13
0.81 11
0.82 15
0.83 10
0.84 9
0.85 12
0.86 13
0.87 11
0.88 12
0.89 13
0.9 14
0.91 13
0.92 13
0.93 16
0.94 13
0.95 11
0.96 16
0.97 11
0.98 10
0.99 11
1 11
