0 113
0.01 113
0.02 113
0.03 111
0.04 111
0.05 111
0.06 107
0.07 107
0.08 107
0.09 105
0.1 105
0.11 105
0.12 105
0.13 105
0.14 105
0.15 105
0.16 103
0.17 103
0.18 103
0.19 101
0.2 99
0.21 99
0.22 99
0.23 97
0.24 95
0.25 95
0.26 95
0.27 95
0.28 95
0.29 95
0.3 95
0.31 95
0.32 95
0.33 95
0.34 95
0.35 93
0.36 93
0.37 93
0.38 93
0.39 93
0.4 93
0.41 93
0.42 91
0.43 91
0.44 91
0.45 91
0.46 91
0.47 91
0.48 91
0.49 91
0.5 91
0.51 91
0.52 91
0.53 91
0.54 91
0.55 91
0.56 91
0.57 91
0.58 91
0.59 91
0.6 91
0.61 91
0.62 91
0.63 91
0.64 91
0.65 91
0.66 91
0.67 91
0.68 91
0.69 91
0.7 89
0.71 89
0.72 89
0.73 89
0.74 89
0.75 89
0.76 87
0.77 87
0.78 87
0.79 87
0.8 87
0.81 87
0.82 87
0.83 87
0.84 87
0.85 87
0.86 87
0.87 87
0.88 87
0.89 87
0.9 87
0.91 83
0.92 83
0.93 83
0.94 83
0.95 83
0.96 81
0.97 81
0.98 81
0.99 81
1 81
