0 20
0.01 20
0.02 19
0.03 19
0.04 18
0.05 18
0.06 18
0.07 18
0.08 18
0.09 18
0.1 18
0.11 18
0.12 18
0.13 18
0.14 17
0.15 17
0.16 16
0.17 16
0.18 15
0.19 15
0.2 15
0.21 15
0.22 15
0.23 15
0.24 15
0.25 15
0.26 15
0.27 15
0.28 14
0.29 14
0.3 12
0.31 11
0.32 10
0.33 10
0.34 10
0.35 10
0.36 10
0.37 10
0.38 10
0.39 10
0.4 10
0.41 10
0.42 10
0.43 10
0.44 10
0.45 10
0.46 10
0.47 10
0.48 10
0.49 10
0.5 10
0.51 10
0.52 10
0.53 10
0.54 10
0.55 10
0.56 10
0.57 10
0.58 10
0.59 10
0.6 9
0.61 9
0.62 9
0.63 9
0.64 8
0.65 8
0.66 7
0.67 6
0.68 6
0.69 6
0.7 6
0.71 6
0.72 6
0.73 6
0.74 6
0.75 6
0.76 6
0.77 6
0.78 6
0.79 6
0.8 6
0.81 6
0.82 5
0.83 5
0.84 5
0.85 5
0.86 5
0.87 5
0.88 5
0.89 5
0.9 5
0.91 5
0.92 4
0.93 4
0.94 4
0.95 4
0.96 4
0.97 4
0.98 4
0.99 4
1 4
