1 3 3 B
1 4 2 B
1 5 7 B
1 5 8 B
1 6 1 B
1 6 3 B
1 6 5 B
1 7 5 B
1 7 8 B
1 8 1 A
1 8 2 B
1 8 3 B
1 8 8 A
1 9 2 B
1 9 8 B
1 10 2 B
1 10 5 A
2 1 1 B
2 1 9 A
2 2 2 B
2 2 3 A
2 2 6 B
2 2 10 A
2 3 5 A
2 3 10 B
2 4 1 B
2 5 5 B
2 8 2 B
2 9 6 B
2 10 7 B
3 1 8 B
3 3 2 A
3 3 9 A
3 5 1 B
3 5 4 B
3 7 1 B
3 7 4 B
3 8 1 A
3 8 2 B
3 8 8 B
3 8 9 B
3 9 10 B
3 10 5 A
4 1 4 A
4 2 1 B
4 3 3 B
4 3 6 A
4 4 2 B
4 4 5 B
4 4 6 B
4 5 6 B
4 5 10 A
4 6 5 B
4 6 6 A
4 6 7 B
4 7 3 B
4 7 6 A
4 7 9 B
4 8 9 B
4 8 10 B
4 9 5 B
4 9 10 B
4 10 2 B
4 10 4 B
4 10 6 B
5 1 1 A
5 1 8 A
5 2 5 A
5 3 1 B
5 3 10 B
5 4 1 B
5 5 8 A
5 5 9 A
5 7 5 A
5 7 10 B
5 8 7 B
5 8 8 B
5 9 1 A
5 9 6 B
5 9 8 B
5 10 7 A
5 10 8 B
5 10 9 B
5 10 10 B
6 1 3 B
6 2 2 A
6 2 5 B
6 2 10 A
6 4 2 B
6 4 3 A
6 4 10 B
6 5 5 B
6 5 7 A
6 5 10 A
6 6 3 B
6 6 4 A
6 8 10 B
6 10 2 B
6 10 10 B
7 1 3 A
7 2 1 A
7 2 4 B
7 2 10 B
7 3 2 B
7 5 2 A
7 5 10 A
7 6 8 B
7 7 2 A
7 7 5 A
7 7 9 A
7 8 3 B
7 8 4 A
7 8 10 A
7 9 2 A
7 9 7 B
7 10 9 B
8 1 2 A
8 1 3 A
8 4 3 A
8 5 1 A
8 5 2 A
8 7 2 B
8 7 5 B
8 8 1 B
8 8 4 B
8 9 5 B
8 9 10 A
9 1 3 A
9 1 7 A
9 1 9 B
9 2 10 A
9 7 1 B
9 7 2 B
9 7 8 A
9 8 5 A
9 8 7 A
9 9 2 B
9 9 4 B
9 9 5 A
9 9 6 A
9 10 1 A
10 1 10 A
10 2 1 B
10 2 2 B
10 2 8 B
10 2 9 B
10 5 6 A
10 5 8 B
10 5 10 A
10 8 1 B
10 8 7 A
10 9 8 A
