1 2 6 A
1 2 7 A
1 3 9 B
1 4 6 B
1 4 8 B
1 5 8 B
1 6 2 B
1 7 5 B
1 7 8 A
1 9 4 B
1 9 7 B
1 10 2 B
1 10 7 B
2 1 1 B
2 2 6 A
2 4 5 B
2 4 7 A
2 5 5 B
2 6 2 B
2 6 8 B
2 7 4 B
2 8 6 B
2 8 9 B
2 9 1 B
2 9 9 B
2 10 1 A
2 10 3 A
3 1 6 A
3 2 1 B
3 3 8 A
3 3 10 A
3 5 1 B
3 5 2 B
3 5 6 A
3 7 1 B
3 7 4 B
3 7 5 B
3 9 1 B
3 9 2 B
3 9 5 B
4 1 2 A
4 1 3 B
4 2 1 B
4 2 4 B
4 3 6 B
4 3 9 B
4 4 3 B
4 4 6 A
4 5 9 A
4 6 2 B
4 7 9 B
4 8 2 B
4 8 3 A
4 8 4 B
4 8 10 B
4 9 8 B
4 10 5 A
4 10 9 B
4 10 10 B
5 1 5 B
5 2 7 A
5 2 9 A
5 3 3 A
5 4 4 B
5 5 8 B
5 6 6 B
5 6 10 A
5 7 2 B
5 7 7 B
5 8 7 A
5 8 8 B
5 8 9 B
5 9 2 B
5 10 7 B
6 2 1 A
6 2 8 A
6 3 1 A
6 3 10 B
6 4 4 A
6 4 7 B
6 6 6 A
6 6 7 A
6 7 4 B
6 7 7 B
6 7 9 A
6 7 10 B
6 8 2 B
6 8 4 A
6 8 10 B
6 9 1 A
7 1 2 B
7 3 8 A
7 4 4 B
7 4 5 A
7 4 9 A
7 5 3 A
7 5 5 B
7 6 4 B
7 6 6 B
7 7 2 A
7 7 6 A
7 8 2 B
7 8 4 B
8 2 1 A
8 2 5 B
8 2 9 A
8 5 4 A
8 5 10 B
8 6 2 B
8 6 9 A
8 7 8 A
8 8 9 B
8 9 2 A
8 9 4 A
8 10 1 B
8 10 10 B
9 1 3 A
9 1 5 A
9 1 7 B
9 1 9 B
9 1 10 B
9 4 7 A
9 7 1 B
9 9 7 A
9 9 9 B
9 10 3 B
9 10 5 A
9 10 8 A
10 1 3 A
10 2 3 B
10 4 8 A
10 6 2 B
10 6 5 B
10 6 7 B
10 8 3 B
10 10 6 A
