1 2 8 A
1 3 6 B
1 3 10 B
1 4 7 A
1 5 2 B
1 5 8 B
1 7 4 B
1 7 6 B
1 7 9 A
1 8 7 B
1 9 1 B
1 9 9 B
1 10 2 B
1 10 8 B
2 1 6 A
2 2 6 A
2 3 5 B
2 4 8 B
2 5 8 B
2 6 5 B
2 7 2 B
2 8 5 B
2 8 10 B
2 9 4 B
2 10 2 A
3 1 1 B
3 2 1 B
3 2 6 A
3 3 9 B
3 4 8 A
3 4 10 A
3 5 2 B
3 5 5 A
3 6 2 B
3 7 2 B
3 7 4 B
3 8 5 B
3 9 1 B
3 10 1 A
4 1 2 B
4 2 2 A
4 2 5 B
4 3 6 B
4 4 7 A
4 5 3 B
4 5 10 A
4 6 2 B
4 7 3 A
4 7 7 B
4 7 10 B
4 8 1 B
4 8 4 B
4 8 8 B
4 8 9 B
4 9 1 B
4 9 5 B
4 9 9 B
4 9 10 B
4 10 5 A
5 2 1 B
5 2 6 A
5 2 8 A
5 3 4 A
5 4 3 B
5 5 10 A
5 6 5 B
5 6 7 A
5 7 3 B
5 7 10 B
5 8 6 A
5 8 10 B
5 9 1 A
5 10 6 B
6 1 5 B
6 2 7 A
6 3 1 A
6 4 4 A
6 4 5 A
6 4 9 A
6 5 8 B
6 6 4 B
6 6 6 A
6 7 9 A
6 8 2 B
6 8 3 A
6 8 7 B
6 8 8 B
6 9 2 B
7 1 1 B
7 2 1 A
7 3 10 B
7 4 3 A
7 4 7 B
7 4 8 A
7 5 4 B
7 5 10 B
7 6 3 B
7 6 5 B
7 7 6 B
7 7 7 A
7 8 2 B
7 8 5 B
7 8 9 B
7 8 10 B
8 1 10 B
8 2 2 A
8 7 2 A
8 7 9 A
8 9 5 A
8 9 10 B
8 10 2 B
8 10 8 A
9 1 4 A
9 1 6 B
9 1 9 B
9 2 5 B
9 2 9 A
9 4 6 A
9 4 8 A
9 5 4 A
9 6 2 B
9 7 8 A
9 8 1 B
9 8 9 B
9 9 2 A
9 10 2 B
9 10 5 A
9 10 7 A
10 1 3 B
10 1 4 A
10 1 5 A
10 5 2 B
10 5 7 B
10 7 5 B
10 8 2 B
10 10 5 A
