1 1 8 A
1 3 4 A
1 3 7 B
1 4 5 B
1 4 8 B
1 5 9 B
1 7 5 B
1 7 10 A
1 8 5 B
1 8 9 B
1 9 1 B
1 10 5 B
2 1 8 A
2 2 8 B
2 2 10 B
2 3 8 A
2 4 3 B
2 6 2 B
2 6 4 B
2 8 7 B
2 8 10 A
2 10 2 A
2 10 4 B
2 10 5 B
3 1 4 B
3 2 2 B
3 3 3 B
3 4 3 B
3 4 4 B
3 4 10 B
3 6 8 B
3 7 2 B
3 7 4 B
3 7 6 B
3 7 8 B
3 8 6 B
3 8 9 B
3 9 1 A
3 9 2 A
3 9 4 B
3 10 9 B
4 2 1 B
4 2 8 A
4 3 4 A
4 3 5 A
4 5 2 B
4 6 10 A
4 7 2 B
4 8 1 A
4 8 4 B
4 8 8 B
4 8 9 B
4 9 3 B
4 10 10 B
5 2 5 B
5 3 2 A
5 3 4 A
5 3 8 A
5 4 7 A
5 5 7 B
5 5 8 A
5 6 4 A
5 6 5 A
5 7 8 A
5 8 3 A
5 9 3 B
5 9 10 B
5 10 3 B
5 10 4 B
5 10 8 B
6 1 4 A
6 3 4 A
6 3 6 A
6 3 10 A
6 4 10 A
6 6 2 B
6 6 7 B
6 7 7 A
6 7 8 A
6 9 4 B
6 9 7 B
7 1 6 A
7 2 8 B
7 4 3 A
7 4 9 B
7 4 10 B
7 6 6 B
7 7 1 B
7 7 2 B
7 7 7 B
7 7 10 A
7 8 10 B
7 9 6 A
7 10 1 B
7 10 9 B
8 1 5 B
8 1 6 B
8 1 9 B
8 1 10 A
8 2 6 A
8 3 1 A
8 6 7 B
8 7 2 B
8 7 3 A
8 7 6 B
8 8 7 B
8 9 2 B
8 9 5 A
9 1 1 B
9 1 7 B
9 3 7 A
9 4 3 A
9 7 5 B
9 7 7 B
9 7 9 B
9 8 5 A
9 8 7 A
9 8 8 A
9 8 10 B
9 9 6 A
10 1 8 B
10 2 4 A
10 3 1 A
10 3 6 B
10 5 3 B
10 6 3 B
10 8 2 B
10 10 5 A
