1 1 7 A
1 2 5 A
1 2 8 B
1 2 9 A
1 3 7 B
1 3 9 B
1 6 7 B
1 8 8 A
2 1 2 B
2 4 4 B
2 4 8 B
2 4 9 A
2 5 8 B
2 6 8 A
2 7 2 B
2 7 4 B
2 8 3 A
2 8 6 B
2 8 9 B
2 9 3 B
2 9 6 B
2 9 9 B
2 10 2 A
3 1 6 B
3 2 3 B
3 2 9 B
3 3 5 A
3 4 2 B
3 5 6 B
3 6 1 B
3 6 4 B
3 6 7 B
3 7 3 B
3 7 10 B
3 8 4 B
3 8 7 B
3 9 3 B
3 9 9 B
3 10 2 A
3 10 4 B
4 1 4 A
4 2 7 A
4 3 3 A
4 3 8 A
4 4 2 A
4 5 6 B
4 6 4 A
4 7 2 A
4 7 7 B
4 8 5 B
4 8 10 A
4 9 10 B
4 10 3 B
4 10 4 B
5 1 3 B
5 2 6 A
5 2 7 A
5 3 1 B
5 5 3 B
5 5 4 A
5 5 5 A
5 6 4 A
5 6 10 B
5 7 3 B
5 7 4 B
5 7 5 A
5 8 1 B
5 8 8 A
5 9 4 B
5 9 8 B
5 10 9 B
6 1 4 B
6 3 5 A
6 3 9 A
6 4 6 B
6 7 3 B
6 7 7 A
6 8 4 A
6 9 3 B
6 10 9 B
7 1 7 B
7 1 10 B
7 3 10 A
7 4 3 A
7 4 6 A
7 4 7 B
7 5 2 A
7 5 7 A
7 6 5 B
7 8 9 A
7 8 10 B
7 10 9 B
8 2 6 A
8 2 7 B
8 2 9 B
8 3 9 B
8 5 6 B
8 6 8 B
8 7 6 B
8 8 3 B
8 9 2 B
8 9 3 B
8 10 4 A
8 10 9 B
9 1 9 A
9 2 2 B
9 2 3 A
9 3 2 A
9 6 10 B
9 8 3 B
9 8 4 B
9 10 5 A
10 2 6 A
10 3 4 B
10 4 2 A
10 5 1 B
10 6 2 B
10 7 3 B
10 8 7 B
10 9 5 A
10 9 10 A
10 10 1 B
