1 1 8 A
1 2 3 B
1 3 9 B
1 6 9 B
1 7 8 B
1 10 3 A
2 2 8 B
2 2 10 A
2 3 8 A
2 4 10 A
2 5 7 B
2 5 10 B
2 6 3 B
2 8 3 A
2 8 4 B
2 8 9 B
2 9 7 B
2 10 6 B
3 1 4 A
3 2 2 A
3 2 7 B
3 3 2 B
3 4 1 A
3 4 8 A
3 5 4 B
3 6 4 B
3 7 1 B
3 7 3 A
3 7 5 B
3 7 7 B
3 8 3 B
3 8 4 B
3 8 5 B
3 9 2 B
3 9 3 B
3 9 7 B
3 10 3 B
3 10 6 B
3 10 7 A
4 2 8 B
4 2 9 B
4 3 1 A
4 4 6 B
4 5 5 A
4 6 7 B
4 8 2 A
4 8 4 B
4 8 7 B
4 9 6 B
4 9 9 A
4 10 3 B
4 10 4 B
5 1 5 A
5 3 1 B
5 3 5 A
5 3 6 A
5 4 5 B
5 5 3 B
5 6 1 B
5 6 3 A
5 7 6 B
5 10 1 B
6 1 10 B
6 2 3 B
6 3 2 A
6 4 7 A
6 4 8 A
6 5 9 A
6 6 9 A
6 6 10 B
6 7 4 A
6 7 8 A
6 8 10 B
6 9 1 B
6 10 3 A
7 1 7 A
7 1 10 B
7 2 4 B
7 2 7 B
7 2 8 B
7 4 3 A
7 5 9 B
7 6 10 B
7 9 1 B
7 10 7 B
7 10 8 A
8 1 3 A
8 1 8 A
8 2 1 A
8 3 4 B
8 3 6 B
8 5 9 B
8 6 6 A
8 6 9 B
8 7 4 B
8 7 5 B
8 7 6 B
8 9 5 B
8 9 8 B
8 10 5 A
8 10 6 B
9 3 2 A
9 4 2 B
9 5 4 A
9 5 6 A
9 6 3 B
9 6 6 B
9 10 1 B
9 10 5 B
10 1 2 B
10 2 5 A
10 3 10 A
10 4 4 A
10 5 5 B
10 6 9 B
10 8 3 B
10 10 2 B
10 10 6 A
