1 2 4 B
1 6 3 B
1 7 10 B
1 8 4 A
1 8 5 B
1 8 8 B
1 10 2 B
2 1 10 A
2 2 10 B
2 3 9 A
2 4 7 A
2 5 8 B
2 6 9 B
2 7 2 B
2 7 5 B
2 8 2 B
2 8 6 B
2 8 8 B
2 9 7 B
2 10 6 A
3 1 8 B
3 2 8 A
3 3 2 B
3 3 5 B
3 3 10 A
3 4 4 B
3 4 9 B
3 6 4 B
3 7 3 A
3 7 4 A
3 7 5 B
3 8 6 B
3 9 3 B
3 10 3 B
3 10 5 B
3 10 7 B
3 10 8 B
4 3 1 A
4 3 7 B
4 4 2 A
4 4 3 A
4 4 4 B
4 5 6 B
4 6 5 A
4 7 4 A
4 7 7 B
4 8 1 A
4 9 3 B
4 10 1 B
4 10 4 B
5 1 3 A
5 2 3 B
5 3 6 A
5 4 2 B
5 4 4 A
5 5 3 A
5 5 4 B
5 6 9 A
5 7 1 B
5 7 9 B
5 8 4 B
5 8 6 B
5 9 4 A
5 10 8 A
5 10 10 A
6 2 5 A
6 2 7 A
6 2 9 B
6 2 10 B
6 4 3 A
6 5 7 A
6 6 7 A
6 7 6 B
6 7 10 B
7 1 6 B
7 3 4 B
7 4 6 A
7 5 5 B
7 5 8 A
7 5 9 B
7 6 5 A
7 9 6 B
7 10 7 B
8 1 9 B
8 2 4 B
8 3 3 A
8 5 10 B
8 6 8 B
8 8 1 B
8 8 4 B
8 9 6 B
8 10 1 B
8 10 2 B
8 10 4 A
9 1 2 B
9 1 8 A
9 2 4 A
9 2 7 B
9 3 5 A
9 3 10 A
9 5 10 B
9 6 4 A
9 6 8 A
9 6 9 B
9 7 5 B
9 10 6 B
10 3 4 A
10 4 3 A
10 5 3 B
10 5 5 A
10 6 3 B
10 6 5 B
10 6 6 B
10 7 7 B
10 9 2 B
10 9 3 B
