1 2 10 B
1 3 7 A
1 4 3 A
1 4 4 B
1 4 5 A
1 5 1 B
1 7 4 A
1 8 2 B
1 9 2 B
1 9 3 B
1 9 7 B
2 1 9 A
2 4 10 A
2 5 1 B
2 6 5 A
2 8 5 B
2 8 7 B
2 8 8 B
2 9 5 A
2 10 5 B
3 1 8 B
3 1 9 A
3 3 1 A
3 4 2 B
3 4 8 B
3 5 3 B
3 5 8 B
3 6 5 B
3 7 3 B
3 7 4 B
3 7 9 B
3 7 10 B
3 8 1 A
3 8 4 B
3 8 9 B
3 10 1 B
3 10 2 B
4 1 6 B
4 3 2 A
4 3 4 B
4 4 3 B
4 4 5 B
4 5 3 B
4 6 4 A
4 6 5 A
4 7 6 B
4 9 5 B
4 9 7 A
4 9 8 B
4 10 3 B
5 2 2 B
5 2 5 A
5 2 9 A
5 4 3 A
5 5 3 B
5 6 4 A
5 7 4 B
5 8 5 B
5 8 6 B
5 9 10 A
6 2 4 B
6 2 5 A
6 2 9 B
6 2 10 B
6 3 8 A
6 6 9 A
6 7 1 B
6 7 7 A
6 8 5 A
6 8 9 B
6 9 1 A
6 9 4 A
6 10 2 B
7 2 3 A
7 2 5 A
7 2 8 B
7 3 6 A
7 3 7 A
7 4 10 B
7 5 4 B
7 5 7 A
7 7 2 B
7 7 7 B
7 7 10 B
7 9 3 B
7 10 5 B
7 10 6 B
8 1 2 B
8 1 3 A
8 2 3 A
8 2 7 B
8 4 10 B
8 5 9 B
8 9 7 B
8 10 4 B
9 1 1 B
9 2 10 B
9 4 10 B
9 5 4 A
9 7 2 B
9 8 5 B
9 9 4 B
9 10 7 B
10 1 10 A
10 3 3 A
10 3 6 B
10 3 10 A
10 5 2 A
10 6 6 B
10 8 7 B
10 8 8 A
10 9 4 B
