1 3 1 A
1 3 3 A
1 3 10 A
1 5 2 B
1 8 4 B
1 8 9 B
1 9 6 B
1 10 2 B
1 10 3 B
2 3 1 A
2 3 3 B
2 3 10 A
2 4 2 B
2 5 1 B
2 6 4 A
2 6 8 B
2 6 10 B
2 7 3 B
2 8 2 B
2 8 4 B
3 3 1 A
3 4 1 B
3 6 3 A
3 6 4 A
3 7 3 B
3 7 6 B
3 8 2 B
3 9 5 A
3 9 6 A
3 9 9 B
4 1 6 B
4 2 4 B
4 2 8 B
4 2 10 A
4 3 9 A
4 4 6 B
4 6 1 A
4 6 9 B
4 7 9 B
4 8 4 A
4 8 6 B
4 9 5 B
4 10 2 B
4 10 4 A
4 10 9 B
4 10 10 A
5 1 9 B
5 2 2 B
5 2 3 A
5 3 2 B
5 3 9 A
5 4 6 A
5 5 2 A
5 5 3 B
5 6 3 B
5 6 4 B
5 7 1 B
5 7 5 B
5 7 6 B
5 9 1 A
6 1 5 A
6 4 9 B
6 5 3 A
6 9 5 B
6 9 6 B
6 10 3 B
6 10 4 B
7 1 3 B
7 2 1 B
7 2 7 A
7 2 8 B
7 3 2 B
7 5 5 B
7 5 7 A
7 5 9 A
7 6 5 B
7 7 4 B
7 7 8 B
7 8 4 A
7 9 6 B
7 10 5 B
8 1 4 A
8 1 9 B
8 2 2 A
8 2 5 A
8 2 6 B
8 4 7 B
8 4 10 B
8 8 1 B
8 8 9 A
8 10 1 B
9 2 7 B
9 2 10 A
9 3 10 B
9 5 10 B
9 6 5 B
9 6 6 B
9 10 4 B
9 10 5 B
9 10 8 B
10 3 2 A
10 3 9 A
10 5 6 A
10 6 4 A
10 7 2 B
10 9 9 B
