1 1 3 A
1 2 5 A
1 5 5 B
1 6 3 B
1 7 6 B
1 8 1 B
1 8 3 B
1 9 1 B
1 9 8 B
2 1 4 B
2 2 1 B
2 3 9 A
2 4 8 B
2 5 2 A
2 6 2 A
2 6 6 A
2 7 2 B
2 7 4 A
2 8 10 B
2 9 5 B
3 1 1 A
3 1 6 B
3 1 9 A
3 2 6 B
3 3 2 B
3 5 4 B
3 5 10 B
3 6 3 B
3 6 4 B
3 6 9 B
3 7 4 A
3 8 3 B
3 8 6 B
3 8 10 A
3 9 3 B
3 9 9 B
4 2 6 B
4 2 10 A
4 3 10 B
4 4 10 A
4 5 8 A
4 6 2 B
4 6 8 B
4 7 5 B
4 7 7 A
4 7 8 B
4 7 9 B
4 8 3 B
4 9 5 A
4 10 5 B
5 1 6 A
5 2 3 B
5 7 2 A
5 7 4 B
5 7 5 B
5 7 9 B
5 8 4 B
5 9 5 B
6 1 10 B
6 2 2 B
6 2 9 A
6 3 5 B
6 4 4 B
6 4 6 A
6 5 1 A
6 6 7 A
6 7 4 B
6 8 6 B
7 1 1 A
7 3 2 A
7 5 6 B
7 5 8 A
7 7 10 B
7 10 5 A
8 2 3 A
8 2 5 A
8 3 5 A
8 3 8 B
8 4 9 B
8 5 9 B
8 5 10 A
8 6 2 B
8 7 4 B
8 7 6 B
8 8 2 B
8 8 4 B
8 9 5 B
9 3 7 B
9 3 8 A
9 6 3 B
9 8 2 B
9 9 4 A
10 3 2 B
10 3 5 B
10 4 8 A
10 5 5 B
10 5 8 A
10 8 6 B
10 8 10 B
10 9 8 B
