0 1376
0.01 1361
0.02 1330
0.03 1299
0.04 1297
0.05 1279
0.06 1208
0.07 1199
0.08 1130
0.09 1113
0.1 1083
0.11 1065
0.12 1046
0.13 1005
0.14 988
0.15 961
0.16 993
0.17 957
0.18 900
0.19 888
0.2 901
0.21 837
0.22 806
0.23 814
0.24 800
0.25 797
0.26 756
0.27 739
0.28 730
0.29 722
0.3 715
0.31 674
0.32 683
0.33 687
0.34 694
0.35 670
0.36 692
0.37 649
0.38 611
0.39 601
0.4 596
0.41 591
0.42 565
0.43 555
0.44 532
0.45 559
0.46 544
0.47 515
0.48 493
0.49 513
0.5 490
0.51 484
0.52 500
0.53 492
0.54 470
0.55 421
0.56 473
0.57 419
0.58 431
0.59 426
0.6 381
0.61 391
0.62 376
0.63 364
0.64 350
0.65 354
0.66 348
0.67 312
0.68 308
0.69 303
0.7 304
0.71 278
0.72 292
0.73 278
0.74 276
0.75 299
0.76 292
0.77 286
0.78 284
0.79 270
0.8 266
0.81 251
0.82 241
0.83 241
0.84 232
0.85 222
0.86 230
0.87 234
0.88 220
0.89 220
0.9 205
0.91 198
0.92 190
0.93 198
0.94 202
0.95 197
0.96 180
0.97 184
0.98 185
0.99 178
1 177
