0 80
0.01 80
0.02 78
0.03 76
0.04 76
0.05 76
0.06 74
0.07 72
0.08 72
0.09 70
0.1 70
0.11 70
0.12 68
0.13 68
0.14 68
0.15 68
0.16 68
0.17 68
0.18 68
0.19 68
0.2 68
0.21 68
0.22 68
0.23 68
0.24 68
0.25 68
0.26 68
0.27 68
0.28 68
0.29 68
0.3 66
0.31 66
0.32 66
0.33 66
0.34 66
0.35 66
0.36 66
0.37 66
0.38 66
0.39 66
0.4 66
0.41 66
0.42 66
0.43 66
0.44 66
0.45 66
0.46 66
0.47 66
0.48 66
0.49 66
0.5 66
0.51 66
0.52 66
0.53 66
0.54 66
0.55 66
0.56 66
0.57 66
0.58 66
0.59 66
0.6 66
0.61 66
0.62 66
0.63 66
0.64 66
0.65 66
0.66 66
0.67 66
0.68 66
0.69 66
0.7 66
0.71 66
0.72 66
0.73 66
0.74 66
0.75 66
0.76 66
0.77 66
0.78 66
0.79 66
0.8 66
0.81 66
0.82 66
0.83 64
0.84 64
0.85 64
0.86 64
0.87 64
0.88 64
0.89 64
0.9 64
0.91 64
0.92 64
0.93 64
0.94 64
0.95 64
0.96 64
0.97 64
0.98 64
0.99 64
1 64
