0 80
0.01 80
0.02 78
0.03 78
0.04 78
0.05 78
0.06 78
0.07 78
0.08 78
0.09 74
0.1 74
0.11 74
0.12 74
0.13 74
0.14 74
0.15 74
0.16 74
0.17 74
0.18 74
0.19 74
0.2 74
0.21 72
0.22 72
0.23 72
0.24 70
0.25 70
0.26 70
0.27 70
0.28 70
0.29 70
0.3 68
0.31 68
0.32 68
0.33 68
0.34 66
0.35 66
0.36 64
0.37 64
0.38 64
0.39 64
0.4 64
0.41 64
0.42 64
0.43 64
0.44 64
0.45 64
0.46 64
0.47 64
0.48 64
0.49 64
0.5 64
0.51 64
0.52 64
0.53 62
0.54 62
0.55 62
0.56 62
0.57 62
0.58 62
0.59 60
0.6 60
0.61 60
0.62 60
0.63 60
0.64 60
0.65 60
0.66 60
0.67 60
0.68 60
0.69 60
0.7 60
0.71 60
0.72 60
0.73 60
0.74 58
0.75 58
0.76 58
0.77 58
0.78 58
0.79 58
0.8 58
0.81 58
0.82 58
0.83 58
0.84 58
0.85 58
0.86 58
0.87 58
0.88 58
0.89 58
0.9 58
0.91 58
0.92 58
0.93 58
0.94 58
0.95 58
0.96 58
0.97 58
0.98 58
0.99 58
1 58
