0 700
0.01 694
0.02 690
0.03 680
0.04 671
0.05 665
0.06 658
0.07 649
0.08 643
0.09 640
0.1 636
0.11 632
0.12 628
0.13 623
0.14 620
0.15 611
0.16 606
0.17 595
0.18 590
0.19 583
0.2 582
0.21 580
0.22 574
0.23 567
0.24 563
0.25 558
0.26 555
0.27 550
0.28 545
0.29 542
0.3 534
0.31 527
0.32 521
0.33 515
0.34 511
0.35 506
0.36 499
0.37 492
0.38 488
0.39 485
0.4 481
0.41 475
0.42 471
0.43 469
0.44 462
0.45 455
0.46 448
0.47 447
0.48 445
0.49 440
0.5 435
0.51 435
0.52 431
0.53 427
0.54 423
0.55 416
0.56 410
0.57 408
0.58 406
0.59 403
0.6 398
0.61 393
0.62 387
0.63 383
0.64 378
0.65 368
0.66 359
0.67 355
0.68 350
0.69 348
0.7 346
0.71 343
0.72 336
0.73 330
0.74 325
0.75 323
0.76 317
0.77 314
0.78 308
0.79 304
0.8 303
0.81 300
0.82 297
0.83 294
0.84 287
0.85 281
0.86 280
0.87 277
0.88 272
0.89 269
0.9 268
0.91 265
0.92 261
0.93 259
0.94 257
0.95 252
0.96 248
0.97 247
0.98 246
0.99 240
1 240
