0 118
0.01 118
0.02 118
0.03 116
0.04 116
0.05 116
0.06 114
0.07 114
0.08 114
0.09 114
0.1 114
0.11 112
0.12 112
0.13 110
0.14 110
0.15 108
0.16 106
0.17 106
0.18 104
0.19 102
0.2 102
0.21 102
0.22 102
0.23 100
0.24 100
0.25 100
0.26 100
0.27 100
0.28 100
0.29 100
0.3 100
0.31 100
0.32 100
0.33 100
0.34 100
0.35 100
0.36 100
0.37 100
0.38 100
0.39 100
0.4 100
0.41 100
0.42 100
0.43 98
0.44 96
0.45 96
0.46 96
0.47 96
0.48 96
0.49 96
0.5 96
0.51 96
0.52 96
0.53 96
0.54 96
0.55 96
0.56 96
0.57 96
0.58 96
0.59 96
0.6 96
0.61 96
0.62 96
0.63 96
0.64 96
0.65 96
0.66 96
0.67 96
0.68 96
0.69 96
0.7 96
0.71 96
0.72 96
0.73 96
0.74 96
0.75 94
0.76 92
0.77 92
0.78 90
0.79 90
0.8 88
0.81 88
0.82 88
0.83 88
0.84 88
0.85 88
0.86 88
0.87 88
0.88 88
0.89 88
0.9 88
0.91 88
0.92 88
0.93 88
0.94 88
0.95 88
0.96 88
0.97 86
0.98 86
0.99 86
1 86
