0 30
0.01 26
0.02 26
0.03 24
0.04 25
0.05 24
0.06 26
0.07 24
0.08 23
0.09 24
0.1 22
0.11 23
0.12 18
0.13 23
0.14 17
0.15 17
0.16 18
0.17 16
0.18 12
0.19 12
0.2 13
0.21 11
0.22 12
0.23 10
0.24 9
0.25 8
0.26 8
0.27 9
0.28 8
0.29 10
0.3 9
0.31 8
0.32 6
0.33 7
0.34 6
0.35 10
0.36 7
0.37 6
0.38 7
0.39 8
0.4 6
0.41 9
0.42 5
0.43 6
0.44 6
0.45 7
0.46 6
0.47 8
0.48 7
0.49 8
0.5 9
0.51 4
0.52 7
0.53 8
0.54 10
0.55 4
0.56 6
0.57 4
0.58 4
0.59 5
0.6 7
0.61 8
0.62 9
0.63 8
0.64 7
0.65 7
0.66 7
0.67 10
0.68 6
0.69 10
0.7 8
0.71 6
0.72 8
0.73 13
0.74 10
0.75 9
0.76 9
0.77 6
0.78 7
0.79 11
0.8 8
0.81 7
0.82 11
0.83 9
0.84 8
0.85 8
0.86 11
0.87 4
0.88 4
0.89 5
0.9 4
0.91 4
0.92 8
0.93 6
0.94 6
0.95 8
0.96 7
0.97 4
0.98 5
0.99 5
1 7
