0
0
0
0
0
0
0
0
0
0
0
0
0
0
0
0
0
0
0
0
0
0
0
0
0
0
0
0
0
0
0
0
0
0
0
0
0
0
0
0
0
-29.2281
-29.4562
-29.0087
-28.7049
-28.2072
-27.4638
-26.337
-25.0978
-24.4783
-23.8052
-23.2457
-23.3164
-22.8311
-21.8506
-20.755
-20.5345
-19.3882
-18.3855
-17.7188
-16.8888
-15.1702
-13.6418
-12.8265
-11.5065
-10.7858
-9.90589
-8.7185
-7.70851
-7.18277
-6.22328
-5.88039
-5.13268
-4.34292
-3.70939
-2.91365
-2.74863
-1.70434
-1.55253
-1.35455
-1.11333
-1.22452
-1.09131
-0.536584
0.137804
0.354309
0.196448
0.222431
0.331248
0.244185
0.24
0
0
0
0
0
0
0
0
0
0
