0
0
0
0
0
0
0
0
0
0
0
0
0
0
0
53.7329
54.5351
49.9823
46.5748
45.0772
43.4623
38.9985
37.8249
35.1887
32.9972
32.1466
30.0532
28.7995
28.2173
26.1106
25.0407
24.2398
23.0869
22.5871
21.6116
20.6674
18.7739
16.9394
15.5788
14.4284
13.3277
13.1876
10.8299
10.5514
9.04248
8.72413
7.76513
6.48477
6.64391
6.41059
5.46505
4.52248
3.7766
2.77159
2.72681
2.26766
1.86192
1.44716
1.33567
1.22856
1.37953
1.55133
0.746312
0.402598
0.56
0
0
0
0
0
0
0
0
0
0
0
0
0
0
0
0
0
0
0
0
0
0
0
0
0
0
0
0
0
0
0
0
0
0
0
0
