0
0
0
0
0
0
0
0
0
0
0
0
0
0
0
0
0
0
0
0
0
0
0
0
0
0
0
0
0
0
-4.09682
-4.95743
-4.5117
-4.7855
-5.82921
-7.36581
-8.2272
-8.04579
-8.2608
-8.69253
-10.069
-10.1168
-10.5907
-10.5465
-11.4198
-11.0192
-11.0714
-10.4922
-9.67642
-9.18089
-8.725
-8.67721
-8.24122
-7.78327
-7.05036
-6.79509
-6.53855
-7.13597
-6.86345
-7.14616
-6.77131
-6.43731
-6.46602
-6.26758
-5.73658
-5.20651
-5.57755
-4.99661
-5.07567
-5.11986
-4.85146
-4.56951
-4.17348
-3.25298
-2.97707
-2.29283
-1.79431
-1.36151
-1.24849
-0.78
0
0
0
0
0
0
0
0
0
0
0
0
0
0
0
0
0
0
0
0
0
