0
0
0
0
0
0
0
0
0
0
0
0
0
0
0
-13.634
-14.3717
-15.875
-15.9915
-16.1798
-15.1031
-14.0505
-11.9522
-11.6323
-11.4665
-10.3022
-9.12574
-8.38883
-8.35983
-8.04661
-7.92555
-7.66394
-6.97873
-6.3881
-5.08693
-4.83235
-4.29433
-3.36339
-3.15716
-3.44157
-3.26826
-2.96554
-2.78458
-2.89495
-2.49896
-1.90408
-2.13073
-2.85734
-2.28608
-2.06069
-2.72842
-2.75443
-3.01484
-2.5385
-2.04026
-1.55012
-1.25656
-1.07721
-1.24178
-1.63116
-1.11708
-0.722887
-0.813393
-0.205559
0.18
0
0
0
0
0
0
0
0
0
0
0
0
0
0
0
0
0
0
0
0
0
0
0
0
0
0
0
0
0
0
0
0
0
0
0
0
