0
0
0
33.4903
13.1289
-1.97034
-11.457
-16.5021
-14.739
-19.6356
-24.9837
-24.2187
-24.7296
-30.4497
-31.4418
-30.5879
-32.2317
-33.5476
-32.2951
-30.1542
-29.5933
-27.7817
-25.5565
-25.2274
-24.796
-24.027
-22.3195
-21.1306
-20.7526
-19.2763
-18.779
-18.907
-17.4491
-15.9944
-14.3016
-13.4482
-11.8258
-11.2428
-10.0227
-9.10227
-9.08082
-8.83549
-7.80559
-6.83948
-5.84107
-4.89455
-4.38515
-4.28629
-3.10243
-2.10185
-1.29631
-0.784409
-0.98
0
0
0
0
0
0
0
0
0
0
0
0
0
0
0
0
0
0
0
0
0
0
0
0
0
0
0
0
0
0
0
0
0
0
0
0
0
0
0
0
0
0
0
0
0
0
0
0
