0
0
0
0
0
0
0
0
0
0
0
0
0
0
0
0
-5.53021
-6.40839
-4.87165
-4.43244
-1.77753
-2.29622
-1.39374
-0.31898
-0.0749859
1.43683
2.48497
1.09994
0.646805
1.65344
1.81507
2.7019
3.24123
3.02411
2.70912
2.75603
1.66765
1.21351
0.955837
1.37286
1.20104
0.208613
-0.604608
-1.41483
-0.604427
-0.666622
-0.634111
-0.283451
0.718066
0.265479
0.673507
0.325571
-0.341272
-0.894897
-0.685765
-0.440497
-0.306165
-0.376292
-0.295464
-0.513167
-0.436324
-0.0453509
-0.410269
0.0799295
-0.0989122
-0.32
0
0
0
0
0
0
0
0
0
0
0
0
0
0
0
0
0
0
0
0
0
0
0
0
0
0
0
0
0
0
0
0
0
0
0
