0 752
0.01 654
0.02 560
0.03 510
0.04 460
0.05 414
0.06 374
0.07 360
0.08 332
0.09 314
0.1 310
0.11 296
0.12 278
0.13 260
0.14 244
0.15 236
0.16 216
0.17 210
0.18 196
0.19 194
0.2 190
0.21 186
0.22 184
0.23 176
0.24 170
0.25 166
0.26 158
0.27 154
0.28 148
0.29 144
0.3 144
0.31 136
0.32 130
0.33 128
0.34 124
0.35 122
0.36 116
0.37 116
0.38 112
0.39 110
0.4 108
0.41 108
0.42 104
0.43 104
0.44 102
0.45 102
0.46 102
0.47 98
0.48 96
0.49 92
0.5 90
0.51 88
0.52 88
0.53 86
0.54 84
0.55 82
0.56 82
0.57 82
0.58 80
0.59 80
0.6 80
0.61 80
0.62 78
0.63 76
0.64 76
0.65 76
0.66 76
0.67 74
0.68 72
0.69 72
0.7 72
0.71 72
0.72 72
0.73 72
0.74 72
0.75 72
0.76 72
0.77 72
0.78 72
0.79 72
0.8 70
0.81 70
0.82 68
0.83 68
0.84 66
0.85 66
0.86 64
0.87 64
0.88 62
0.89 60
0.9 60
0.91 58
0.92 58
0.93 58
0.94 58
0.95 58
0.96 58
0.97 58
0.98 58
0.99 58
1 58
