0 702
0.01 690
0.02 681
0.03 675
0.04 670
0.05 667
0.06 662
0.07 649
0.08 641
0.09 632
0.1 624
0.11 621
0.12 614
0.13 603
0.14 600
0.15 593
0.16 589
0.17 581
0.18 569
0.19 564
0.2 560
0.21 551
0.22 545
0.23 540
0.24 529
0.25 523
0.26 516
0.27 510
0.28 503
0.29 500
0.3 498
0.31 496
0.32 489
0.33 483
0.34 481
0.35 476
0.36 470
0.37 467
0.38 466
0.39 465
0.4 465
0.41 455
0.42 452
0.43 449
0.44 445
0.45 440
0.46 434
0.47 431
0.48 426
0.49 422
0.5 416
0.51 411
0.52 410
0.53 407
0.54 403
0.55 400
0.56 398
0.57 396
0.58 393
0.59 390
0.6 388
0.61 387
0.62 384
0.63 383
0.64 374
0.65 369
0.66 368
0.67 364
0.68 358
0.69 356
0.7 349
0.71 345
0.72 340
0.73 337
0.74 335
0.75 331
0.76 329
0.77 323
0.78 316
0.79 309
0.8 305
0.81 299
0.82 294
0.83 291
0.84 289
0.85 288
0.86 284
0.87 280
0.88 278
0.89 276
0.9 274
0.91 269
0.92 268
0.93 261
0.94 258
0.95 256
0.96 255
0.97 252
0.98 249
0.99 248
1 246
