0 76
0.01 72
0.02 72
0.03 72
0.04 72
0.05 72
0.06 72
0.07 72
0.08 70
0.09 70
0.1 70
0.11 70
0.12 70
0.13 70
0.14 70
0.15 70
0.16 70
0.17 70
0.18 70
0.19 70
0.2 70
0.21 68
0.22 68
0.23 66
0.24 66
0.25 66
0.26 66
0.27 66
0.28 66
0.29 66
0.3 66
0.31 66
0.32 66
0.33 66
0.34 66
0.35 66
0.36 66
0.37 66
0.38 66
0.39 66
0.4 64
0.41 64
0.42 64
0.43 64
0.44 62
0.45 60
0.46 60
0.47 60
0.48 60
0.49 60
0.5 60
0.51 60
0.52 60
0.53 60
0.54 60
0.55 60
0.56 60
0.57 60
0.58 60
0.59 58
0.6 58
0.61 58
0.62 58
0.63 58
0.64 58
0.65 58
0.66 58
0.67 58
0.68 58
0.69 58
0.7 58
0.71 58
0.72 58
0.73 58
0.74 58
0.75 58
0.76 58
0.77 58
0.78 58
0.79 58
0.8 58
0.81 58
0.82 58
0.83 58
0.84 58
0.85 58
0.86 58
0.87 56
0.88 56
0.89 56
0.9 56
0.91 56
0.92 56
0.93 56
0.94 56
0.95 56
0.96 56
0.97 54
0.98 54
0.99 54
1 54
