1 2 10 A
1 7 6 B
1 9 6 B
1 9 7 B
1 10 1 B
1 10 5 A
2 1 3 A
2 2 1 A
2 2 4 B
2 3 7 A
2 4 2 A
2 5 1 B
2 5 2 A
2 5 9 B
2 6 3 A
2 6 5 A
2 6 9 B
2 7 4 A
2 7 6 A
2 7 8 A
2 8 6 B
2 10 4 B
2 10 5 B
3 1 4 A
3 7 5 B
3 7 6 A
3 7 7 B
3 7 9 B
3 9 9 A
3 10 3 B
3 10 5 B
4 1 10 A
4 2 3 A
4 4 6 B
4 5 7 A
4 7 8 B
4 9 5 A
5 1 7 A
5 1 8 A
5 2 7 A
5 2 9 B
5 4 2 A
5 4 3 A
5 5 9 B
5 6 2 B
5 6 5 B
5 8 2 B
5 8 7 A
5 8 9 B
5 9 8 A
6 1 4 B
6 2 2 A
6 2 8 A
6 3 1 A
6 4 1 A
6 5 5 B
6 5 8 A
6 6 2 A
6 6 8 A
6 7 4 A
6 8 5 B
6 9 2 B
6 9 3 B
6 9 5 A
6 9 10 B
6 10 10 A
7 1 1 B
7 2 1 B
7 2 4 A
7 2 10 B
7 3 4 A
7 3 5 A
7 4 6 A
7 5 4 B
7 5 5 B
7 7 7 A
7 7 8 A
7 8 4 B
7 8 10 B
7 9 9 A
8 2 9 A
8 3 10 A
8 4 2 B
8 4 9 A
8 5 8 A
8 8 4 A
8 9 1 A
8 9 4 B
9 1 6 B
9 2 3 A
9 2 7 B
9 2 9 A
9 3 5 A
9 4 1 A
9 4 2 A
9 4 9 A
9 5 7 B
9 6 7 A
9 7 6 B
9 9 4 B
9 9 6 B
9 10 8 B
10 1 2 A
10 1 8 A
10 3 3 A
10 6 9 A
10 7 4 B
10 9 1 B
10 9 6 A
10 9 7 B
