1 1 9 A
1 3 1 B
1 3 2 A
1 3 10 A
1 7 7 A
1 7 8 B
1 9 1 B
1 9 3 B
2 4 4 A
2 5 8 B
2 6 4 A
2 7 3 A
2 7 7 A
2 7 10 B
2 8 5 A
2 8 10 B
2 9 6 A
2 10 8 A
3 4 10 B
3 6 9 B
3 8 8 B
3 10 4 B
3 10 5 B
3 10 8 A
4 1 6 A
4 1 7 A
4 2 1 A
4 3 3 A
4 5 5 B
4 7 5 B
4 7 7 A
4 8 8 A
4 9 6 B
4 9 10 B
5 1 7 A
5 1 8 A
5 2 3 A
5 2 9 A
5 3 6 A
5 4 6 A
5 4 7 A
5 5 2 A
5 8 4 A
5 9 3 B
6 1 10 B
6 2 7 A
6 3 1 A
6 3 2 B
6 3 5 B
6 6 3 B
6 7 4 B
6 7 9 A
6 8 1 B
6 8 3 B
6 8 4 A
6 8 6 A
6 8 7 A
6 9 10 A
7 1 2 B
7 1 3 B
7 2 10 B
7 3 9 A
7 4 4 B
7 4 6 B
7 4 7 A
7 6 2 B
7 8 6 B
7 8 9 B
7 10 5 B
7 10 6 B
8 1 5 A
8 3 4 A
8 3 9 A
8 3 10 A
8 7 2 A
8 8 3 A
8 8 4 B
8 9 2 B
8 10 3 B
8 10 5 A
8 10 8 B
9 2 10 B
9 3 5 A
9 3 7 A
9 4 6 B
9 4 10 A
9 5 1 A
9 5 2 A
9 5 3 A
9 6 6 B
9 6 7 A
9 7 3 A
10 2 4 A
10 2 8 A
10 2 9 A
10 3 6 B
10 4 2 A
10 5 9 A
10 8 6 B
10 8 8 B
