-0.8683
-1.07175
-1.32152
-1.50518
-1.63487
-1.7103
-1.74841
-1.76266
-1.75986
-1.74206
-1.7094
-1.65981
-1.59495
-1.5256
-1.47879
-1.46565
-1.46781
-1.47037
-1.4708
-1.47055
-1.47041
-1.4704
-1.47042
-1.47043
-1.47043
-1.47043
-1.47043
-1.47043
-1.47043
-1.47043
-1.47043
-1.47043
-1.47043
-1.47043
-1.47043
-1.47043
-1.47043
-1.47043
-1.47043
-1.47043
-1.47043
-1.47043
-1.47043
-1.47043
-1.47043
-1.47043
-1.47043
-1.47043
-1.47043
-1.47043
-1.47043
-1.47043
-1.47043
-1.47043
-1.47043
-1.47043
-1.47043
-1.47043
-1.47043
-1.47043
-1.47043
-1.47043
-1.47043
-1.47043
-1.47043
-1.47043
-1.47043
-1.47043
-1.47043
-1.47043
-1.47043
-1.47043
-1.47043
-1.47043
-1.47043
-1.47043
-1.47043
-1.47043
-1.47043
-1.47043
-1.47043
-1.47043
-1.47043
-1.47043
-1.47043
-1.47043
-1.47043
-1.47043
-1.47043
-1.47043
-1.47043
-1.47043
-1.47043
-1.47043
-1.47043
-1.47043
-1.47043
-1.47043
-1.47043
-1.47043
-1.47043
-1.47043
-1.47043
-1.47043
-1.47043
-1.47043
-1.47043
-1.47043
-1.47043
-1.47043
-1.47043
-1.47043
-1.47043
-1.47043
-1.47043
-1.47043
-1.47043
-1.47043
-1.47043
-1.47043