-0.8683
-1.00804
-1.17577
-1.30623
-1.42578
-1.54138
-1.6544
-1.76197
-1.85894
-1.94293
-2.01571
-2.08016
-2.13844
-2.19202
-2.24152
-2.2866
-2.32675
-2.3605
-2.38603
-2.40122
-2.40365
-2.3907
-2.3594
-2.30652
-2.22873
-2.1231
-1.9839
-1.79431
-1.52493
-1.26347
-1.25409
-1.27861
-1.32395
-1.3688
-1.39464
-1.38622
-1.34827
-1.31093
-1.3011
-1.31439
-1.33587
-1.35242
-1.35603
-1.34584
-1.32998
-1.32007
-1.32104
-1.32931
-1.33832
-1.34276
-1.34079
-1.33462
-1.32892
-1.32721
-1.32962
-1.33375
-1.33678
-1.33712
-1.33505
-1.3323
-1.33073
-1.33105
-1.33266
-1.33431
-1.335
-1.33449
-1.33334
-1.33237
-1.33215
-1.33266
-1.33343
-1.33394
-1.33394
-1.33352
-1.33303
-1.33278
-1.33288
-1.33319
-1.33348
-1.33358
-1.33347
-1.33325
-1.33309
-1.33306
-1.33317
-1.33331
-1.33339
-1.33338
-1.3333
-1.33321
-1.33317
-1.3332
-1.33326
-1.33331
-1.33332
-1.3333
-1.33326
-1.33323
-1.33323
-1.33325
-1.33327
-1.33329
-1.33328
-1.33327
-1.33325
-1.33325
-1.33325
-1.33326
-1.33327
-1.33327
-1.33327
-1.33326
-1.33326
-1.33326
-1.33326
-1.33327
-1.33327
-1.33327
-1.33326
-1.33326
-1.33326
-1.33326
-1.33326
-1.33326
-1.33326
-1.33326
-1.33326
-1.33326
-1.33326
-1.33326
-1.33326
-1.33326
-1.33326
-1.33326
-1.33326
-1.33326
-1.33326
-1.33326
-1.33326
-1.33326