-0.8683
-1.02026
-1.20061
-1.33792
-1.46149
-1.57654
-1.68275
-1.77771
-1.85966
-1.92965
-1.99038
-2.04425
-2.09245
-2.13606
-2.17455
-2.20681
-2.2306
-2.24323
-2.24156
-2.22247
-2.18329
-2.12173
-2.03408
-1.91357
-1.74367
-1.50785
-1.30289
-1.29284
-1.32734
-1.36612
-1.3885
-1.38548
-1.36579
-1.34905
-1.34531
-1.35103
-1.35878
-1.36295
-1.36217
-1.35877
-1.35599
-1.3554
-1.35649
-1.35791
-1.35862
-1.35843
-1.35782
-1.35734
-1.35725
-1.35746
-1.35771
-1.35783
-1.35779
-1.35768
-1.35759
-1.35758
-1.35762
-1.35767
-1.35769
-1.35768
-1.35766
-1.35764
-1.35764
-1.35765
-1.35766
-1.35766
-1.35766
-1.35765
-1.35765
-1.35765
-1.35765
-1.35765
-1.35766
-1.35766
-1.35765
-1.35765
-1.35765
-1.35765
-1.35765
-1.35765
-1.35765
-1.35765
-1.35765
-1.35765
-1.35765
-1.35765
-1.35765
-1.35765
-1.35765
-1.35765
-1.35765
-1.35765
-1.35765
-1.35765
-1.35765
-1.35765
-1.35765
-1.35765
-1.35765
-1.35765
-1.35765
-1.35765
-1.35765
-1.35765
-1.35765
-1.35765
-1.35765
-1.35765
-1.35765
-1.35765
-1.35765
-1.35765
-1.35765
-1.35765
-1.35765
-1.35765
-1.35765
-1.35765
-1.35765
-1.35765
-1.35765
-1.35765
-1.35765
-1.35765
-1.35765
-1.35765
-1.35765
-1.35765
-1.35765
-1.35765