-0.8683
-1.07643
-1.33644
-1.53232
-1.66628
-1.73599
-1.75991
-1.75065
-1.71288
-1.64885
-1.56859
-1.50148
-1.47398
-1.47367
-1.47758
-1.47876
-1.47849
-1.47823
-1.4782
-1.47823
-1.47824
-1.47824
-1.47824
-1.47824
-1.47824
-1.47824
-1.47824
-1.47824
-1.47824
-1.47824
-1.47824
-1.47824
-1.47824
-1.47824
-1.47824
-1.47824
-1.47824
-1.47824
-1.47824
-1.47824
-1.47824
-1.47824
-1.47824
-1.47824
-1.47824
-1.47824
-1.47824
-1.47824
-1.47824
-1.47824
-1.47824
-1.47824
-1.47824
-1.47824
-1.47824
-1.47824
-1.47824
-1.47824
-1.47824
-1.47824
-1.47824
-1.47824
-1.47824
-1.47824
-1.47824
-1.47824
-1.47824
-1.47824
-1.47824
-1.47824
-1.47824
-1.47824
-1.47824
-1.47824
-1.47824
-1.47824
-1.47824
-1.47824
-1.47824
-1.47824
-1.47824
-1.47824
-1.47824
-1.47824
-1.47824
-1.47824
-1.47824
-1.47824
-1.47824
-1.47824
-1.47824
-1.47824
-1.47824
-1.47824
-1.47824
-1.47824
-1.47824
-1.47824
-1.47824
-1.47824
-1.47824
-1.47824
-1.47824
-1.47824
-1.47824
-1.47824
-1.47824
-1.47824
-1.47824
-1.47824
-1.47824
-1.47824
-1.47824
-1.47824
-1.47824
-1.47824
-1.47824
-1.47824
-1.47824
-1.47824