-0.8683
-1.09972
-1.4008
-1.62469
-1.73291
-1.74991
-1.71513
-1.654
-1.59258
-1.55377
-1.54014
-1.53874
-1.54025
-1.54135
-1.54171
-1.54173
-1.54168
-1.54164
-1.54163
-1.54163
-1.54164
-1.54164
-1.54164
-1.54164
-1.54164
-1.54164
-1.54164
-1.54164
-1.54164
-1.54164
-1.54164
-1.54164
-1.54164
-1.54164
-1.54164
-1.54164
-1.54164
-1.54164
-1.54164
-1.54164
-1.54164
-1.54164
-1.54164
-1.54164
-1.54164
-1.54164
-1.54164
-1.54164
-1.54164
-1.54164
-1.54164
-1.54164
-1.54164
-1.54164
-1.54164
-1.54164
-1.54164
-1.54164
-1.54164
-1.54164
-1.54164
-1.54164
-1.54164
-1.54164
-1.54164
-1.54164
-1.54164
-1.54164
-1.54164
-1.54164
-1.54164
-1.54164
-1.54164
-1.54164
-1.54164
-1.54164
-1.54164
-1.54164
-1.54164
-1.54164
-1.54164
-1.54164
-1.54164
-1.54164
-1.54164
-1.54164
-1.54164
-1.54164
-1.54164
-1.54164
-1.54164
-1.54164
-1.54164
-1.54164
-1.54164
-1.54164
-1.54164
-1.54164
-1.54164
-1.54164
-1.54164
-1.54164
-1.54164
-1.54164
-1.54164
-1.54164
-1.54164
-1.54164
-1.54164
-1.54164