-0.8683
-1.06964
-1.37555
-1.86334
-1.81156
-1.54906
-1.14578
-1.1639
-1.40174
-1.88822
-1.80315
-1.53135
-1.13117
-1.16875
-1.42331
-1.91184
-1.80001
-1.51917
-1.12184
-1.17168
-1.43806
-1.92692
-1.80043
-1.51419
-1.11797
-1.17274
-1.44398
-1.93275
-1.80107
-1.51284
-1.11684
-1.173
-1.44555
-1.93428
-1.80128
-1.51253
-1.11657
-1.17306
-1.4459
-1.93462
-1.80133
-1.51247
-1.11651
-1.17307
-1.44597
-1.9347
-1.80134
-1.51245
-1.1165
-1.17307
-1.44599
-1.93471
-1.80134
-1.51245
-1.1165
-1.17308
-1.44599
-1.93471
-1.80134
-1.51245
-1.1165
-1.17308
-1.44599
-1.93472
-1.80134
-1.51245
-1.1165
-1.17308
-1.44599
-1.93472
-1.80134
-1.51245
-1.1165
-1.17308
-1.44599
-1.93472
-1.80134
-1.51245
-1.1165
-1.17308
-1.44599
-1.93472
-1.80134
-1.51245
-1.1165
-1.17308
-1.44599
-1.93472
-1.80134
-1.51245
-1.1165
-1.17308
-1.44599
-1.93472
-1.80134
-1.51245
-1.1165
-1.17308
-1.44599
-1.93472
-1.80134
-1.51245
-1.1165
-1.17308
-1.44599
-1.93472
-1.80134
-1.51245
-1.1165
-1.17308
-1.44599
-1.93472
-1.80134
-1.51245
-1.1165
-1.17308
-1.44599
-1.93472
-1.80134
-1.51245
-1.1165
-1.17308
-1.44599
-1.93472
-1.80134
-1.51245
-1.1165
-1.17308
-1.44599
-1.93472
-1.80134
-1.51245
-1.1165
-1.17308
-1.44599
-1.93472
-1.80134
-1.51245
-1.1165
-1.17308
-1.44599
-1.93472
-1.80134
-1.51245
-1.1165
-1.17308
-1.44599
-1.93472
-1.80134
-1.51245
-1.1165
-1.17308
-1.44599
-1.93472
-1.80134
-1.51245
-1.1165
-1.17308
-1.44599
-1.93472
-1.80134
-1.51245
-1.1165
-1.17308
-1.44599
-1.93472
-1.80134
-1.51245
-1.1165
-1.17308