-0.8683
-1.11649
-1.42881
-1.61897
-1.67172
-1.65476
-1.6113
-1.57027
-1.54828
-1.54177
-1.54161
-1.54271
-1.54347
-1.54378
-1.54384
-1.54382
-1.5438
-1.54379
-1.54378
-1.54378
-1.54378
-1.54378
-1.54378
-1.54378
-1.54378
-1.54378
-1.54378
-1.54378
-1.54378
-1.54378
-1.54378
-1.54378
-1.54378
-1.54378
-1.54378
-1.54378
-1.54378
-1.54378
-1.54378
-1.54378
-1.54378
-1.54378
-1.54378
-1.54378
-1.54378
-1.54378
-1.54378
-1.54378
-1.54378
-1.54378
-1.54378
-1.54378
-1.54378
-1.54378
-1.54378
-1.54378
-1.54378
-1.54378
-1.54378
-1.54378
-1.54378
-1.54378
-1.54378
-1.54378
-1.54378
-1.54378
-1.54378
-1.54378
-1.54378
-1.54378
-1.54378
-1.54378
-1.54378
-1.54378
-1.54378
-1.54378
-1.54378
-1.54378
-1.54378
-1.54378
-1.54378
-1.54378
-1.54378
-1.54378
-1.54378
-1.54378
-1.54378
-1.54378
-1.54378
-1.54378
-1.54378
-1.54378
-1.54378
-1.54378
-1.54378
-1.54378
-1.54378
-1.54378
-1.54378
-1.54378