-0.8683
-0.981973
-1.11742
-1.24394
-1.3438
-1.39125
-1.30559
-1.10606
-1.16739
-1.12938
-1.12897
-1.12548
-1.12799
-1.13494
-1.14587
-1.15783
-1.16653
-1.1688
-1.16467
-1.15765
-1.15226
-1.15059
-1.15214
-1.15526
-1.15823
-1.15978
-1.15954
-1.15807
-1.15639
-1.15536
-1.15527
-1.15589
-1.15675
-1.15739
-1.15759
-1.15736
-1.15693
-1.15655
-1.15638
-1.15645
-1.15665
-1.15686
-1.15698
-1.15698
-1.15689
-1.15678
-1.1567
-1.15668
-1.15672
-1.15677
-1.15682
-1.15684
-1.15683
-1.1568
-1.15677
-1.15676
-1.15676
-1.15677
-1.15679
-1.1568
-1.1568
-1.15679
-1.15679
-1.15678
-1.15678
-1.15678
-1.15678
-1.15679
-1.15679
-1.15679
-1.15679
-1.15679
-1.15678
-1.15678
-1.15678
-1.15679
-1.15679
-1.15679
-1.15679
-1.15679
-1.15679
-1.15679
-1.15679
-1.15679
-1.15679
-1.15679
-1.15679
-1.15679
-1.15679
-1.15679
-1.15679
-1.15679
-1.15679
-1.15679
-1.15679
-1.15679
-1.15679
-1.15679
-1.15679
-1.15679
-1.15679
-1.15679
-1.15679
-1.15679
-1.15679
-1.15679
-1.15679
-1.15679
-1.15679
-1.15679
-1.15679
-1.15679
-1.15679
-1.15679
-1.15679
-1.15679
-1.15679
-1.15679
-1.15679
-1.15679
-1.15679
-1.15679
-1.15679
-1.15679
-1.15679
-1.15679
-1.15679
-1.15679
-1.15679
-1.15679
-1.15679
-1.15679
-1.15679
-1.15679
-1.15679
-1.15679
-1.15679
-1.15679
-1.15679
-1.15679