-0.8683
-1.11486
-1.42835
-1.62733
-1.69062
-1.68175
-1.64224
-1.59888
-1.57017
-1.55884
-1.55668
-1.55731
-1.55816
-1.55863
-1.5588
-1.55884
-1.55883
-1.55882
-1.55881
-1.55881
-1.55881
-1.55881
-1.55881
-1.55881
-1.55881
-1.55881
-1.55881
-1.55881
-1.55881
-1.55881
-1.55881
-1.55881
-1.55881
-1.55881
-1.55881
-1.55881
-1.55881
-1.55881
-1.55881
-1.55881
-1.55881
-1.55881
-1.55881
-1.55881
-1.55881
-1.55881
-1.55881
-1.55881
-1.55881
-1.55881
-1.55881
-1.55881
-1.55881
-1.55881
-1.55881
-1.55881
-1.55881
-1.55881
-1.55881
-1.55881
-1.55881
-1.55881
-1.55881
-1.55881
-1.55881
-1.55881
-1.55881
-1.55881
-1.55881
-1.55881
-1.55881
-1.55881
-1.55881
-1.55881
-1.55881
-1.55881
-1.55881
-1.55881
-1.55881
-1.55881
-1.55881
-1.55881
-1.55881
-1.55881
-1.55881
-1.55881
-1.55881
-1.55881
-1.55881
-1.55881
-1.55881
-1.55881
-1.55881
-1.55881
-1.55881
-1.55881
-1.55881
-1.55881
-1.55881
-1.55881