-0.8683
-1.08409
-1.41885
-1.92527
-1.79634
-1.48391
-1.09909
-1.17952
-1.42646
-1.90021
-1.76157
-1.42581
-1.0844
-1.19077
-1.49091
-1.96221
-1.7767
-1.42676
-1.08369
-1.1888
-1.48229
-1.95577
-1.77522
-1.42731
-1.08386
-1.18894
-1.4828
-1.95613
-1.77526
-1.4272
-1.08384
-1.18895
-1.48285
-1.95617
-1.77528
-1.42721
-1.08384
-1.18895
-1.48283
-1.95616
-1.77527
-1.42721
-1.08384
-1.18895
-1.48283
-1.95616
-1.77527
-1.42721
-1.08384
-1.18895
-1.48283
-1.95616
-1.77527
-1.42721
-1.08384
-1.18895
-1.48283
-1.95616
-1.77527
-1.42721
-1.08384
-1.18895
-1.48283
-1.95616
-1.77527
-1.42721
-1.08384
-1.18895
-1.48283
-1.95616
-1.77527
-1.42721
-1.08384
-1.18895
-1.48283
-1.95616
-1.77527
-1.42721
-1.08384
-1.18895
-1.48283
-1.95616
-1.77527
-1.42721
-1.08384
-1.18895
-1.48283
-1.95616
-1.77527
-1.42721
-1.08384
-1.18895
-1.48283
-1.95616
-1.77527
-1.42721
-1.08384
-1.18895
-1.48283
-1.95616
-1.77527
-1.42721
-1.08384
-1.18895
-1.48283
-1.95616
-1.77527
-1.42721
-1.08384
-1.18895
-1.48283
-1.95616
-1.77527
-1.42721
-1.08384
-1.18895
-1.48283
-1.95616
-1.77527
-1.42721
-1.08384
-1.18895
-1.48283
-1.95616
-1.77527
-1.42721
-1.08384
-1.18895
-1.48283
-1.95616
-1.77527
-1.42721
-1.08384
-1.18895
-1.48283
-1.95616
-1.77527
-1.42721
-1.08384
-1.18895
-1.48283
-1.95616
-1.77527
-1.42721
-1.08384
-1.18895
-1.48283
-1.95616
-1.77527
-1.42721
-1.08384
-1.18895
-1.48283
-1.95616
-1.77527
-1.42721
-1.08384
-1.18895
-1.48283
-1.95616
-1.77527
-1.42721
-1.08384
-1.18895
-1.48283
-1.95616
-1.77527
-1.42721
-1.08384
-1.18895