-0.8683
-0.935331
-1.01283
-1.09635
-1.17757
-1.24702
-1.29768
-1.32644
-1.33434
-1.32601
-1.30768
-1.28498
-1.26186
-1.24027
-1.22103
-1.20439
-1.19021
-1.17818
-1.168
-1.15938
-1.15208
-1.1459
-1.14068
-1.13628
-1.13259
-1.12949
-1.1269
-1.12476
-1.12298
-1.12153
-1.12034
-1.11939
-1.11863
-1.11804
-1.11759
-1.11725
-1.11701
-1.11684
-1.11674
-1.1167
-1.11669
-1.11671
-1.11676
-1.11683
-1.11691
-1.117
-1.11709
-1.11719
-1.11729
-1.11738
-1.11747
-1.11755
-1.11764
-1.11771
-1.11778
-1.11784
-1.1179
-1.11796
-1.118
-1.11805
-1.11808
-1.11812
-1.11815
-1.11817
-1.1182
-1.11822
-1.11823
-1.11825
-1.11826
-1.11827