-0.8683
-1.01341
-1.18666
-1.32
-1.44132
-1.55705
-1.66773
-1.77019
-1.86043
-1.93781
-2.00464
-2.06379
-2.11733
-2.16647
-2.21135
-2.25187
-2.28667
-2.31413
-2.3317
-2.33657
-2.32579
-2.29636
-2.24542
-2.1701
-2.06686
-1.92751
-1.73015
-1.45064
-1.25352
-1.27131
-1.31187
-1.35736
-1.38661
-1.38558
-1.35786
-1.32836
-1.31857
-1.32686
-1.3415
-1.3521
-1.35337
-1.34662
-1.33827
-1.33426
-1.33581
-1.34018
-1.34385
-1.34473
-1.34303
-1.34052
-1.33905
-1.33924
-1.34048
-1.34169
-1.34212
-1.34172
-1.34097
-1.34045
-1.34042
-1.34076
-1.34115
-1.34133
-1.34124
-1.34102
-1.34085
-1.34081
-1.3409
-1.34102
-1.34109
-1.34108
-1.34101
-1.34095
-1.34094
-1.34096
-1.34099
-1.34102
-1.34102
-1.341
-1.34098
-1.34097
-1.34098
-1.34099
-1.341
-1.341
-1.341
-1.34099
-1.34099
-1.34099
-1.34099
-1.34099
-1.34099
-1.34099
-1.34099
-1.34099
-1.34099
-1.34099
-1.34099
-1.34099
-1.34099
-1.34099
-1.34099
-1.34099
-1.34099
-1.34099
-1.34099
-1.34099
-1.34099
-1.34099
-1.34099
-1.34099
-1.34099
-1.34099
-1.34099
-1.34099
-1.34099
-1.34099
-1.34099
-1.34099
-1.34099
-1.34099
-1.34099
-1.34099
-1.34099
-1.34099
-1.34099
-1.34099
-1.34099
-1.34099
-1.34099
-1.34099