-0.8683
-1.05008
-1.26348
-1.41605
-1.53768
-1.62871
-1.69347
-1.73904
-1.77119
-1.79356
-1.80887
-1.81874
-1.82408
-1.82539
-1.82314
-1.8178
-1.8097
-1.79914
-1.78628
-1.77118
-1.75353
-1.73257
-1.70697
-1.67487
-1.6337
-1.58029
-1.51744
-1.45987
-1.4308
-1.42616
-1.43023
-1.4333
-1.4339
-1.43347
-1.4331
-1.433
-1.43305
-1.43309
-1.4331
-1.4331
-1.4331
-1.43309
-1.43309
-1.43309
-1.43309
-1.43309
-1.43309
-1.43309
-1.43309
-1.43309
-1.43309
-1.43309
-1.43309
-1.43309
-1.43309
-1.43309
-1.43309
-1.43309
-1.43309
-1.43309
-1.43309
-1.43309
-1.43309
-1.43309
-1.43309
-1.43309
-1.43309
-1.43309
-1.43309
-1.43309
-1.43309
-1.43309
-1.43309
-1.43309
-1.43309
-1.43309
-1.43309
-1.43309
-1.43309
-1.43309
-1.43309
-1.43309
-1.43309
-1.43309
-1.43309
-1.43309
-1.43309
-1.43309
-1.43309
-1.43309
-1.43309
-1.43309
-1.43309
-1.43309
-1.43309
-1.43309
-1.43309
-1.43309
-1.43309
-1.43309
-1.43309
-1.43309
-1.43309
-1.43309
-1.43309
-1.43309
-1.43309
-1.43309
-1.43309
-1.43309
-1.43309
-1.43309
-1.43309
-1.43309
-1.43309
-1.43309
-1.43309
-1.43309
-1.43309
-1.43309
-1.43309
-1.43309
-1.43309
-1.43309
-1.43309
-1.43309
-1.43309
-1.43309
-1.43309
-1.43309