-0.8683
-1.06527
-1.30037
-1.46643
-1.58723
-1.66533
-1.71349
-1.74353
-1.76274
-1.7752
-1.78335
-1.78865
-1.79202
-1.79405
-1.79516
-1.79561
-1.79562
-1.79532
-1.79481
-1.79417
-1.79345
-1.79268
-1.7919
-1.79113
-1.79036
-1.78962
-1.7889
-1.78821
-1.78755
-1.78692
-1.78631
-1.78573
-1.78517
-1.78463
-1.78412
-1.78363
-1.78316
-1.7827
-1.78226
-1.78184
-1.78143
-1.78103
-1.78065
-1.78027
-1.7799
-1.77954
-1.77919
-1.77884
-1.7785
-1.77816
-1.77782
-1.77749
-1.77717
-1.77684
-1.77652
-1.77619
-1.77587
-1.77555
-1.77522
-1.77489
-1.77457
-1.77424
-1.7739
-1.77356
-1.77322
-1.77288
-1.77252
-1.77216
-1.7718
-1.77142
-1.77104
-1.77064
-1.77024
-1.76982
-1.76939
-1.76894
-1.76848
-1.768
-1.7675
-1.76697
-1.76642
-1.76585
-1.76524
-1.7646
-1.76393
-1.76321
-1.76244
-1.76163
-1.76075
-1.7598
-1.75878
-1.75767
-1.75646
-1.75513
-1.75367
-1.75205
-1.75024
-1.74821
-1.74591
-1.7433
-1.74028
-1.73679
-1.73269
-1.7278
-1.72188
-1.71458
-1.7054
-1.69368
-1.67856
-1.65895
-1.63276
-1.59844
-1.55737
-1.51687
-1.48795
-1.47555
-1.47367
-1.47452
-1.47512
-1.47525