-0.8683
-0.870797
-0.878729
-0.893286
-0.913009
-0.935353
-0.958852
-0.983019
-1.00787
-1.03364
-1.06056
-1.08891
-1.11896
-1.15109
-1.18564
-1.22292
-1.26334
-1.30714
-1.35456
-1.40557
-1.45992
-1.51696
-1.57572
-1.63498
-1.69356
-1.75039
-1.80491
-1.85694
-1.90669
-1.95481
-2.00183
-2.04834
-2.09467
-2.14052
-2.18436
-2.22338
-2.25337
-2.27054
-2.27251
-2.25906
-2.23178
-2.19353
-2.14821
-2.09908
-2.0485
-1.9977
-1.94735
-1.89768
-1.84891
-1.80135
-1.75527
-1.71105
-1.66894
-1.62923
-1.59201
-1.55739
-1.52538
-1.49588
-1.46881
-1.44405