-0.8683
-0.869378
-0.875548
-0.888027
-0.905454
-0.925404
-0.946457
-0.968123
-0.990383
-1.01341
-1.03742
-1.06262
-1.08927
-1.11764
-1.14807
-1.18086
-1.21633
-1.25486
-1.29671
-1.34212
-1.39117
-1.44366
-1.4991
-1.55665
-1.61519
-1.67351
-1.73048
-1.78539
-1.83786
-1.88803
-1.93641
-1.98354
-2.02996
-2.07616
-2.12198
-2.16633
-2.20686
-2.23966
-2.26065
-2.26701
-2.25785
-2.23426
-2.19879
-2.15506
-2.10639
-2.05547
-2.00378
-1.95212
-1.90093
-1.85045
-1.80108
-1.75313
-1.70708
-1.66322
-1.6219
-1.58326
-1.54746
-1.51448
-1.48424
-1.45664