-0.8683
-1.10912
-1.2846
-1.3925
-1.49569
-1.59786
-1.70615
-1.82965
-1.97673
-2.14811
-2.32051
-2.44906
-2.47663
-2.43627
-2.38109
-2.32182
-2.25819
-2.18742
-2.10498
-2.00487
-1.88011
-1.72802
-1.56535
-1.43624
-1.36809
-1.35027
-1.35156
-1.30957
-1.26159
-1.32912
-1.50965
-1.65104
-1.78084
-1.92565
-2.09154
-2.26194
-2.39751
-2.44212
-2.40353
-2.34505
-2.28134
-2.21164
-2.13217
-2.03728
-1.91991
-1.77479
-1.61114
-1.4673
-1.38175
-1.35174
-1.35254
-1.32694
-1.26314
-1.30107
-1.46224
-1.61809
-1.74742
-1.88737
-2.04834
-2.22055
-2.36882
-2.44043
-2.41436
-2.35791
-2.29506
-2.22676
-2.14968
-2.05849
-1.94631
-1.80699
-1.64491
-1.49295
-1.39411
-1.35415
-1.35189
-1.33804
-1.27188
-1.285
-1.42086
-1.59038
-1.72057
-1.85691
-2.01343
-2.18543
-2.3421
-2.43479
-2.42365
-2.36996
-2.30801
-2.24099
-2.16603
-2.07812
-1.97062
-1.83688
-1.67783
-1.51988
-1.40856
-1.35826
-1.35123
-1.3452
-1.2839
-1.27295
-1.38286
-1.56323
-1.69512
-1.82838
-1.98036
-2.15107
-2.31458
-2.42571
-2.43314
-2.38356
-2.32281
-2.25724
-2.18459
-2.10029
-1.99809
-1.87088
-1.71673
-1.55438
-1.42917
-1.36549
-1.3508
-1.35035
-1.30206
-1.2635
-1.34311
-1.52677
-1.66413
-1.79465
-1.9415
-2.10913
-2.27804
-2.40737
-2.44067
-2.39817
-2.339
-2.27482
-2.20438
-2.12367
-2.02689
-1.9069
-1.75911
-1.59526
-1.456
-1.37668
-1.35115
-1.35254
-1.32054
-1.26123
-1.31032
-1.4806
-1.63053
-1.75976
-1.90143
-2.06428
-2.23615
-2.38013
-2.44192
-2.4107