-0.8683
-1.11018
-1.36241
-1.48043
-1.50347
-1.48306
-1.4557
-1.4402
-1.43548
-1.4355
-1.43649
-1.43718
-1.43744
-1.43748
-1.43746
-1.43743
-1.43741
-1.43741
-1.43741
-1.43741
-1.43741
-1.43741
-1.43741
-1.43741
-1.43741
-1.43741
-1.43741
-1.43741
-1.43741
-1.43741
-1.43741
-1.43741
-1.43741
-1.43741
-1.43741
-1.43741
-1.43741
-1.43741
-1.43741
-1.43741
-1.43741
-1.43741
-1.43741
-1.43741
-1.43741
-1.43741
-1.43741
-1.43741
-1.43741
-1.43741
-1.43741
-1.43741
-1.43741
-1.43741
-1.43741
-1.43741
-1.43741
-1.43741
-1.43741
-1.43741
-1.43741
-1.43741
-1.43741
-1.43741
-1.43741
-1.43741
-1.43741
-1.43741
-1.43741
-1.43741
-1.43741
-1.43741
-1.43741
-1.43741
-1.43741
-1.43741
-1.43741
-1.43741
-1.43741
-1.43741