-0.8683
-0.965653
-1.0869
-1.20539
-1.31031
-1.39947
-1.45954
-1.4408
-1.24515
-1.14057
-1.14325
-1.12932
-1.13108
-1.14487
-1.16997
-1.20078
-1.22668
-1.23441
-1.21529
-1.18031
-1.15589
-1.15067
-1.1599
-1.17797
-1.19892
-1.21435
-1.2158
-1.20093
-1.17935
-1.16473
-1.16225
-1.17001
-1.18356
-1.19767
-1.2061
-1.20414
-1.19275
-1.17908
-1.17073
-1.17051
-1.17703
-1.1868
-1.19568
-1.19954
-1.19635
-1.18818
-1.17979
-1.17543
-1.17643
-1.18156
-1.18817
-1.1933
-1.19456
-1.19145
-1.18593
-1.18103
-1.17902
-1.18043
-1.18418
-1.18837
-1.19108
-1.19109
-1.18859
-1.18506
-1.18233
-1.1816
-1.18294
-1.18551
-1.18802
-1.18931
-1.18886
-1.18705
-1.18489
-1.18345
-1.18333
-1.18442
-1.18609
-1.18751
-1.18804
-1.18751
-1.18628
-1.185
-1.1843
-1.18442
-1.18523
-1.18627
-1.18704
-1.18719
-1.18673
-1.18593
-1.1852
-1.18489
-1.18509
-1.18565
-1.18628
-1.18667
-1.18666
-1.1863
-1.1858
-1.1854
-1.18529
-1.18548
-1.18585
-1.18621
-1.1864
-1.18633
-1.18608
-1.18577
-1.18556
-1.18554
-1.18569
-1.18593
-1.18614
-1.18621
-1.18614
-1.18597
-1.18579
-1.18568
-1.1857
-1.18581
-1.18596
-1.18607
-1.18609
-1.18603
-1.18592
-1.18581
-1.18577
-1.18579
-1.18587
-1.18596
-1.18602
-1.18602
-1.18597
-1.1859
-1.18584
-1.18582
-1.18585
-1.1859
-1.18595
-1.18598