-0.8683
-1.06172
-1.28948
-1.44737
-1.56378
-1.64096
-1.68889
-1.71711
-1.73319
-1.74101
-1.74266
-1.73953
-1.73249
-1.72177
-1.70703
-1.68734
-1.66152
-1.62785
-1.58443
-1.53528
-1.49362
-1.47108
-1.46629
-1.46743
-1.4685
-1.46873
-1.46866
-1.46861
-1.4686
-1.4686
-1.4686
-1.4686
-1.4686
-1.4686
-1.4686
-1.4686
-1.4686
-1.4686
-1.4686
-1.4686
-1.4686
-1.4686
-1.4686
-1.4686
-1.4686
-1.4686
-1.4686
-1.4686
-1.4686
-1.4686
-1.4686
-1.4686
-1.4686
-1.4686
-1.4686
-1.4686
-1.4686
-1.4686
-1.4686
-1.4686
-1.4686
-1.4686
-1.4686
-1.4686
-1.4686
-1.4686
-1.4686
-1.4686
-1.4686
-1.4686
-1.4686
-1.4686
-1.4686
-1.4686
-1.4686
-1.4686
-1.4686
-1.4686
-1.4686
-1.4686
-1.4686
-1.4686
-1.4686
-1.4686
-1.4686
-1.4686
-1.4686
-1.4686
-1.4686
-1.4686
-1.4686
-1.4686
-1.4686
-1.4686
-1.4686
-1.4686
-1.4686
-1.4686
-1.4686
-1.4686
-1.4686
-1.4686
-1.4686
-1.4686
-1.4686
-1.4686
-1.4686
-1.4686
-1.4686
-1.4686
-1.4686
-1.4686
-1.4686
-1.4686
-1.4686
-1.4686
-1.4686
-1.4686
-1.4686
-1.4686
-1.4686
-1.4686
-1.4686
-1.4686
-1.4686
-1.4686
-1.4686
-1.4686
-1.4686
-1.4686