-0.8683
-1.10725
-1.41765
-1.63732
-1.73246
-1.74893
-1.726
-1.68417
-1.6422
-1.61292
-1.59781
-1.59238
-1.59137
-1.59167
-1.59211
-1.5924
-1.59254
-1.59259
-1.5926
-1.5926
-1.5926
-1.5926
-1.5926
-1.5926
-1.5926
-1.5926
-1.5926
-1.5926
-1.5926
-1.5926
-1.5926
-1.5926
-1.5926
-1.5926
-1.5926
-1.5926
-1.5926
-1.5926
-1.5926
-1.5926
-1.5926
-1.5926
-1.5926
-1.5926
-1.5926
-1.5926
-1.5926
-1.5926
-1.5926
-1.5926
-1.5926
-1.5926
-1.5926
-1.5926
-1.5926
-1.5926
-1.5926
-1.5926
-1.5926
-1.5926
-1.5926
-1.5926
-1.5926
-1.5926
-1.5926
-1.5926
-1.5926
-1.5926
-1.5926
-1.5926
-1.5926
-1.5926
-1.5926
-1.5926
-1.5926
-1.5926
-1.5926
-1.5926
-1.5926
-1.5926
-1.5926
-1.5926
-1.5926
-1.5926
-1.5926
-1.5926
-1.5926
-1.5926
-1.5926
-1.5926
-1.5926
-1.5926
-1.5926
-1.5926
-1.5926
-1.5926
-1.5926
-1.5926
-1.5926
-1.5926