-0.8683
-1.11753
-1.38219
-1.50695
-1.53409
-1.515
-1.48596
-1.4674
-1.46091
-1.46023
-1.46102
-1.4617
-1.46202
-1.4621
-1.46209
-1.46207
-1.46206
-1.46205
-1.46205
-1.46205
-1.46205
-1.46205
-1.46205
-1.46205
-1.46205
-1.46205
-1.46205
-1.46205
-1.46205
-1.46205
-1.46205
-1.46205
-1.46205
-1.46205
-1.46205
-1.46205
-1.46205
-1.46205
-1.46205
-1.46205
-1.46205
-1.46205
-1.46205
-1.46205
-1.46205
-1.46205
-1.46205
-1.46205
-1.46205
-1.46205
-1.46205
-1.46205
-1.46205
-1.46205
-1.46205
-1.46205
-1.46205
-1.46205
-1.46205
-1.46205
-1.46205
-1.46205
-1.46205
-1.46205
-1.46205
-1.46205
-1.46205
-1.46205
-1.46205
-1.46205
-1.46205
-1.46205
-1.46205
-1.46205
-1.46205
-1.46205
-1.46205
-1.46205
-1.46205
-1.46205