-0.8683
-1.11611
-1.42884
-1.6214
-1.67695
-1.66213
-1.61964
-1.57783
-1.55398
-1.54633
-1.54573
-1.54675
-1.54755
-1.5479
-1.54799
-1.54798
-1.54796
-1.54795
-1.54795
-1.54795
-1.54795
-1.54795
-1.54795
-1.54795
-1.54795
-1.54795
-1.54795
-1.54795
-1.54795
-1.54795
-1.54795
-1.54795
-1.54795
-1.54795
-1.54795
-1.54795
-1.54795
-1.54795
-1.54795
-1.54795
-1.54795
-1.54795
-1.54795
-1.54795
-1.54795
-1.54795
-1.54795
-1.54795
-1.54795
-1.54795
-1.54795
-1.54795
-1.54795
-1.54795
-1.54795
-1.54795
-1.54795
-1.54795
-1.54795
-1.54795
-1.54795
-1.54795
-1.54795
-1.54795
-1.54795
-1.54795
-1.54795
-1.54795
-1.54795
-1.54795
-1.54795
-1.54795
-1.54795
-1.54795
-1.54795
-1.54795
-1.54795
-1.54795
-1.54795
-1.54795
-1.54795
-1.54795
-1.54795
-1.54795
-1.54795
-1.54795
-1.54795
-1.54795
-1.54795
-1.54795
-1.54795
-1.54795
-1.54795
-1.54795
-1.54795
-1.54795
-1.54795
-1.54795
-1.54795
-1.54795