-0.8683
-0.995784
-1.1505
-1.27451
-1.38958
-1.50238
-1.6166
-1.73244
-1.84539
-1.94987
-2.04413
-2.12967
-2.20826
-2.28039
-2.34575
-2.40306
-2.45085
-2.48753
-2.51176
-2.52243
-2.51827
-2.49735
-2.45686
-2.3933
-2.30369
-2.18728
-2.0431
-1.86219
-1.63025
-1.38191
-1.26336
-1.22374
-1.23901
-1.29078
-1.36833
-1.45695
-1.5444
-1.62636
-1.70603
-1.79507
-1.90883
-2.04667
-2.17564
-2.2728
-2.3396
-2.37958
-2.39402
-2.38265
-2.34414
-2.27652
-2.17835
-2.04778
-1.87629
-1.64487
-1.37117
-1.24377
-1.22306
-1.24766
-1.30674
-1.38812
-1.47726
-1.56369
-1.64492
-1.72604
-1.82032
-1.94168
-2.08128
-2.20321
-2.29233
-2.35224
-2.38589
-2.39405
-2.37621
-2.3308
-2.25578
-2.15006
-2.01079
-1.82663
-1.57877
-1.31827
-1.23802
-1.2255
-1.25864
-1.32416
-1.40827
-1.49685
-1.58132
-1.66067
-1.74155
-1.83811
-1.96264
-2.10121
-2.21806
-2.30229
-2.35783
-2.3872
-2.39092
-2.3683
-2.31766
-2.23703
-2.12531
-1.97872
-1.78358
-1.52385
-1.28521
-1.2335
-1.23015
-1.26943
-1.33898
-1.42422
-1.51142
-1.59321
-1.66928
-1.74682
-1.83995
-1.96101
-2.09761
-2.21444
-2.29885
-2.35424
-2.38307
-2.38591
-2.36207
-2.30989
-2.22747
-2.11368
-1.96417
-1.7642
-1.4994
-1.27324
-1.23106
-1.23275
-1.27509
-1.34653
-1.43241
-1.51914
-1.59999
-1.67515
-1.75244
-1.84623