-0.8683
-1.08684
-1.42729
-1.93576
-1.79562
-1.47393
-1.09537
-1.181
-1.42334
-1.88975
-1.74832
-1.40033
-1.08433
-1.19648
-1.50508
-1.965
-1.7665
-1.40262
-1.08318
-1.19324
-1.49143
-1.95588
-1.76458
-1.40351
-1.08333
-1.19348
-1.49238
-1.95653
-1.76469
-1.4034
-1.08332
-1.19347
-1.49236
-1.95652
-1.76469
-1.40341
-1.08332
-1.19347
-1.49235
-1.95651
-1.76469
-1.40341
-1.08332
-1.19347
-1.49235
-1.95652
-1.76469
-1.40341
-1.08332
-1.19347
-1.49235
-1.95652
-1.76469
-1.40341
-1.08332
-1.19347
-1.49235
-1.95652
-1.76469
-1.40341
-1.08332
-1.19347
-1.49235
-1.95652
-1.76469
-1.40341
-1.08332
-1.19347
-1.49235
-1.95652
-1.76469
-1.40341
-1.08332
-1.19347
-1.49235
-1.95652
-1.76469
-1.40341
-1.08332
-1.19347
-1.49235
-1.95652
-1.76469
-1.40341
-1.08332
-1.19347
-1.49235
-1.95652
-1.76469
-1.40341
-1.08332
-1.19347
-1.49235
-1.95652
-1.76469
-1.40341
-1.08332
-1.19347
-1.49235
-1.95652
-1.76469
-1.40341
-1.08332
-1.19347
-1.49235
-1.95652
-1.76469
-1.40341
-1.08332
-1.19347
-1.49235
-1.95652
-1.76469
-1.40341
-1.08332
-1.19347
-1.49235
-1.95652
-1.76469
-1.40341
-1.08332
-1.19347
-1.49235
-1.95652
-1.76469
-1.40341
-1.08332
-1.19347
-1.49235
-1.95652
-1.76469
-1.40341
-1.08332
-1.19347
-1.49235
-1.95652
-1.76469
-1.40341
-1.08332
-1.19347
-1.49235
-1.95652
-1.76469
-1.40341
-1.08332
-1.19347
-1.49235
-1.95652
-1.76469
-1.40341
-1.08332
-1.19347
-1.49235
-1.95652
-1.76469
-1.40341
-1.08332
-1.19347
-1.49235
-1.95652
-1.76469
-1.40341
-1.08332
-1.19347
-1.49235
-1.95652
-1.76469
-1.40341
-1.08332
-1.19347