-0.8683
-1.00554
-1.1706
-1.29974
-1.41847
-1.53368
-1.64724
-1.75681
-1.85717
-1.94522
-2.02215
-2.09062
-2.15282
-2.21009
-2.26276
-2.31062
-2.35261
-2.38741
-2.41303
-2.42734
-2.42816
-2.41298
-2.37877
-2.32213
-2.23954
-2.12833
-1.98329
-1.78815
-1.51761
-1.26467
-1.2489
-1.26859
-1.31452
-1.3671
-1.40766
-1.41607
-1.38216
-1.32577
-1.29225
-1.29635
-1.32136
-1.35031
-1.37017
-1.37046
-1.35098
-1.32519
-1.31113
-1.31476
-1.32918
-1.34456
-1.35313
-1.35075
-1.33967
-1.32744
-1.32191
-1.32501
-1.33311
-1.34086
-1.34417
-1.34175
-1.33561
-1.3299
-1.32798
-1.33027
-1.33468
-1.3384
-1.33947
-1.33764
-1.33435
-1.33176
-1.33126
-1.33279
-1.33513
-1.33682
-1.33702
-1.33582
-1.33411
-1.33298
-1.33297
-1.33392
-1.33512
-1.33585
-1.33577
-1.33504
-1.33419
-1.33372
-1.33384
-1.3344
-1.33499
-1.33529
-1.33515
-1.33474
-1.33432
-1.33414
-1.33427
-1.33458
-1.33486
-1.33497
-1.33486
-1.33463
-1.33443
-1.33437
-1.33447
-1.33464
-1.33477
-1.3348
-1.33472
-1.3346
-1.33451
-1.3345
-1.33456
-1.33465
-1.33471
-1.33471
-1.33466
-1.3346
-1.33456
-1.33456
-1.3346
-1.33464
-1.33467
-1.33466
-1.33463
-1.3346
-1.33459
-1.33459
-1.33462
-1.33464
-1.33465
-1.33464
-1.33462
-1.33461
-1.3346
-1.33461
-1.33462
-1.33463
-1.33463
-1.33463
-1.33462
-1.33461