-0.8683
-1.0779
-1.40012
-1.90001
-1.79987
-1.50819
-1.11143
-1.17481
-1.42488
-1.90887
-1.78304
-1.47323
-1.09504
-1.1815
-1.46438
-1.94878
-1.78981
-1.46867
-1.09262
-1.18168
-1.46707
-1.95149
-1.79078
-1.46909
-1.09271
-1.18155
-1.46635
-1.95086
-1.79062
-1.46914
-1.09274
-1.18155
-1.46636
-1.95086
-1.79062
-1.46913
-1.09273
-1.18156
-1.46637
-1.95087
-1.79062
-1.46913
-1.09273
-1.18156
-1.46637
-1.95087
-1.79062
-1.46913
-1.09273
-1.18156
-1.46637
-1.95087
-1.79062
-1.46913
-1.09273
-1.18156
-1.46637
-1.95087
-1.79062
-1.46913
-1.09273
-1.18156
-1.46637
-1.95087
-1.79062
-1.46913
-1.09273
-1.18156
-1.46637
-1.95087
-1.79062
-1.46913
-1.09273
-1.18156
-1.46637
-1.95087
-1.79062
-1.46913
-1.09273
-1.18156
-1.46637
-1.95087
-1.79062
-1.46913
-1.09273
-1.18156
-1.46637
-1.95087
-1.79062
-1.46913
-1.09273
-1.18156
-1.46637
-1.95087
-1.79062
-1.46913
-1.09273
-1.18156
-1.46637
-1.95087
-1.79062
-1.46913
-1.09273
-1.18156
-1.46637
-1.95087
-1.79062
-1.46913
-1.09273
-1.18156
-1.46637
-1.95087
-1.79062
-1.46913
-1.09273
-1.18156
-1.46637
-1.95087
-1.79062
-1.46913
-1.09273
-1.18156
-1.46637
-1.95087
-1.79062
-1.46913
-1.09273
-1.18156
-1.46637
-1.95087
-1.79062
-1.46913
-1.09273
-1.18156
-1.46637
-1.95087
-1.79062
-1.46913
-1.09273
-1.18156
-1.46637
-1.95087
-1.79062
-1.46913
-1.09273
-1.18156
-1.46637
-1.95087
-1.79062
-1.46913
-1.09273
-1.18156
-1.46637
-1.95087
-1.79062
-1.46913
-1.09273
-1.18156
-1.46637
-1.95087
-1.79062
-1.46913
-1.09273
-1.18156
-1.46637
-1.95087
-1.79062
-1.46913
-1.09273
-1.18156