-0.8683
-1.07618
-1.21047
-1.28355
-1.34704
-1.39909
-1.44231
-1.47906
-1.5109
-1.53884
-1.56432
-1.5881
-1.61019
-1.63001
-1.64731
-1.6602
-1.66429
-1.65211
-1.60853
-1.51234
-1.36659
-1.30868
-1.41269
-1.47242
-1.50796
-1.53694
-1.56282
-1.58679
-1.60901
-1.62896
-1.64641
-1.65961
-1.66427
-1.65321
-1.61174
-1.51884
-1.37388
-1.30686
-1.40659
-1.47038
-1.50636
-1.53555
-1.56154
-1.5856
-1.60792
-1.62799
-1.64559
-1.6591
-1.66432
-1.65436
-1.61495
-1.52521
-1.38124
-1.3053
-1.40016
-1.46833
-1.50471
-1.5341
-1.5602
-1.58435
-1.60676
-1.62696
-1.64472
-1.65853
-1.66434
-1.65548
-1.61816
-1.53169
-1.38912
-1.30424
-1.3933
-1.4663
-1.50304
-1.53264
-1.55885
-1.58308
-1.6056
-1.62592
-1.64383
-1.65794
-1.66431
-1.65652
-1.62126
-1.53804
-1.39725
-1.30381
-1.38635
-1.46432
-1.50141
-1.53121
-1.55753
-1.58185
-1.60446
-1.62491
-1.64296
-1.65735
-1.66425
-1.65747
-1.62413
-1.544
-1.40524
-1.30403
-1.37967
-1.46237
-1.49985
-1.52986
-1.55628
-1.58068
-1.60338
-1.62395
-1.64213
-1.65677
-1.66416
-1.65829
-1.62671
-1.54943
-1.41281
-1.30485
-1.3733
-1.46039
-1.49831
-1.52854
-1.55507
-1.57955
-1.60233
-1.62301
-1.64132
-1.65619
-1.66404
-1.65902
-1.6291
-1.55451
-1.42013
-1.30621
-1.36715
-1.45853
-1.49686
-1.52729
-1.55393
-1.57848
-1.60134
-1.62213
-1.64056
-1.65564
-1.66391
-1.65966
-1.63125
-1.55915
-1.42704
-1.30803
-1.36143
-1.45682
-1.49553
-1.52615
-1.55289
-1.57751
-1.60044
-1.62133
-1.63985
-1.65512