-0.8683
-1.09844
-1.25416
-1.33857
-1.4128
-1.4794
-1.54206
-1.60419
-1.66955
-1.74282
-1.82895
-1.93439
-2.06256
-2.20416
-2.32832
-2.38529
-2.33718
-2.23832
-2.11781
-1.97338
-1.79656
-1.59305
-1.41884
-1.33726
-1.31922
-1.27113
-1.25334
-1.38264
-1.52153
-1.59802
-1.66934
-1.74595
-1.83452
-1.94237
-2.07219
-2.21266
-2.33136
-2.37727
-2.32017
-2.21738
-2.09301
-1.94312
-1.75989
-1.55583
-1.39624
-1.33137
-1.31545
-1.25724
-1.26833
-1.42157
-1.53704
-1.61218
-1.68433
-1.76312
-1.85531
-1.96783
-2.10154
-2.24055
-2.34878
-2.37186
-2.30009
-2.19222
-2.06303
-1.90646
-1.71605
-1.5143
-1.37412
-1.32676
-1.30862
-1.24453
-1.28961
-1.46036
-1.55535
-1.62817
-1.70094
-1.78196
-1.8781
-1.99541
-2.13233
-2.26835
-2.36337
-2.36214
-2.27874
-2.16627
-2.03198
-1.86831
-1.6719
-1.47649
-1.35748
-1.32409
-1.29763
-1.24019
-1.31724
-1.48914
-1.57236
-1.64354
-1.71717
-1.80051
-1.90059
-2.02244
-2.1617
-2.29314
-2.37312
-2.34972
-2.25807
-2.14149
-2.00212
-1.83157
-1.6306
-1.44466
-1.34564
-1.32187
-1.28482
-1.24364
-1.34838
-1.50772
-1.5858
-1.65656
-1.73142
-1.81714
-1.92093
-2.04682
-2.18725
-2.31323
-2.37748
-2.33636
-2.23878
-2.11848
-1.97419
-1.79752
-1.59401
-1.41942
-1.33744
-1.31925
-1.27126
-1.25323
-1.38233
-1.52141
-1.59791
-1.66923
-1.74582
-1.83436
-1.94217
-2.07196
-2.21243
-2.33121
-2.37729
-2.32032
-2.21757
-2.09324
-1.9434
-1.76024
-1.55618
-1.39643
-1.33141
-1.31549
-1.25735
-1.26818
-1.42122
-1.5369