-0.8683
-1.08654
-1.36652
-1.5833
-1.72718
-1.7985
-1.8256
-1.82591
-1.80784
-1.77778
-1.74185
-1.70541
-1.67318
-1.64831
-1.63106
-1.61993
-1.61334
-1.6098
-1.60811
-1.60736
-1.60706
-1.60695
-1.60691
-1.60689
-1.60689
-1.60689
-1.60689
-1.60689
-1.60689
-1.60689
-1.60689
-1.60689
-1.60689
-1.60689
-1.60689
-1.60689
-1.60689
-1.60689
-1.60689
-1.60689
-1.60689
-1.60689
-1.60689
-1.60689
-1.60689
-1.60689
-1.60689
-1.60689
-1.60689
-1.60689
-1.60689
-1.60689
-1.60689
-1.60689
-1.60689
-1.60689
-1.60689
-1.60689
-1.60689
-1.60689
-1.60689
-1.60689
-1.60689
-1.60689
-1.60689
-1.60689
-1.60689
-1.60689
-1.60689
-1.60689
-1.60689
-1.60689
-1.60689
-1.60689
-1.60689
-1.60689
-1.60689
-1.60689
-1.60689
-1.60689
-1.60689
-1.60689
-1.60689
-1.60689
-1.60689
-1.60689
-1.60689
-1.60689
-1.60689
-1.60689
-1.60689
-1.60689
-1.60689
-1.60689
-1.60689
-1.60689
-1.60689
-1.60689
-1.60689
-1.60689
-1.60689
-1.60689
-1.60689
-1.60689
-1.60689
-1.60689
-1.60689
-1.60689
-1.60689
-1.60689
-1.60689
-1.60689
-1.60689
-1.60689
-1.60689
-1.60689
-1.60689
-1.60689
-1.60689
-1.60689