-0.8683
-1.10517
-1.27333
-1.37245
-1.46454
-1.55265
-1.64211
-1.73986
-1.8535
-1.99073
-2.15076
-2.31105
-2.4278
-2.44395
-2.38859
-2.31424
-2.23063
-2.13532
-2.02189
-1.88209
-1.71247
-1.5347
-1.40527
-1.34947
-1.34109
-1.31143
-1.25282
-1.31402
-1.49189
-1.61563
-1.72368
-1.84081
-1.97852
-2.1368
-2.29354
-2.40633
-2.41931
-2.36018
-2.28217
-2.19386
-2.09158
-1.9679
-1.81523
-1.63692
-1.47193
-1.37414
-1.34353
-1.33616
-1.27977
-1.26507
-1.38214
-1.55159
-1.66268
-1.77274
-1.89797
-2.04551
-2.20742
-2.35142
-2.42676
-2.39864
-2.32855
-2.24616
-2.15273
-2.0425
-1.9074
-1.74192
-1.56206
-1.42112
-1.35422
-1.34151
-1.32065
-1.2554
-1.29745
-1.46523
-1.59926
-1.7077
-1.82282
-1.95732
-2.11346
-2.27255
-2.39486
-2.42345
-2.36977
-2.29331
-2.20644
-2.10641
-1.98613
-1.83751
-1.66144
-1.49103
-1.38271
-1.34481
-1.3386
-1.29044
-1.25828
-1.35661
-1.53424
-1.64732
-1.75608
-1.87821
-2.02243
-2.18373
-2.33317
-2.42295
-2.40752
-2.34057
-2.25977
-2.16838
-2.06129
-1.93064
-1.76984
-1.58959
-1.43841
-1.3604
-1.34189
-1.32824
-1.26264
-1.28355
-1.43477
-1.58173
-1.69099
-1.80421
-1.93534
-2.08869
-2.24953
-2.3806
-2.42637
-2.38012
-2.30554
-2.22023
-2.12259
-2.00593
-1.86197
-1.68909
-1.51395
-1.39398
-1.34692
-1.34037
-1.30175
-1.25394
-1.33314
-1.51389
-1.63118
-1.73931
-1.85872
-1.99957
-2.15954
-2.31324
-2.41565
-2.41419
-2.35088
-2.27151
-2.18177
-2.07725
-1.95028
-1.79371
-1.61407
-1.45514
-1.36707
-1.34258