-0.8683
-1.08279
-1.35136
-1.69591
-1.79837
-1.54196
-1.15413
-1.18457
-1.2981
-1.60398
-1.8098
-1.59483
-1.1969
-1.17282
-1.26326
-1.55354
-1.82248
-1.65786
-1.2726
-1.1479
-1.22967
-1.49887
-1.81197
-1.6996
-1.33955
-1.12661
-1.21286
-1.45805
-1.78672
-1.71541
-1.37034
-1.1203
-1.20764
-1.43775
-1.76967
-1.72001
-1.38089
-1.11836
-1.20608
-1.43071
-1.7633
-1.72203
-1.38531
-1.11765
-1.20541
-1.42754
-1.76034
-1.72308
-1.38756
-1.11732
-1.20507
-1.42588
-1.75878
-1.72367
-1.38881
-1.11714
-1.20488
-1.42494
-1.75789
-1.72401
-1.38954
-1.11704
-1.20477
-1.42439
-1.75737
-1.72422
-1.38997
-1.11698
-1.20471
-1.42407
-1.75706
-1.72434
-1.39023
-1.11695
-1.20467
-1.42387
-1.75687
-1.72442
-1.39039
-1.11693
-1.20465
-1.42375
-1.75676
-1.72446
-1.39048
-1.11691
-1.20463
-1.42368
-1.75669
-1.72449
-1.39054
-1.11691
-1.20462
-1.42364
-1.75664
-1.72451
-1.39058
-1.1169
-1.20462
-1.42361
-1.75662
-1.72452
-1.3906
-1.1169
-1.20461
-1.42359
-1.7566
-1.72452
-1.39061
-1.1169
-1.20461
-1.42358
-1.75659
-1.72453
-1.39062
-1.1169
-1.20461
-1.42358
-1.75659
-1.72453
-1.39063
-1.1169
-1.20461
-1.42357
-1.75658
-1.72453
-1.39063
-1.1169
-1.20461
-1.42357
-1.75658
-1.72453
-1.39063
-1.1169
-1.20461
-1.42357
-1.75658
-1.72453
-1.39063
-1.1169
-1.20461
-1.42357
-1.75658
-1.72453
-1.39064
-1.1169
-1.20461
-1.42357
-1.75658
-1.72453
-1.39064
-1.11689
-1.20461
-1.42357
-1.75658
-1.72453
-1.39064
-1.11689
-1.20461
-1.42357