-0.8683
-1.08788
-1.41454
-1.88708
-1.78382
-1.46727
-1.10186
-1.18514
-1.40139
-1.82471
-1.72818
-1.37581
-1.09582
-1.20415
-1.49601
-1.9165
-1.73826
-1.37135
-1.09614
-1.20278
-1.4897
-1.91183
-1.73666
-1.3703
-1.09633
-1.20326
-1.49168
-1.91322
-1.73703
-1.37041
-1.0963
-1.20317
-1.49127
-1.91293
-1.73695
-1.37038
-1.0963
-1.20319
-1.49137
-1.913
-1.73697
-1.37039
-1.0963
-1.20318
-1.49135
-1.91298
-1.73696
-1.37039
-1.0963
-1.20318
-1.49135
-1.91299
-1.73696
-1.37039
-1.0963
-1.20318
-1.49135
-1.91299
-1.73696
-1.37039
-1.0963
-1.20318
-1.49135
-1.91299
-1.73696
-1.37039
-1.0963
-1.20318
-1.49135
-1.91299
-1.73696
-1.37039
-1.0963
-1.20318
-1.49135
-1.91299
-1.73696
-1.37039
-1.0963
-1.20318
-1.49135
-1.91299
-1.73696
-1.37039
-1.0963
-1.20318
-1.49135
-1.91299
-1.73696
-1.37039
-1.0963
-1.20318
-1.49135
-1.91299
-1.73696
-1.37039
-1.0963
-1.20318
-1.49135
-1.91299
-1.73696
-1.37039
-1.0963
-1.20318
-1.49135
-1.91299
-1.73696
-1.37039
-1.0963
-1.20318
-1.49135
-1.91299
-1.73696
-1.37039
-1.0963
-1.20318
-1.49135
-1.91299
-1.73696
-1.37039
-1.0963
-1.20318
-1.49135
-1.91299
-1.73696
-1.37039
-1.0963
-1.20318
-1.49135
-1.91299
-1.73696
-1.37039
-1.0963
-1.20318
-1.49135
-1.91299
-1.73696
-1.37039
-1.0963
-1.20318
-1.49135
-1.91299
-1.73696
-1.37039
-1.0963
-1.20318
-1.49135
-1.91299
-1.73696
-1.37039
-1.0963
-1.20318
-1.49135
-1.91299
-1.73696
-1.37039
-1.0963
-1.20318
-1.49135
-1.91299