-0.8683
-1.11663
-1.42875
-1.61794
-1.66956
-1.6517
-1.60782
-1.56712
-1.54586
-1.5398
-1.5398
-1.54094
-1.54168
-1.54197
-1.54202
-1.54199
-1.54197
-1.54196
-1.54196
-1.54196
-1.54196
-1.54196
-1.54196
-1.54196
-1.54196
-1.54196
-1.54196
-1.54196
-1.54196
-1.54196
-1.54196
-1.54196
-1.54196
-1.54196
-1.54196
-1.54196
-1.54196
-1.54196
-1.54196
-1.54196
-1.54196
-1.54196
-1.54196
-1.54196
-1.54196
-1.54196
-1.54196
-1.54196
-1.54196
-1.54196
-1.54196
-1.54196
-1.54196
-1.54196
-1.54196
-1.54196
-1.54196
-1.54196
-1.54196
-1.54196
-1.54196
-1.54196
-1.54196
-1.54196
-1.54196
-1.54196
-1.54196
-1.54196
-1.54196
-1.54196
-1.54196
-1.54196
-1.54196
-1.54196
-1.54196
-1.54196
-1.54196
-1.54196
-1.54196
-1.54196
-1.54196
-1.54196
-1.54196
-1.54196
-1.54196
-1.54196
-1.54196
-1.54196
-1.54196
-1.54196
-1.54196
-1.54196
-1.54196
-1.54196
-1.54196
-1.54196
-1.54196
-1.54196
-1.54196
-1.54196