-0.8683
-0.892099
-0.925792
-0.970973
-1.02672
-1.09056
-1.1608
-1.23701
-1.31934
-1.40754
-1.50033
-1.59528
-1.68917
-1.77916
-1.86366
-1.94272
-2.01672
-2.08545
-2.14653
-2.19496
-2.22516
-2.23398
-2.22254
-2.19528
-2.15854
-2.11831
-2.0786
-2.04145
-2.00718
-1.97567
-1.94647
-1.91915
-1.89338
-1.8689
-1.84548
-1.82298
-1.80127
-1.78028
-1.75997
-1.74026
-1.72113
-1.70256
-1.68454
-1.66706
-1.65011
-1.63367
-1.61775
-1.60232
-1.58741
-1.57298
-1.55903
-1.54555
-1.53252
-1.51994
-1.50778
-1.49604
-1.48471
-1.47377
-1.4632
-1.45299