-0.8683
-1.09602
-1.39196
-1.61672
-1.73751
-1.76869
-1.74679
-1.69386
-1.63018
-1.57971
-1.55347
-1.54605
-1.54602
-1.54717
-1.54781
-1.54797
-1.54796
-1.54793
-1.54791
-1.54791
-1.54791
-1.54791
-1.54791
-1.54791
-1.54791
-1.54791
-1.54791
-1.54791
-1.54791
-1.54791
-1.54791
-1.54791
-1.54791
-1.54791
-1.54791
-1.54791
-1.54791
-1.54791
-1.54791
-1.54791
-1.54791
-1.54791
-1.54791
-1.54791
-1.54791
-1.54791
-1.54791
-1.54791
-1.54791
-1.54791
-1.54791
-1.54791
-1.54791
-1.54791
-1.54791
-1.54791
-1.54791
-1.54791
-1.54791
-1.54791
-1.54791
-1.54791
-1.54791
-1.54791
-1.54791
-1.54791
-1.54791
-1.54791
-1.54791
-1.54791
-1.54791
-1.54791
-1.54791
-1.54791
-1.54791
-1.54791
-1.54791
-1.54791
-1.54791
-1.54791
-1.54791
-1.54791
-1.54791
-1.54791
-1.54791
-1.54791
-1.54791
-1.54791
-1.54791
-1.54791
-1.54791
-1.54791
-1.54791
-1.54791
-1.54791
-1.54791
-1.54791
-1.54791
-1.54791
-1.54791
-1.54791
-1.54791
-1.54791
-1.54791
-1.54791
-1.54791
-1.54791
-1.54791
-1.54791
-1.54791