-0.8683
-1.049
-1.26114
-1.41334
-1.53554
-1.62801
-1.69456
-1.74194
-1.7758
-1.79972
-1.81639
-1.82743
-1.83373
-1.83575
-1.83393
-1.82871
-1.82043
-1.80936
-1.79572
-1.7796
-1.76078
-1.7386
-1.71173
-1.67821
-1.63523
-1.57959
-1.51412
-1.4547
-1.4258
-1.42211
-1.42688
-1.43012
-1.43063
-1.43008
-1.42965
-1.42957
-1.42963
-1.42968
-1.4297
-1.42969
-1.42968
-1.42968
-1.42968
-1.42968
-1.42968
-1.42968
-1.42968
-1.42968
-1.42968
-1.42968
-1.42968
-1.42968
-1.42968
-1.42968
-1.42968
-1.42968
-1.42968
-1.42968
-1.42968
-1.42968
-1.42968
-1.42968
-1.42968
-1.42968
-1.42968
-1.42968
-1.42968
-1.42968
-1.42968
-1.42968
-1.42968
-1.42968
-1.42968
-1.42968
-1.42968
-1.42968
-1.42968
-1.42968
-1.42968
-1.42968
-1.42968
-1.42968
-1.42968
-1.42968
-1.42968
-1.42968
-1.42968
-1.42968
-1.42968
-1.42968
-1.42968
-1.42968
-1.42968
-1.42968
-1.42968
-1.42968
-1.42968
-1.42968
-1.42968
-1.42968
-1.42968
-1.42968
-1.42968
-1.42968
-1.42968
-1.42968
-1.42968
-1.42968
-1.42968
-1.42968
-1.42968
-1.42968
-1.42968
-1.42968
-1.42968
-1.42968
-1.42968
-1.42968
-1.42968
-1.42968
-1.42968
-1.42968
-1.42968
-1.42968
-1.42968
-1.42968
-1.42968
-1.42968
-1.42968
-1.42968