-0.8683
-1.07809
-1.34156
-1.54136
-1.67645
-1.74401
-1.76377
-1.74812
-1.70198
-1.63073
-1.55165
-1.49621
-1.47941
-1.48169
-1.48489
-1.48552
-1.48521
-1.48502
-1.48501
-1.48503
-1.48504
-1.48504
-1.48504
-1.48504
-1.48504
-1.48504
-1.48504
-1.48504
-1.48504
-1.48504
-1.48504
-1.48504
-1.48504
-1.48504
-1.48504
-1.48504
-1.48504
-1.48504
-1.48504
-1.48504
-1.48504
-1.48504
-1.48504
-1.48504
-1.48504
-1.48504
-1.48504
-1.48504
-1.48504
-1.48504
-1.48504
-1.48504
-1.48504
-1.48504
-1.48504
-1.48504
-1.48504
-1.48504
-1.48504
-1.48504
-1.48504
-1.48504
-1.48504
-1.48504
-1.48504
-1.48504
-1.48504
-1.48504
-1.48504
-1.48504
-1.48504
-1.48504
-1.48504
-1.48504
-1.48504
-1.48504
-1.48504
-1.48504
-1.48504
-1.48504
-1.48504
-1.48504
-1.48504
-1.48504
-1.48504
-1.48504
-1.48504
-1.48504
-1.48504
-1.48504
-1.48504
-1.48504
-1.48504
-1.48504
-1.48504
-1.48504
-1.48504
-1.48504
-1.48504
-1.48504
-1.48504
-1.48504
-1.48504
-1.48504
-1.48504
-1.48504
-1.48504
-1.48504
-1.48504
-1.48504
-1.48504
-1.48504
-1.48504
-1.48504
-1.48504
-1.48504
-1.48504
-1.48504
-1.48504
-1.48504