-0.8683
-1.06101
-1.28768
-1.44462
-1.5606
-1.63795
-1.68675
-1.71665
-1.73467
-1.74507
-1.75022
-1.75149
-1.74975
-1.74568
-1.73967
-1.73183
-1.72199
-1.70974
-1.69429
-1.67455
-1.6493
-1.61619
-1.57418
-1.52812
-1.49015
-1.4703
-1.466
-1.46692
-1.46788
-1.46812
-1.46808
-1.46803
-1.46801
-1.46801
-1.46802
-1.46802
-1.46802
-1.46802
-1.46802
-1.46802
-1.46802
-1.46802
-1.46802
-1.46802
-1.46802
-1.46802
-1.46802
-1.46802
-1.46802
-1.46802
-1.46802
-1.46802
-1.46802
-1.46802
-1.46802
-1.46802
-1.46802
-1.46802
-1.46802
-1.46802
-1.46802
-1.46802
-1.46802
-1.46802
-1.46802
-1.46802
-1.46802
-1.46802
-1.46802
-1.46802
-1.46802
-1.46802
-1.46802
-1.46802
-1.46802
-1.46802
-1.46802
-1.46802
-1.46802
-1.46802
-1.46802
-1.46802
-1.46802
-1.46802
-1.46802
-1.46802
-1.46802
-1.46802
-1.46802
-1.46802
-1.46802
-1.46802
-1.46802
-1.46802
-1.46802
-1.46802
-1.46802
-1.46802
-1.46802
-1.46802
-1.46802
-1.46802
-1.46802
-1.46802
-1.46802
-1.46802
-1.46802
-1.46802
-1.46802
-1.46802
-1.46802
-1.46802
-1.46802
-1.46802
-1.46802
-1.46802
-1.46802
-1.46802
-1.46802
-1.46802
-1.46802
-1.46802
-1.46802
-1.46802
-1.46802
-1.46802
-1.46802
-1.46802
-1.46802
-1.46802