-0.8683
-1.06073
-1.28703
-1.44365
-1.55953
-1.63698
-1.68608
-1.71652
-1.73518
-1.74632
-1.75237
-1.75479
-1.75447
-1.752
-1.74788
-1.74236
-1.73552
-1.72723
-1.71721
-1.70491
-1.68949
-1.6699
-1.64483
-1.6118
-1.57024
-1.52525
-1.48861
-1.46984
-1.4658
-1.46667
-1.46758
-1.46782
-1.46779
-1.46774
-1.46772
-1.46772
-1.46773
-1.46773
-1.46773
-1.46773
-1.46773
-1.46773
-1.46773
-1.46773
-1.46773
-1.46773
-1.46773
-1.46773
-1.46773
-1.46773
-1.46773
-1.46773
-1.46773
-1.46773
-1.46773
-1.46773
-1.46773
-1.46773
-1.46773
-1.46773
-1.46773
-1.46773
-1.46773
-1.46773
-1.46773
-1.46773
-1.46773
-1.46773
-1.46773
-1.46773
-1.46773
-1.46773
-1.46773
-1.46773
-1.46773
-1.46773
-1.46773
-1.46773
-1.46773
-1.46773
-1.46773
-1.46773
-1.46773
-1.46773
-1.46773
-1.46773
-1.46773
-1.46773
-1.46773
-1.46773
-1.46773
-1.46773
-1.46773
-1.46773
-1.46773
-1.46773
-1.46773
-1.46773
-1.46773
-1.46773
-1.46773
-1.46773
-1.46773
-1.46773
-1.46773
-1.46773
-1.46773
-1.46773
-1.46773
-1.46773
-1.46773
-1.46773
-1.46773
-1.46773
-1.46773
-1.46773
-1.46773
-1.46773
-1.46773
-1.46773
-1.46773
-1.46773
-1.46773
-1.46773
-1.46773
-1.46773
-1.46773
-1.46773
-1.46773
-1.46773