-0.8683
-1.06046
-1.3484
-1.81894
-1.83823
-1.60906
-1.22237
-1.1369
-1.33669
-1.80502
-1.8572
-1.63671
-1.25669
-1.12275
-1.29976
-1.7549
-1.90684
-1.69774
-1.33933
-1.09357
-1.23217
-1.65152
-2.0067
-1.81235
-1.50418
-1.11416
-1.17424
-1.48007
-1.96002
-1.81701
-1.54908
-1.15404
-1.16324
-1.42368
-1.90755
-1.81024
-1.56101
-1.16923
-1.15901
-1.40529
-1.88782
-1.81263
-1.57011
-1.17922
-1.1555
-1.3922
-1.87302
-1.81678
-1.57914
-1.18913
-1.15158
-1.37925
-1.85787
-1.82296
-1.58976
-1.20095
-1.14654
-1.36384
-1.83924
-1.83268
-1.60413
-1.21732
-1.13925
-1.34309
-1.81328
-1.85033
-1.62774
-1.24535
-1.12712
-1.31102
-1.77061
-1.88983
-1.67759
-1.31156
-1.10178
-1.25169
-1.68383
-1.98219
-1.78461
-1.46436
-1.09655
-1.18278
-1.52328
-1.99208
-1.82768
-1.54843
-1.14978
-1.16372
-1.42636
-1.91031
-1.81015
-1.55996
-1.16807
-1.15938
-1.4068
-1.88948
-1.81229
-1.5692
-1.17823
-1.15587
-1.3935
-1.87452
-1.81627
-1.57816
-1.18805
-1.15203
-1.38066
-1.85954
-1.82219
-1.58853
-1.19957
-1.14714
-1.36563
-1.84143
-1.83145
-1.60239
-1.21532
-1.14015
-1.34557
-1.81643
-1.84787
-1.62453
-1.24139
-1.12874
-1.3152
-1.77636
-1.88406
-1.67068
-1.3021
-1.10521
-1.25929
-1.69559
-1.9712
-1.7722
-1.44636
-1.09125
-1.18714
-1.54196
-2.0032
-1.83198
-1.54903
-1.14888
-1.16363
-1.42615
-1.9101
-1.81015
-1.56004
-1.16815
-1.15935
-1.40669
-1.88936
-1.81231
-1.56927
-1.17831
-1.15584
-1.3934
-1.87441
-1.8163
-1.57823
-1.18813
-1.152
-1.38056
-1.85943
-1.82225
-1.58861
-1.19966
-1.1471
-1.3655
-1.84128
-1.83153