-0.8683
-0.96917
-1.0952
-1.21374
-1.32132
-1.42131
-1.51544
-1.59731
-1.64226
-1.59073
-1.35459
-1.14783
-1.17045
-1.15014
-1.15573
-1.17988
-1.21925
-1.26402
-1.29879
-1.30524
-1.26608
-1.19917
-1.16518
-1.16504
-1.18539
-1.2197
-1.25864
-1.28817
-1.29185
-1.25703
-1.20085
-1.1706
-1.1704
-1.19022
-1.22268
-1.25841
-1.28397
-1.28398
-1.24931
-1.19866
-1.17281
-1.17431
-1.19478
-1.22656
-1.26004
-1.28203
-1.27795
-1.24202
-1.19534
-1.17383
-1.17766
-1.19925
-1.23083
-1.2624
-1.28089
-1.2725
-1.23484
-1.19178
-1.1745
-1.18091
-1.20377
-1.23527
-1.26498
-1.27987
-1.26707
-1.22771
-1.18839
-1.17521
-1.18426
-1.20837
-1.23974
-1.26749
-1.2786
-1.2614
-1.2207
-1.18539
-1.17614
-1.18781
-1.21316
-1.24426
-1.26981
-1.27684
-1.25531
-1.21381
-1.18283
-1.1774
-1.19165
-1.21821
-1.24883
-1.27188
-1.27447
-1.24875
-1.20719
-1.18076
-1.17905
-1.19578
-1.22345
-1.25335
-1.27356
-1.27142
-1.24185
-1.20111
-1.17928
-1.18112
-1.20014
-1.22873
-1.25762
-1.27469
-1.26768
-1.23467
-1.19571
-1.1784
-1.18361
-1.20468
-1.23394
-1.26152
-1.27515
-1.26324
-1.22734
-1.19105
-1.17813
-1.18654
-1.20939
-1.23903
-1.26496
-1.27482
-1.25812
-1.22006
-1.18718
-1.17845
-1.18988
-1.21436
-1.24405
-1.26794
-1.27364
-1.25227
-1.21291
-1.18405
-1.17937
-1.19365