-0.8683
-1.11572
-1.37717
-1.50006
-1.52609
-1.50667
-1.47821
-1.46037
-1.45426
-1.45375
-1.45463
-1.45534
-1.45565
-1.45572
-1.45571
-1.45569
-1.45567
-1.45567
-1.45567
-1.45567
-1.45567
-1.45567
-1.45567
-1.45567
-1.45567
-1.45567
-1.45567
-1.45567
-1.45567
-1.45567
-1.45567
-1.45567
-1.45567
-1.45567
-1.45567
-1.45567
-1.45567
-1.45567
-1.45567
-1.45567
-1.45567
-1.45567
-1.45567
-1.45567
-1.45567
-1.45567
-1.45567
-1.45567
-1.45567
-1.45567
-1.45567
-1.45567
-1.45567
-1.45567
-1.45567
-1.45567
-1.45567
-1.45567
-1.45567
-1.45567
-1.45567
-1.45567
-1.45567
-1.45567
-1.45567
-1.45567
-1.45567
-1.45567
-1.45567
-1.45567
-1.45567
-1.45567
-1.45567
-1.45567
-1.45567
-1.45567
-1.45567
-1.45567
-1.45567
-1.45567