-0.8683
-1.10776
-1.41859
-1.63749
-1.73098
-1.7461
-1.72215
-1.67987
-1.63831
-1.60993
-1.5957
-1.59085
-1.59008
-1.59046
-1.5909
-1.59118
-1.59131
-1.59135
-1.59137
-1.59137
-1.59136
-1.59136
-1.59136
-1.59136
-1.59136
-1.59136
-1.59136
-1.59136
-1.59136
-1.59136
-1.59136
-1.59136
-1.59136
-1.59136
-1.59136
-1.59136
-1.59136
-1.59136
-1.59136
-1.59136
-1.59136
-1.59136
-1.59136
-1.59136
-1.59136
-1.59136
-1.59136
-1.59136
-1.59136
-1.59136
-1.59136
-1.59136
-1.59136
-1.59136
-1.59136
-1.59136
-1.59136
-1.59136
-1.59136
-1.59136
-1.59136
-1.59136
-1.59136
-1.59136
-1.59136
-1.59136
-1.59136
-1.59136
-1.59136
-1.59136
-1.59136
-1.59136
-1.59136
-1.59136
-1.59136
-1.59136
-1.59136
-1.59136
-1.59136
-1.59136
-1.59136
-1.59136
-1.59136
-1.59136
-1.59136
-1.59136
-1.59136
-1.59136
-1.59136
-1.59136
-1.59136
-1.59136
-1.59136
-1.59136
-1.59136
-1.59136
-1.59136
-1.59136
-1.59136
-1.59136