-0.8683
-1.11192
-1.4253
-1.63498
-1.71269
-1.71505
-1.68204
-1.63757
-1.60162
-1.58204
-1.57536
-1.57441
-1.57501
-1.57563
-1.57598
-1.57612
-1.57616
-1.57616
-1.57616
-1.57615
-1.57615
-1.57615
-1.57615
-1.57615
-1.57615
-1.57615
-1.57615
-1.57615
-1.57615
-1.57615
-1.57615
-1.57615
-1.57615
-1.57615
-1.57615
-1.57615
-1.57615
-1.57615
-1.57615
-1.57615
-1.57615
-1.57615
-1.57615
-1.57615
-1.57615
-1.57615
-1.57615
-1.57615
-1.57615
-1.57615
-1.57615
-1.57615
-1.57615
-1.57615
-1.57615
-1.57615
-1.57615
-1.57615
-1.57615
-1.57615
-1.57615
-1.57615
-1.57615
-1.57615
-1.57615
-1.57615
-1.57615
-1.57615
-1.57615
-1.57615
-1.57615
-1.57615
-1.57615
-1.57615
-1.57615
-1.57615
-1.57615
-1.57615
-1.57615
-1.57615
-1.57615
-1.57615
-1.57615
-1.57615
-1.57615
-1.57615
-1.57615
-1.57615
-1.57615
-1.57615
-1.57615
-1.57615
-1.57615
-1.57615
-1.57615
-1.57615
-1.57615
-1.57615
-1.57615
-1.57615