-0.8683
-1.09746
-1.39545
-1.62002
-1.73535
-1.75926
-1.72955
-1.67018
-1.60533
-1.56013
-1.54154
-1.53836
-1.53965
-1.54085
-1.54129
-1.54133
-1.54128
-1.54125
-1.54124
-1.54124
-1.54124
-1.54124
-1.54124
-1.54124
-1.54124
-1.54124
-1.54124
-1.54124
-1.54124
-1.54124
-1.54124
-1.54124
-1.54124
-1.54124
-1.54124
-1.54124
-1.54124
-1.54124
-1.54124
-1.54124
-1.54124
-1.54124
-1.54124
-1.54124
-1.54124
-1.54124
-1.54124
-1.54124
-1.54124
-1.54124
-1.54124
-1.54124
-1.54124
-1.54124
-1.54124
-1.54124
-1.54124
-1.54124
-1.54124
-1.54124
-1.54124
-1.54124
-1.54124
-1.54124
-1.54124
-1.54124
-1.54124
-1.54124
-1.54124
-1.54124
-1.54124
-1.54124
-1.54124
-1.54124
-1.54124
-1.54124
-1.54124
-1.54124
-1.54124
-1.54124
-1.54124
-1.54124
-1.54124
-1.54124
-1.54124
-1.54124
-1.54124
-1.54124
-1.54124
-1.54124
-1.54124
-1.54124
-1.54124
-1.54124
-1.54124
-1.54124
-1.54124
-1.54124
-1.54124
-1.54124
-1.54124
-1.54124
-1.54124
-1.54124
-1.54124
-1.54124
-1.54124
-1.54124
-1.54124
-1.54124