-0.8683
-1.08778
-1.34569
-1.51711
-1.59543
-1.61812
-1.61207
-1.59622
-1.5814
-1.57153
-1.56638
-1.56431
-1.56382
-1.56393
-1.56418
-1.56439
-1.56452
-1.56458
-1.56461
-1.56461
-1.56461
-1.56461
-1.5646
-1.5646
-1.5646
-1.5646
-1.5646
-1.5646
-1.5646
-1.5646
-1.5646
-1.5646
-1.5646
-1.5646
-1.5646
-1.5646
-1.5646
-1.5646
-1.5646
-1.5646
-1.5646
-1.5646
-1.5646
-1.5646
-1.5646
-1.5646
-1.5646
-1.5646
-1.5646
-1.5646
-1.5646
-1.5646
-1.5646
-1.5646
-1.5646
-1.5646
-1.5646
-1.5646
-1.5646
-1.5646
-1.5646
-1.5646
-1.5646
-1.5646
-1.5646
-1.5646
-1.5646
-1.5646
-1.5646
-1.5646