-0.8683
-0.896249
-0.931099
-0.972509
-1.01897
-1.06785
-1.11614
-1.161
-1.20004
-1.2315
-1.25429
-1.26808
-1.27282
-1.26915
-1.25822
-1.24157
-1.22112
-1.19867
-1.17568
-1.1532
-1.13187
-1.11201
-1.09378
-1.07715
-1.06207
-1.04845
-1.03622
-1.0253
-1.01564
-1.00722
-1.00001
-0.994031
-0.989349
-0.98606
-0.984324
-0.984337
-0.986336
-0.990626
-0.997568
-1.00754
-1.02083
-1.03755
-1.0575
-1.08016
-1.10459
-1.12947
-1.15332
-1.17475
-1.19262
-1.20601
-1.21438
-1.21762
-1.216
-1.21002
-1.20042
-1.18812
-1.17408
-1.15909
-1.14378
-1.12868
-1.11416
-1.1005
-1.08785
-1.0763
-1.06589
-1.05667
-1.04867
-1.04194
-1.03653
-1.03252