-0.8683
-0.894017
-0.929939
-0.977734
-1.03667
-1.10443
-1.17934
-1.26086
-1.3489
-1.44278
-1.54059
-1.63922
-1.7352
-1.82592
-1.91068
-1.9896
-2.06265
-2.12783
-2.18043
-2.21464
-2.22668
-2.21742
-2.19146
-2.15553
-2.116
-2.07723
-2.04133
-2.00861
-1.97892
-1.95177
-1.92666
-1.90323
-1.88118
-1.86025
-1.84027
-1.82107
-1.80256
-1.78467
-1.76732
-1.75048
-1.7341
-1.71816
-1.70263
-1.6875
-1.67277
-1.65842
-1.64443
-1.63081
-1.61755
-1.60464
-1.59208
-1.57986
-1.56798
-1.55643
-1.54521
-1.5343
-1.5237
-1.5134
-1.5034
-1.49368