-0.8683
-1.10561
-1.35105
-1.46579
-1.48561
-1.46286
-1.43588
-1.42189
-1.41866
-1.4195
-1.42069
-1.4213
-1.42145
-1.42142
-1.42138
-1.42135
-1.42134
-1.42134
-1.42134
-1.42135
-1.42135
-1.42135
-1.42135
-1.42135
-1.42135
-1.42135
-1.42135
-1.42135
-1.42135
-1.42135
-1.42135
-1.42135
-1.42135
-1.42135
-1.42135
-1.42135
-1.42135
-1.42135
-1.42135
-1.42135
-1.42135
-1.42135
-1.42135
-1.42135
-1.42135
-1.42135
-1.42135
-1.42135
-1.42135
-1.42135
-1.42135
-1.42135
-1.42135
-1.42135
-1.42135
-1.42135
-1.42135
-1.42135
-1.42135
-1.42135
-1.42135
-1.42135
-1.42135
-1.42135
-1.42135
-1.42135
-1.42135
-1.42135
-1.42135
-1.42135
-1.42135
-1.42135
-1.42135
-1.42135
-1.42135
-1.42135
-1.42135
-1.42135
-1.42135
-1.42135