-0.8683
-1.08806
-1.43109
-1.94028
-1.79536
-1.46947
-1.09383
-1.18153
-1.42118
-1.88362
-1.7414
-1.38767
-1.08544
-1.19953
-1.51206
-1.96505
-1.76029
-1.38958
-1.08406
-1.19584
-1.49697
-1.95574
-1.75853
-1.39079
-1.08413
-1.19604
-1.49782
-1.95631
-1.75865
-1.39074
-1.08413
-1.19603
-1.49775
-1.95626
-1.75864
-1.39075
-1.08413
-1.19603
-1.49776
-1.95627
-1.75864
-1.39075
-1.08413
-1.19603
-1.49776
-1.95627
-1.75864
-1.39075
-1.08413
-1.19603
-1.49776
-1.95627
-1.75864
-1.39075
-1.08413
-1.19603
-1.49776
-1.95627
-1.75864
-1.39075
-1.08413
-1.19603
-1.49776
-1.95627
-1.75864
-1.39075
-1.08413
-1.19603
-1.49776
-1.95627
-1.75864
-1.39075
-1.08413
-1.19603
-1.49776
-1.95627
-1.75864
-1.39075
-1.08413
-1.19603
-1.49776
-1.95627
-1.75864
-1.39075
-1.08413
-1.19603
-1.49776
-1.95627
-1.75864
-1.39075
-1.08413
-1.19603
-1.49776
-1.95627
-1.75864
-1.39075
-1.08413
-1.19603
-1.49776
-1.95627
-1.75864
-1.39075
-1.08413
-1.19603
-1.49776
-1.95627
-1.75864
-1.39075
-1.08413
-1.19603
-1.49776
-1.95627
-1.75864
-1.39075
-1.08413
-1.19603
-1.49776
-1.95627
-1.75864
-1.39075
-1.08413
-1.19603
-1.49776
-1.95627
-1.75864
-1.39075
-1.08413
-1.19603
-1.49776
-1.95627
-1.75864
-1.39075
-1.08413
-1.19603
-1.49776
-1.95627
-1.75864
-1.39075
-1.08413
-1.19603
-1.49776
-1.95627
-1.75864
-1.39075
-1.08413
-1.19603
-1.49776
-1.95627
-1.75864
-1.39075
-1.08413
-1.19603
-1.49776
-1.95627
-1.75864
-1.39075
-1.08413
-1.19603
-1.49776
-1.95627
-1.75864
-1.39075
-1.08413
-1.19603
-1.49776
-1.95627
-1.75864
-1.39075
-1.08413
-1.19603