-0.8683
-1.08564
-1.38122
-1.78547
-1.78419
-1.48733
-1.12085
-1.18707
-1.3528
-1.71176
-1.76245
-1.44831
-1.11019
-1.19257
-1.38952
-1.75961
-1.73099
-1.39164
-1.10785
-1.20224
-1.44135
-1.81544
-1.71244
-1.35595
-1.11318
-1.2092
-1.47042
-1.84033
-1.71156
-1.35059
-1.11433
-1.20984
-1.47238
-1.8417
-1.71134
-1.34997
-1.11445
-1.20993
-1.47271
-1.84193
-1.71133
-1.3499
-1.11447
-1.20994
-1.47274
-1.84195
-1.71132
-1.34989
-1.11447
-1.20994
-1.47274
-1.84196
-1.71132
-1.34989
-1.11447
-1.20994
-1.47274
-1.84196
-1.71132
-1.34989
-1.11447
-1.20994
-1.47274
-1.84196
-1.71132
-1.34989
-1.11447
-1.20994
-1.47274
-1.84196
-1.71132
-1.34989
-1.11447
-1.20994
-1.47274
-1.84196
-1.71132
-1.34989
-1.11447
-1.20994
-1.47274
-1.84196
-1.71132
-1.34989
-1.11447
-1.20994
-1.47274
-1.84196
-1.71132
-1.34989
-1.11447
-1.20994
-1.47274
-1.84196
-1.71132
-1.34989
-1.11447
-1.20994
-1.47274
-1.84196
-1.71132
-1.34989
-1.11447
-1.20994
-1.47274
-1.84196
-1.71132
-1.34989
-1.11447
-1.20994
-1.47274
-1.84196
-1.71132
-1.34989
-1.11447
-1.20994
-1.47274
-1.84196
-1.71132
-1.34989
-1.11447
-1.20994
-1.47274
-1.84196
-1.71132
-1.34989
-1.11447
-1.20994
-1.47274
-1.84196
-1.71132
-1.34989
-1.11447
-1.20994
-1.47274
-1.84196
-1.71132
-1.34989
-1.11447
-1.20994
-1.47274
-1.84196
-1.71132
-1.34989
-1.11447
-1.20994
-1.47274
-1.84196
-1.71132
-1.34989
-1.11447
-1.20994
-1.47274
-1.84196
-1.71132
-1.34989
-1.11447
-1.20994
-1.47274
-1.84196