-0.8683
-0.974637
-1.10318
-1.22693
-1.32825
-1.38871
-1.34737
-1.14218
-1.1599
-1.13084
-1.12585
-1.12197
-1.12403
-1.13087
-1.14207
-1.15478
-1.16458
-1.16793
-1.16423
-1.15664
-1.15001
-1.14724
-1.14824
-1.15149
-1.15512
-1.15755
-1.15798
-1.15666
-1.15462
-1.15297
-1.15235
-1.15276
-1.15374
-1.15473
-1.15531
-1.15531
-1.15487
-1.15431
-1.1539
-1.15378
-1.15393
-1.15422
-1.15449
-1.15462
-1.15459
-1.15445
-1.1543
-1.1542
-1.15418
-1.15423
-1.15432
-1.15438
-1.15441
-1.1544
-1.15436
-1.15431
-1.15429
-1.15429
-1.15431
-1.15433
-1.15435
-1.15435
-1.15435
-1.15434
-1.15432
-1.15432
-1.15432
-1.15433
-1.15433
-1.15434
-1.15434
-1.15433
-1.15433
-1.15433
-1.15433
-1.15433
-1.15433
-1.15433
-1.15433
-1.15433
-1.15433
-1.15433
-1.15433
-1.15433
-1.15433
-1.15433
-1.15433
-1.15433
-1.15433
-1.15433
-1.15433
-1.15433
-1.15433
-1.15433
-1.15433
-1.15433
-1.15433
-1.15433
-1.15433
-1.15433
-1.15433
-1.15433
-1.15433
-1.15433
-1.15433
-1.15433
-1.15433
-1.15433
-1.15433
-1.15433
-1.15433
-1.15433
-1.15433
-1.15433
-1.15433
-1.15433
-1.15433
-1.15433
-1.15433
-1.15433
-1.15433
-1.15433
-1.15433
-1.15433
-1.15433
-1.15433
-1.15433
-1.15433
-1.15433
-1.15433
-1.15433
-1.15433
-1.15433
-1.15433
-1.15433
-1.15433
-1.15433
-1.15433
-1.15433
-1.15433