-0.8683
-1.09893
-1.33632
-1.44743
-1.459
-1.4281
-1.40013
-1.39068
-1.39091
-1.39269
-1.39361
-1.3938
-1.39374
-1.39367
-1.39364
-1.39364
-1.39364
-1.39365
-1.39365
-1.39365
-1.39365
-1.39365
-1.39365
-1.39365
-1.39365
-1.39365
-1.39365
-1.39365
-1.39365
-1.39365
-1.39365
-1.39365
-1.39365
-1.39365
-1.39365
-1.39365
-1.39365
-1.39365
-1.39365
-1.39365
-1.39365
-1.39365
-1.39365
-1.39365
-1.39365
-1.39365
-1.39365
-1.39365
-1.39365
-1.39365
-1.39365
-1.39365
-1.39365
-1.39365
-1.39365
-1.39365
-1.39365
-1.39365
-1.39365
-1.39365
-1.39365
-1.39365
-1.39365
-1.39365
-1.39365
-1.39365
-1.39365
-1.39365
-1.39365
-1.39365
-1.39365
-1.39365
-1.39365
-1.39365
-1.39365
-1.39365
-1.39365
-1.39365
-1.39365
-1.39365