-0.8683
-0.88265
-0.904107
-0.932858
-0.967711
-1.00695
-1.04848
-1.09024
-1.13065
-1.16846
-1.20285
-1.23335
-1.25967
-1.28162
-1.29906
-1.31192
-1.32028
-1.32431
-1.32415
-1.32007
-1.31251
-1.30204
-1.28929
-1.27494
-1.25965
-1.24404
-1.2287
-1.21414
-1.20082
-1.18911
-1.17935
-1.17183
-1.16681
-1.16448
-1.16498
-1.16835
-1.17448
-1.18305
-1.19357
-1.20542
-1.21792
-1.23042
-1.24233
-1.25315
-1.2625
-1.27012
-1.27582
-1.27948
-1.28108
-1.28066
-1.27837
-1.2744
-1.26902
-1.26253
-1.25528
-1.24759
-1.23979
-1.23219
-1.22509
-1.21873
-1.21335
-1.20913
-1.20621
-1.20468
-1.20459
-1.20591
-1.20856
-1.21239
-1.21718
-1.22268