-0.8683
-1.11012
-1.29286
-1.4082
-1.52119
-1.63609
-1.76222
-1.90918
-2.08242
-2.26614
-2.41871
-2.48189
-2.45757
-2.41289
-2.36588
-2.31808
-2.26801
-2.21329
-2.15101
-2.07733
-1.98705
-1.87456
-1.73807
-1.59043
-1.46521
-1.3876
-1.35399
-1.35313
-1.36303
-1.33231
-1.2717
-1.29835
-1.43738
-1.61184
-1.75973
-1.91673
-2.09077
-2.26052
-2.38504
-2.41164
-2.3699
-2.3171
-2.26162
-2.2018
-2.13402
-2.05375
-1.9553
-1.83324
-1.68889
-1.54331
-1.43302
-1.37207
-1.35253
-1.35923
-1.35762
-1.30151
-1.27191
-1.34316
-1.52027
-1.67681
-1.82616
-1.99115
-2.16786
-2.32382
-2.41187
-2.3979
-2.34865
-2.29485
-2.23801
-2.17555
-2.10335
-2.01642
-1.90886
-1.7767
-1.62795
-1.4927
-1.40258
-1.35972
-1.35302
-1.36277
-1.34151
-1.27743
-1.28842
-1.40914
-1.58847
-1.73734
-1.89186
-2.06406
-2.23691
-2.3714
-2.41453
-2.37757
-2.32541
-2.27042
-2.21148
-2.14521
-2.06724
-1.97195
-1.8537
-1.71211
-1.56436
-1.44674
-1.37865
-1.35347
-1.3576
-1.36085
-1.31285
-1.26922
-1.32388
-1.49158
-1.65362
-1.80178
-1.96375
-2.14015
-2.30196
-2.40451
-2.40337
-2.35602
-2.30248
-2.24612
-2.1846
-2.11397
-2.02938
-1.925
-1.79619
-1.64836
-1.50895
-1.41184
-1.36306
-1.35232
-1.36177
-1.34836
-1.28411
-1.28127
-1.38455
-1.56657
-1.71701
-1.86946
-2.0396
-2.21468
-2.3574
-2.41635
-2.38547
-2.33412
-2.27967
-2.22164
-2.15694
-2.08131
-1.98932
-1.87514