-0.8683
-1.08432
-1.36661
-1.74149
-1.79189
-1.51108
-1.13459
-1.18617
-1.32535
-1.65714
-1.79197
-1.52018
-1.13868
-1.1851
-1.31978
-1.64935
-1.79772
-1.53254
-1.14575
-1.18313
-1.31005
-1.63551
-1.80725
-1.55396
-1.16022
-1.17914
-1.29354
-1.6115
-1.82255
-1.59131
-1.19175
-1.17001
-1.26727
-1.57207
-1.84011
-1.64522
-1.25127
-1.14968
-1.23693
-1.52369
-1.84299
-1.68956
-1.31596
-1.12839
-1.21718
-1.48189
-1.8259
-1.70653
-1.34674
-1.12034
-1.21091
-1.46257
-1.8123
-1.71024
-1.355
-1.11865
-1.20954
-1.45761
-1.80836
-1.71112
-1.35702
-1.11824
-1.20921
-1.45637
-1.80735
-1.71135
-1.35753
-1.11813
-1.20912
-1.45605
-1.80708
-1.7114
-1.35767
-1.11811
-1.2091
-1.45597
-1.80701
-1.71142
-1.3577
-1.1181
-1.2091
-1.45595
-1.807
-1.71142
-1.35771
-1.1181
-1.20909
-1.45594
-1.80699
-1.71142
-1.35771
-1.1181
-1.20909
-1.45594
-1.80699
-1.71142
-1.35771
-1.1181
-1.20909
-1.45594
-1.80699
-1.71142
-1.35771
-1.1181
-1.20909
-1.45594
-1.80699
-1.71142
-1.35771
-1.1181
-1.20909
-1.45594
-1.80699
-1.71142
-1.35771
-1.1181
-1.20909
-1.45594
-1.80699
-1.71142
-1.35771
-1.1181
-1.20909
-1.45594
-1.80699
-1.71142
-1.35771
-1.1181
-1.20909
-1.45594
-1.80699
-1.71142
-1.35771
-1.1181
-1.20909
-1.45594
-1.80699
-1.71142
-1.35771
-1.1181
-1.20909
-1.45594
-1.80699
-1.71142
-1.35771
-1.1181
-1.20909
-1.45594
-1.80699
-1.71142
-1.35771
-1.1181
-1.20909
-1.45594
-1.80699
-1.71142
-1.35771
-1.1181
-1.20909
-1.45594