-0.8683
-1.11506
-1.42848
-1.62656
-1.68876
-1.67907
-1.63914
-1.59596
-1.56791
-1.55714
-1.55523
-1.55593
-1.55677
-1.55723
-1.55739
-1.55742
-1.55741
-1.5574
-1.55739
-1.55739
-1.55739
-1.55739
-1.55739
-1.55739
-1.55739
-1.55739
-1.55739
-1.55739
-1.55739
-1.55739
-1.55739
-1.55739
-1.55739
-1.55739
-1.55739
-1.55739
-1.55739
-1.55739
-1.55739
-1.55739
-1.55739
-1.55739
-1.55739
-1.55739
-1.55739
-1.55739
-1.55739
-1.55739
-1.55739
-1.55739
-1.55739
-1.55739
-1.55739
-1.55739
-1.55739
-1.55739
-1.55739
-1.55739
-1.55739
-1.55739
-1.55739
-1.55739
-1.55739
-1.55739
-1.55739
-1.55739
-1.55739
-1.55739
-1.55739
-1.55739
-1.55739
-1.55739
-1.55739
-1.55739
-1.55739
-1.55739
-1.55739
-1.55739
-1.55739
-1.55739
-1.55739
-1.55739
-1.55739
-1.55739
-1.55739
-1.55739
-1.55739
-1.55739
-1.55739
-1.55739
-1.55739
-1.55739
-1.55739
-1.55739
-1.55739
-1.55739
-1.55739
-1.55739
-1.55739
-1.55739