-0.8683
-0.875167
-0.888513
-0.909503
-0.936473
-0.966594
-0.998264
-1.03101
-1.06498
-1.10057
-1.13813
-1.17813
-1.22095
-1.26707
-1.31676
-1.37024
-1.42732
-1.48755
-1.54992
-1.61318
-1.67591
-1.73686
-1.79526
-1.85079
-1.90364
-1.95449
-2.00395
-2.05268
-2.10107
-2.14877
-2.19412
-2.23401
-2.26404
-2.28038
-2.28091
-2.26584
-2.23725
-2.19837
-2.15331
-2.10565
-2.05752
-2.01015
-1.96384
-1.91873
-1.87483
-1.8323
-1.79119
-1.75172
-1.71401
-1.67816
-1.64432
-1.61248
-1.58265
-1.55481
-1.52888
-1.50478
-1.48241
-1.46169
-1.44251
-1.42476