-1.3854
-1.13327
-0.979323
-0.968245
-0.994093
-1.03495
-1.08733
-1.14934
-1.21608
-1.28009
-1.34259
-1.4167
-1.51413
-1.63332
-1.76097
-1.87694
-1.95928
-1.98769
-1.93352
-1.77411
-1.62826
-1.5359
-1.44627
-1.36449
-1.29504
-1.25341
-1.25033
-1.28671
-1.35822
-1.44621
-1.48652
-1.43957
-1.36913
-1.30505
-1.26492
-1.25931
-1.29047
-1.35487
-1.43412
-1.47301
-1.43421
-1.3686
-1.30741
-1.26899
-1.2636
-1.29368
-1.35583
-1.43106
-1.46703
-1.43001
-1.36659
-1.30722
-1.27041
-1.26607
-1.29654
-1.35823
-1.43117
-1.4639
-1.42639
-1.36398
-1.30593
-1.27068
-1.26775
-1.29925
-1.36129
-1.43267
-1.46199
-1.42304
-1.36107
-1.30413
-1.27042
-1.26906
-1.30192
-1.3647
-1.43483
-1.46061
-1.4198
-1.358
-1.30208
-1.26992
-1.27021
-1.3046
-1.36832
-1.43729
-1.45942
-1.4166
-1.35484
-1.29993
-1.26933
-1.27132
-1.30732
-1.37206
-1.43986
-1.45827
-1.41339
-1.35161
-1.29772
-1.2687
-1.27243
-1.31012
-1.37589
-1.44246
-1.45707
-1.41015
-1.34833
-1.2955
-1.26809
-1.2736
-1.31298
-1.37978
-1.445
-1.45573
-1.40688
-1.34505
-1.29334
-1.26755
-1.27485
-1.31593
-1.3837
-1.44741
-1.4542
-1.40359
-1.34179
-1.29123
-1.2671
-1.27622
-1.31898
-1.38763
-1.44965
-1.45246
-1.40025
-1.33854
-1.28917
-1.26675
-1.27771
-1.32216
-1.3916
-1.45171
-1.45051
-1.39684