-1.3854
-1.20366
-1.14135
-1.21282
-1.2806
-1.31879
-1.33155
-1.33059
-1.32702
-1.32515
-1.32476
-1.32487
-1.32501
-1.32507
-1.32508
-1.32507
-1.32507
-1.32506
-1.32506
-1.32506
-1.32506
-1.32506
-1.32506
-1.32506
-1.32506
-1.32506
-1.32506
-1.32506
-1.32506
-1.32506
-1.32506
-1.32506
-1.32506
-1.32506
-1.32506
-1.32506
-1.32506
-1.32506
-1.32506
-1.32506
-1.32506
-1.32506
-1.32506
-1.32506
-1.32506
-1.32506
-1.32506
-1.32506
-1.32506
-1.32506
-1.32506
-1.32506
-1.32506
-1.32506
-1.32506
-1.32506
-1.32506
-1.32506
-1.32506
-1.32506
-1.32506
-1.32506
-1.32506
-1.32506
-1.32506
-1.32506
-1.32506
-1.32506
-1.32506
-1.32506
-1.32506
-1.32506
-1.32506
-1.32506
-1.32506
-1.32506
-1.32506
-1.32506
-1.32506
-1.32506
-1.32506
-1.32506
-1.32506
-1.32506
-1.32506
-1.32506
-1.32506
-1.32506
-1.32506
-1.32506