-1.3854
-1.11765
-0.991632
-1.02019
-1.06347
-1.09989
-1.1291
-1.15453
-1.17756
-1.19928
-1.22054
-1.24205
-1.26448
-1.28868
-1.3162
-1.34901
-1.38882
-1.43719
-1.49438
-1.55016
-1.58712
-1.59561
-1.59166
-1.58894
-1.58859
-1.58885
-1.58899
-1.589
-1.58899
-1.58898
-1.58898
-1.58898
-1.58898
-1.58898
-1.58898
-1.58898
-1.58898
-1.58898
-1.58898
-1.58898
-1.58898
-1.58898
-1.58898
-1.58898
-1.58898
-1.58898
-1.58898
-1.58898
-1.58898
-1.58898
-1.58898
-1.58898
-1.58898
-1.58898
-1.58898
-1.58898
-1.58898
-1.58898
-1.58898
-1.58898
-1.58898
-1.58898
-1.58898
-1.58898
-1.58898
-1.58898
-1.58898
-1.58898
-1.58898
-1.58898
-1.58898
-1.58898
-1.58898
-1.58898
-1.58898
-1.58898
-1.58898
-1.58898
-1.58898
-1.58898
-1.58898
-1.58898
-1.58898
-1.58898
-1.58898
-1.58898
-1.58898
-1.58898
-1.58898
-1.58898
-1.58898
-1.58898
-1.58898
-1.58898
-1.58898
-1.58898
-1.58898
-1.58898
-1.58898
-1.58898
-1.58898
-1.58898
-1.58898
-1.58898
-1.58898
-1.58898
-1.58898
-1.58898
-1.58898
-1.58898
-1.58898
-1.58898
-1.58898
-1.58898
-1.58898
-1.58898
-1.58898
-1.58898
-1.58898
-1.58898