-1.3854
-1.10277
-0.959794
-0.971352
-0.998247
-1.02415
-1.04631
-1.0654
-1.0828
-1.09894
-1.11393
-1.1278
-1.14063
-1.15247
-1.16345
-1.17368
-1.18332
-1.19255
-1.20155
-1.21051
-1.21963
-1.22912
-1.23923
-1.25021
-1.26239
-1.27616
-1.29221
-1.31148
-1.3351
-1.36472
-1.40183
-1.4474
-1.49711
-1.54019
-1.56246
-1.56482
-1.56141
-1.55947
-1.55918
-1.55939
-1.55954
-1.55957
-1.55956
-1.55955
-1.55954
-1.55954
-1.55954
-1.55954
-1.55954
-1.55954
-1.55954
-1.55954
-1.55954
-1.55954
-1.55954
-1.55954
-1.55954
-1.55954
-1.55954
-1.55954
-1.55954
-1.55954
-1.55954
-1.55954
-1.55954
-1.55954
-1.55954
-1.55954
-1.55954
-1.55954
-1.55954
-1.55954
-1.55954
-1.55954
-1.55954
-1.55954
-1.55954
-1.55954
-1.55954
-1.55954
-1.55954
-1.55954
-1.55954
-1.55954
-1.55954
-1.55954
-1.55954
-1.55954
-1.55954
-1.55954
-1.55954
-1.55954
-1.55954
-1.55954
-1.55954
-1.55954
-1.55954
-1.55954
-1.55954
-1.55954
-1.55954
-1.55954
-1.55954
-1.55954
-1.55954
-1.55954
-1.55954
-1.55954
-1.55954
-1.55954
-1.55954
-1.55954
-1.55954
-1.55954
-1.55954
-1.55954
-1.55954
-1.55954
-1.55954
-1.55954
-1.55954
-1.55954
-1.55954
-1.55954
-1.55954
-1.55954
-1.55954
-1.55954
-1.55954
-1.55954