-1.3854
-1.16756
-1.09552
-1.19582
-1.30827
-1.39515
-1.45535
-1.49166
-1.50846
-1.51184
-1.50943
-1.50685
-1.50572
-1.50549
-1.50556
-1.50563
-1.50566
-1.50567
-1.50567
-1.50566
-1.50566
-1.50566
-1.50566
-1.50566
-1.50566
-1.50566
-1.50566
-1.50566
-1.50566
-1.50566
-1.50566
-1.50566
-1.50566
-1.50566
-1.50566
-1.50566
-1.50566
-1.50566
-1.50566
-1.50566
-1.50566
-1.50566
-1.50566
-1.50566
-1.50566
-1.50566
-1.50566
-1.50566
-1.50566
-1.50566
-1.50566
-1.50566
-1.50566
-1.50566
-1.50566
-1.50566
-1.50566
-1.50566
-1.50566
-1.50566
-1.50566
-1.50566
-1.50566
-1.50566
-1.50566
-1.50566
-1.50566
-1.50566
-1.50566
-1.50566
-1.50566
-1.50566
-1.50566
-1.50566
-1.50566
-1.50566
-1.50566
-1.50566
-1.50566
-1.50566
-1.50566
-1.50566
-1.50566
-1.50566
-1.50566
-1.50566
-1.50566
-1.50566
-1.50566
-1.50566
-1.50566
-1.50566
-1.50566
-1.50566
-1.50566
-1.50566
-1.50566
-1.50566
-1.50566
-1.50566
-1.50566
-1.50566
-1.50566
-1.50566
-1.50566
-1.50566
-1.50566
-1.50566
-1.50566
-1.50566