-1.3854
-1.16972
-1.09766
-1.19108
-1.2861
-1.35657
-1.40496
-1.43386
-1.44789
-1.45298
-1.45379
-1.45289
-1.45192
-1.45133
-1.45105
-1.45094
-1.45091
-1.45091
-1.45092
-1.45092
-1.45092
-1.45092
-1.45092
-1.45092
-1.45092
-1.45092
-1.45092
-1.45092
-1.45092
-1.45092
-1.45092
-1.45092
-1.45092
-1.45092
-1.45092
-1.45092
-1.45092
-1.45092
-1.45092
-1.45092
-1.45092
-1.45092
-1.45092
-1.45092
-1.45092
-1.45092
-1.45092
-1.45092
-1.45092
-1.45092
-1.45092
-1.45092
-1.45092
-1.45092
-1.45092
-1.45092
-1.45092
-1.45092
-1.45092
-1.45092
-1.45092
-1.45092
-1.45092
-1.45092
-1.45092
-1.45092
-1.45092
-1.45092
-1.45092
-1.45092
-1.45092
-1.45092
-1.45092
-1.45092
-1.45092
-1.45092
-1.45092
-1.45092
-1.45092
-1.45092
-1.45092
-1.45092
-1.45092
-1.45092
-1.45092
-1.45092
-1.45092
-1.45092
-1.45092
-1.45092
-1.45092
-1.45092
-1.45092
-1.45092
-1.45092
-1.45092
-1.45092
-1.45092
-1.45092
-1.45092