-1.3854
-1.16898
-1.09628
-1.18928
-1.28438
-1.35521
-1.40422
-1.4339
-1.44868
-1.45424
-1.45538
-1.45464
-1.4537
-1.4531
-1.4528
-1.45268
-1.45264
-1.45264
-1.45264
-1.45265
-1.45265
-1.45265
-1.45265
-1.45265
-1.45265
-1.45265
-1.45265
-1.45265
-1.45265
-1.45265
-1.45265
-1.45265
-1.45265
-1.45265
-1.45265
-1.45265
-1.45265
-1.45265
-1.45265
-1.45265
-1.45265
-1.45265
-1.45265
-1.45265
-1.45265
-1.45265
-1.45265
-1.45265
-1.45265
-1.45265
-1.45265
-1.45265
-1.45265
-1.45265
-1.45265
-1.45265
-1.45265
-1.45265
-1.45265
-1.45265
-1.45265
-1.45265
-1.45265
-1.45265
-1.45265
-1.45265
-1.45265
-1.45265
-1.45265
-1.45265
-1.45265
-1.45265
-1.45265
-1.45265
-1.45265
-1.45265
-1.45265
-1.45265
-1.45265
-1.45265
-1.45265
-1.45265
-1.45265
-1.45265
-1.45265
-1.45265
-1.45265
-1.45265
-1.45265
-1.45265
-1.45265
-1.45265
-1.45265
-1.45265
-1.45265
-1.45265
-1.45265
-1.45265
-1.45265
-1.45265