-1.3854
-1.10366
-0.962417
-0.975318
-1.00274
-1.02817
-1.04928
-1.06699
-1.08275
-1.09709
-1.11019
-1.12214
-1.13307
-1.14308
-1.1523
-1.16087
-1.16891
-1.17655
-1.18393
-1.19118
-1.19844
-1.20584
-1.2135
-1.22156
-1.2302
-1.23959
-1.24996
-1.26157
-1.27476
-1.29012
-1.30848
-1.33099
-1.35912
-1.39408
-1.437
-1.48524
-1.53056
-1.56044
-1.56971
-1.56867
-1.56675
-1.56609
-1.56609
-1.56618
-1.56623
-1.56623
-1.56623
-1.56622
-1.56622
-1.56622
-1.56622
-1.56622
-1.56622
-1.56622
-1.56622
-1.56622
-1.56622
-1.56622
-1.56622
-1.56622
-1.56622
-1.56622
-1.56622
-1.56622
-1.56622
-1.56622
-1.56622
-1.56622
-1.56622
-1.56622
-1.56622
-1.56622
-1.56622
-1.56622
-1.56622
-1.56622
-1.56622
-1.56622
-1.56622
-1.56622
-1.56622
-1.56622
-1.56622
-1.56622
-1.56622
-1.56622
-1.56622
-1.56622
-1.56622
-1.56622
-1.56622
-1.56622
-1.56622
-1.56622
-1.56622
-1.56622
-1.56622
-1.56622
-1.56622
-1.56622
-1.56622
-1.56622
-1.56622
-1.56622
-1.56622
-1.56622
-1.56622
-1.56622
-1.56622
-1.56622
-1.56622
-1.56622
-1.56622
-1.56622
-1.56622
-1.56622
-1.56622
-1.56622
-1.56622
-1.56622
-1.56622
-1.56622
-1.56622
-1.56622
-1.56622
-1.56622
-1.56622
-1.56622
-1.56622
-1.56622