-1.3854
-1.10291
-0.960216
-0.971854
-0.998478
-1.02375
-1.04511
-1.06333
-1.0798
-1.09499
-1.10903
-1.12197
-1.13386
-1.1448
-1.15487
-1.1642
-1.17289
-1.1811
-1.18897
-1.19666
-1.2043
-1.21205
-1.22006
-1.22849
-1.23754
-1.24742
-1.25839
-1.27077
-1.28507
-1.30208
-1.32276
-1.34853
-1.38088
-1.42122
-1.46881
-1.51671
-1.55216
-1.56537
-1.56452
-1.56172
-1.56062
-1.56059
-1.56076
-1.56085
-1.56086
-1.56085
-1.56084
-1.56084
-1.56084
-1.56084
-1.56084
-1.56084
-1.56084
-1.56084
-1.56084
-1.56084
-1.56084
-1.56084
-1.56084
-1.56084
-1.56084
-1.56084
-1.56084
-1.56084
-1.56084
-1.56084
-1.56084
-1.56084
-1.56084
-1.56084
-1.56084
-1.56084
-1.56084
-1.56084
-1.56084
-1.56084
-1.56084
-1.56084
-1.56084
-1.56084
-1.56084
-1.56084
-1.56084
-1.56084
-1.56084
-1.56084
-1.56084
-1.56084
-1.56084
-1.56084
-1.56084
-1.56084
-1.56084
-1.56084
-1.56084
-1.56084
-1.56084
-1.56084
-1.56084
-1.56084
-1.56084
-1.56084
-1.56084
-1.56084
-1.56084
-1.56084
-1.56084
-1.56084
-1.56084
-1.56084
-1.56084
-1.56084
-1.56084
-1.56084
-1.56084
-1.56084
-1.56084
-1.56084
-1.56084
-1.56084
-1.56084
-1.56084
-1.56084
-1.56084
-1.56084
-1.56084
-1.56084
-1.56084
-1.56084
-1.56084