-1.3854
-0.855992
-0.917825
-1.23565
-1.65285
-1.66328
-1.66425
-1.61533
-1.26118
-0.927333
-1.48372
-1.59794
-1.6421
-1.66069
-1.51245
-1.07402
-1.0543
-1.63792
-1.66528
-1.66475
-1.66011
-1.47859
-1.03086
-1.11369
-1.64921
-1.67191
-1.66738
-1.6572
-1.44407
-0.994336
-1.17476
-1.65076
-1.66864
-1.66583
-1.64977
-1.39091
-0.953758
-1.26954
-1.64143
-1.65632
-1.66271
-1.6172
-1.26738
-0.926512
-1.47526
-1.59793
-1.64198
-1.66076
-1.51407
-1.07622
-1.05167
-1.63718
-1.66472
-1.6645
-1.66016
-1.47952
-1.03195
-1.11201
-1.64906
-1.67189
-1.66738
-1.65732
-1.44522
-0.995437
-1.17281
-1.6508
-1.66883
-1.6659
-1.65015
-1.39303
-0.955015
-1.26558
-1.64214
-1.6569
-1.66276
-1.61922
-1.2732
-0.925754
-1.46681
-1.59827
-1.64192
-1.66084
-1.51584
-1.07863
-1.04883
-1.63635
-1.66408
-1.66422
-1.66021
-1.48046
-1.03306
-1.11029
-1.6489
-1.67186
-1.66738
-1.65744
-1.44639
-0.996557
-1.17084
-1.65083
-1.66901
-1.66597
-1.65051
-1.39516
-0.956304
-1.26161
-1.64281
-1.65747
-1.66282
-1.62118
-1.27897
-0.925214
-1.45816
-1.59894
-1.6419
-1.66093
-1.51791
-1.08145
-1.04553
-1.63535
-1.6633
-1.66388
-1.66026
-1.4815
-1.03429
-1.10841
-1.64871
-1.67182
-1.66738
-1.65758
-1.44765
-0.997788
-1.16868
-1.65085
-1.6692
-1.66605
-1.6509
-1.39747
-0.957732
-1.25733
-1.64349
-1.65807
-1.66289
-1.6232
-1.28511
-0.924868
-1.4487
-1.59999
-1.64193
-1.66103
-1.52043
-1.08495
-1.04152
-1.63408
-1.6623
-1.66344
-1.66031
-1.48269
-1.0357
-1.10627
-1.64848
-1.67176
-1.66737
-1.65772
-1.44909
-0.999193
-1.16622
-1.65086
-1.66942
-1.66613
-1.65132
-1.40005
-0.959377
-1.25253
-1.6442
-1.65874
-1.66299
-1.62536
-1.2919
-0.924762