-1.3854
-1.18812
-1.12874
-1.22423
-1.3097
-1.36389
-1.39127
-1.4
-1.39993
-1.39769
-1.39611
-1.3955
-1.3954
-1.39545
-1.39549
-1.39552
-1.39552
-1.39552
-1.39552
-1.39552
-1.39552
-1.39552
-1.39552
-1.39552
-1.39552
-1.39552
-1.39552
-1.39552
-1.39552
-1.39552
-1.39552
-1.39552
-1.39552
-1.39552
-1.39552
-1.39552
-1.39552
-1.39552
-1.39552
-1.39552
-1.39552
-1.39552
-1.39552
-1.39552
-1.39552
-1.39552
-1.39552
-1.39552
-1.39552
-1.39552
-1.39552
-1.39552
-1.39552
-1.39552
-1.39552
-1.39552
-1.39552
-1.39552
-1.39552
-1.39552
-1.39552
-1.39552
-1.39552
-1.39552
-1.39552
-1.39552
-1.39552
-1.39552
-1.39552
-1.39552
-1.39552
-1.39552
-1.39552
-1.39552
-1.39552
-1.39552
-1.39552
-1.39552
-1.39552
-1.39552
-1.39552
-1.39552
-1.39552
-1.39552
-1.39552
-1.39552
-1.39552
-1.39552
-1.39552
-1.39552
-1.39552
-1.39552
-1.39552
-1.39552
-1.39552
-1.39552
-1.39552
-1.39552
-1.39552
-1.39552