-1.3854
-0.897753
-0.898417
-1.17698
-1.68145
-1.7538
-1.76759
-1.55968
-1.17719
-0.972633
-1.51818
-1.70173
-1.76852
-1.68438
-1.34082
-1.00284
-1.29027
-1.72683
-1.77376
-1.74962
-1.4753
-1.10058
-1.0617
-1.63261
-1.72713
-1.77355
-1.67508
-1.32587
-0.993283
-1.31468
-1.72739
-1.77411
-1.73982
-1.44782
-1.08017
-1.10408
-1.66473
-1.74287
-1.77627
-1.65559
-1.29675
-0.976389
-1.35931
-1.72493
-1.77343
-1.72103
-1.4048
-1.04912
-1.17715
-1.70261
-1.76257
-1.77509
-1.60077
-1.22477
-0.958873
-1.45501
-1.70828
-1.76953
-1.69008
-1.34984
-1.0087
-1.27517
-1.72584
-1.77329
-1.755
-1.49235
-1.11476
-1.03793
-1.61083
-1.71813
-1.77168
-1.68094
-1.33511
-0.99914
-1.29968
-1.7272
-1.77396
-1.74597
-1.46459
-1.09234
-1.07774
-1.64581
-1.73333
-1.77475
-1.66884
-1.31634
-0.987438
-1.32976
-1.72714
-1.7741
-1.73343
-1.43189
-1.06916
-1.13001
-1.68017
-1.75094
-1.77694
-1.63974
-1.27443
-0.966236
-1.39023
-1.72024
-1.77199
-1.70839
-1.38082
-1.03065
-1.22015
-1.71717
-1.76955
-1.76885
-1.55526
-1.1725
-0.975311
-1.5245
-1.70161
-1.76849
-1.68457
-1.34113
-1.00304
-1.28975
-1.72681
-1.77375
-1.74981
-1.47588
-1.10105
-1.06084
-1.63188
-1.7268
-1.77348
-1.67535
-1.3263
-0.993551
-1.314
-1.72739
-1.77411
-1.74011
-1.44857
-1.0807
-1.10288
-1.66394
-1.74246
-1.77622
-1.65626
-1.29771
-0.976893
-1.35791
-1.72509
-1.77348
-1.72162
-1.40599
-1.05005
-1.17504
-1.70173
-1.76213
-1.77528
-1.6028
-1.22725
-0.95872
-1.45173
-1.70877
-1.76961
-1.69073
-1.35088
-1.00939
-1.2734
-1.72569
-1.77323
-1.75558
-1.49434
-1.1165
-1.03534
-1.60824
-1.71717
-1.77148
-1.68139
-1.33582
-0.9996
-1.2985
-1.72716
-1.77394