-1.3854
-1.13375
-1.02562
-1.08052
-1.16083
-1.2383
-1.3109
-1.38119
-1.45193
-1.5238
-1.58814
-1.62177
-1.62039
-1.61158
-1.60917
-1.6098
-1.61035
-1.61041
-1.61035
-1.61032
-1.61032
-1.61032
-1.61032
-1.61032
-1.61032
-1.61032
-1.61032
-1.61032
-1.61032
-1.61032
-1.61032
-1.61032
-1.61032
-1.61032
-1.61032
-1.61032
-1.61032
-1.61032
-1.61032
-1.61032
-1.61032
-1.61032
-1.61032
-1.61032
-1.61032
-1.61032
-1.61032
-1.61032
-1.61032
-1.61032
-1.61032
-1.61032
-1.61032
-1.61032
-1.61032
-1.61032
-1.61032
-1.61032
-1.61032
-1.61032
-1.61032
-1.61032
-1.61032
-1.61032
-1.61032
-1.61032
-1.61032
-1.61032
-1.61032
-1.61032
-1.61032
-1.61032
-1.61032
-1.61032
-1.61032
-1.61032
-1.61032
-1.61032
-1.61032
-1.61032
-1.61032
-1.61032
-1.61032
-1.61032
-1.61032
-1.61032
-1.61032
-1.61032
-1.61032
-1.61032
-1.61032
-1.61032
-1.61032
-1.61032
-1.61032
-1.61032
-1.61032
-1.61032
-1.61032
-1.61032
-1.61032
-1.61032
-1.61032
-1.61032
-1.61032
-1.61032
-1.61032
-1.61032
-1.61032
-1.61032
-1.61032
-1.61032
-1.61032
-1.61032
-1.61032
-1.61032
-1.61032
-1.61032
-1.61032
-1.61032