-1.3854
-1.1328
-0.995928
-1.02271
-1.11243
-1.2694
-1.51875
-1.69221
-1.55842
-1.53758
-1.46963
-1.41034
-1.35292
-1.30747
-1.28734
-1.29898
-1.33674
-1.37711
-1.38917
-1.37069
-1.34072
-1.31696
-1.3092
-1.32029
-1.34336
-1.36272
-1.36542
-1.35316
-1.33619
-1.32444
-1.32307
-1.33195
-1.34507
-1.35357
-1.35268
-1.34473
-1.3356
-1.33042
-1.33147
-1.33749
-1.34434
-1.34766
-1.34595
-1.34113
-1.33647
-1.33453
-1.33604
-1.33971
-1.34306
-1.34412
-1.3426
-1.33982
-1.33757
-1.33705
-1.33832
-1.34041
-1.34196
-1.34212
-1.34102
-1.33949
-1.33847
-1.33849
-1.33938
-1.3405
-1.34116
-1.34104
-1.34032
-1.33951
-1.3391
-1.33927
-1.33983
-1.34041
-1.34065
-1.34048
-1.34004
-1.33964
-1.3395
-1.33967
-1.34
-1.34028
-1.34035
-1.3402
-1.33995
-1.33976
-1.33973
-1.33986
-1.34004
-1.34017
-1.34017
-1.34007
-1.33993
-1.33985
-1.33986
-1.33994
-1.34004
-1.34009
-1.34008
-1.34001
-1.33994
-1.33991
-1.33993
-1.33998
-1.34003
-1.34005
-1.34003
-1.33999
-1.33995
-1.33994
-1.33996
-1.33999
-1.34002
-1.34002
-1.34
-1.33998
-1.33997
-1.33997
-1.33998
-1.33999
-1.34
-1.34
-1.33999
-1.33998
-1.33998
-1.33998
-1.33999
-1.33999
-1.34
-1.34
-1.33999
-1.33998
-1.33998
-1.33998
-1.33999
-1.33999
-1.33999
-1.33999
-1.33999
-1.33998
-1.33998
-1.33999
-1.33999
-1.33999
-1.33999
-1.33999
-1.33999
-1.33999
-1.33999
-1.33999
-1.33999
-1.33999