-1.3854
-1.18954
-1.12979
-1.22245
-1.30512
-1.35713
-1.38292
-1.39079
-1.39046
-1.38818
-1.38663
-1.38604
-1.38595
-1.38601
-1.38606
-1.38609
-1.38609
-1.38609
-1.38609
-1.38609
-1.38609
-1.38609
-1.38609
-1.38609
-1.38609
-1.38609
-1.38609
-1.38609
-1.38609
-1.38609
-1.38609
-1.38609
-1.38609
-1.38609
-1.38609
-1.38609
-1.38609
-1.38609
-1.38609
-1.38609
-1.38609
-1.38609
-1.38609
-1.38609
-1.38609
-1.38609
-1.38609
-1.38609
-1.38609
-1.38609
-1.38609
-1.38609
-1.38609
-1.38609
-1.38609
-1.38609
-1.38609
-1.38609
-1.38609
-1.38609
-1.38609
-1.38609
-1.38609
-1.38609
-1.38609
-1.38609
-1.38609
-1.38609
-1.38609
-1.38609
-1.38609
-1.38609
-1.38609
-1.38609
-1.38609
-1.38609
-1.38609
-1.38609
-1.38609
-1.38609
-1.38609
-1.38609
-1.38609
-1.38609
-1.38609
-1.38609
-1.38609
-1.38609
-1.38609
-1.38609