-1.3854
-1.02922
-0.883768
-0.927544
-0.996088
-1.1041
-1.27277
-1.51381
-1.77375
-1.84136
-1.66421
-1.59189
-1.44637
-1.31998
-1.20739
-1.1696
-1.22679
-1.36879
-1.56699
-1.60189
-1.42682
-1.30675
-1.20277
-1.17628
-1.24188
-1.39017
-1.58145
-1.57218
-1.40595
-1.27909
-1.18495
-1.17988
-1.26575
-1.43215
-1.61566
-1.53671
-1.39242
-1.26086
-1.17392
-1.18227
-1.281
-1.45959
-1.63397
-1.51944
-1.39
-1.25806
-1.17253
-1.18295
-1.2836
-1.46396
-1.63615
-1.51635
-1.38932
-1.25752
-1.17242
-1.18329
-1.28432
-1.46496
-1.63632
-1.51526
-1.38875
-1.25704
-1.1723
-1.18356
-1.28493
-1.46583
-1.63651
-1.51438
-1.38832
-1.25669
-1.17221
-1.18377
-1.28538
-1.46647
-1.63663
-1.51372
-1.38799
-1.25642
-1.17215
-1.18393
-1.28574
-1.46698
-1.63673
-1.5132
-1.38773
-1.2562
-1.1721
-1.18406
-1.28602
-1.46737
-1.6368
-1.51279
-1.38751
-1.25603
-1.17206
-1.18416
-1.28625
-1.46769
-1.63685
-1.51246
-1.38734
-1.25589
-1.17203
-1.18425
-1.28643
-1.46795
-1.63689
-1.51219
-1.3872
-1.25578
-1.172
-1.18432
-1.28659
-1.46817
-1.63693
-1.51196
-1.38708
-1.25568
-1.17198
-1.18438
-1.28671
-1.46834
-1.63696
-1.51178
-1.38698
-1.2556
-1.17197
-1.18443
-1.28682
-1.46849
-1.63698
-1.51162
-1.3869
-1.25554
-1.17195
-1.18447
-1.2869
-1.46861
-1.637
-1.51149
-1.38683
-1.25548
-1.17194
-1.1845
-1.28698
-1.46871
-1.63701
-1.51139
-1.38677
-1.25544