-1.3854
-1.09669
-0.935362
-0.92808
-0.937015
-0.944533
-0.947258
-0.948508
-0.95403
-0.967343
-0.989245
-1.01979
-1.05883
-1.10597
-1.16118
-1.22339
-1.29054
-1.35999
-1.42807
-1.49055
-1.5429
-1.58005
-1.59782
-1.5972
-1.59525
-1.61438
-1.57194
-1.49573
-1.46297
-1.46347
-1.48167
-1.5
-1.50629
-1.50097
-1.493
-1.48884
-1.4894
-1.49225
-1.49456
-1.49503
-1.49416
-1.49311
-1.49265
-1.49282
-1.49323
-1.49351
-1.49353
-1.49339
-1.49326
-1.49321
-1.49325
-1.4933
-1.49334
-1.49333
-1.49331
-1.49329
-1.49329
-1.4933
-1.4933
-1.49331
-1.49331
-1.4933
-1.4933
-1.4933
-1.4933
-1.4933
-1.4933
-1.4933
-1.4933
-1.4933
-1.4933
-1.4933
-1.4933
-1.4933
-1.4933
-1.4933
-1.4933
-1.4933
-1.4933
-1.4933
-1.4933
-1.4933
-1.4933
-1.4933
-1.4933
-1.4933
-1.4933
-1.4933
-1.4933
-1.4933
-1.4933
-1.4933
-1.4933
-1.4933
-1.4933
-1.4933
-1.4933
-1.4933
-1.4933
-1.4933
-1.4933
-1.4933
-1.4933
-1.4933
-1.4933
-1.4933
-1.4933
-1.4933
-1.4933
-1.4933
-1.4933
-1.4933
-1.4933
-1.4933
-1.4933
-1.4933
-1.4933
-1.4933
-1.4933
-1.4933
-1.4933
-1.4933
-1.4933
-1.4933
-1.4933
-1.4933
-1.4933
-1.4933
-1.4933
-1.4933