-1.3854
-0.872188
-0.950123
-1.33678
-1.66338
-1.70882
-1.70876
-1.49328
-1.0419
-1.13962
-1.68317
-1.73275
-1.73634
-1.66221
-1.29244
-0.958298
-1.50614
-1.64206
-1.70253
-1.68731
-1.38475
-0.969561
-1.34096
-1.65813
-1.7064
-1.71004
-1.5063
-1.05568
-1.11725
-1.682
-1.73328
-1.73757
-1.66888
-1.30896
-0.957435
-1.47867
-1.63924
-1.70134
-1.69032
-1.3973
-0.97464
-1.3164
-1.66391
-1.70969
-1.71399
-1.531
-1.08288
-1.07846
-1.67569
-1.73014
-1.7373
-1.67731
-1.33256
-0.957511
-1.43636
-1.64103
-1.70107
-1.69548
-1.4211
-0.98606
-1.2701
-1.67396
-1.71707
-1.72077
-1.57796
-1.14437
-1.01531
-1.65157
-1.71163
-1.72891
-1.68207
-1.35139
-0.959322
-1.40239
-1.64611
-1.70201
-1.70025
-1.44634
-1.00118
-1.22363
-1.68027
-1.724
-1.72688
-1.61758
-1.206
-0.978127
-1.60899
-1.68153
-1.71596
-1.68231
-1.35938
-0.961206
-1.38824
-1.64865
-1.70265
-1.70252
-1.45954
-1.01099
-1.1999
-1.68225
-1.72724
-1.73011
-1.63377
-1.23409
-0.967701
-1.58096
-1.66602
-1.7103
-1.6829
-1.36463
-0.962652
-1.37882
-1.65039
-1.70316
-1.70404
-1.46877
-1.01872
-1.18339
-1.68311
-1.72924
-1.7322
-1.64327
-1.25195
-0.9632
-1.56073
-1.65708
-1.70732
-1.68371
-1.36915
-0.964009
-1.37052
-1.65191
-1.70366
-1.7054
-1.47709
-1.02632
-1.16847
-1.68341
-1.73072
-1.73384
-1.65078
-1.26708
-0.96076
-1.5422
-1.65055
-1.70524
-1.68469
-1.37377
-0.965532
-1.3619
-1.65359
-1.7043
-1.70678
-1.48574
-1.03467
-1.15303
-1.68338
-1.73193
-1.73529
-1.65741
-1.28137
-0.959211
-1.52287
-1.64534
-1.70362
-1.68588
-1.37889
-0.967375
-1.35222
-1.65561