-1.3854
-1.29395
-1.19623
-1.10361
-1.02862
-0.977471
-0.94896
-0.93923
-0.944312
-0.960814
-0.986315
-1.0201
-1.06346
-1.11939
-1.19134
-1.28097
-1.38589
-1.49858
-1.61034
-1.71618
-1.81422
-1.90302
-1.98103
-2.04778
-2.10395
-2.15132
-2.19175
-2.22667
-2.25731
-2.28455
-2.30899
-2.33111
-2.35129
-2.36982
-2.38692
-2.40277
-2.41751
-2.43127
-2.44417
-2.45628
-2.46767
-2.47841
-2.48855
-2.49815
-2.50725
-2.51589
-2.52412
-2.53195
-2.53942
-2.54654
-2.55335
-2.55986
-2.56609
-2.57206
-2.57778
-2.58327
-2.58855
-2.59362
-2.5985
-2.6032