-1.3854
-1.32255
-1.29306
-1.32599
-1.41661
-1.53494
-1.64696
-1.73086
-1.7853
-1.81761
-1.83556
-1.84433
-1.84766
-1.84808
-1.84717
-1.84584
-1.84455
-1.8435
-1.84273
-1.84221
-1.84188
-1.8417
-1.84161
-1.84157
-1.84156
-1.84157
-1.84158
-1.8416
-1.84161
-1.84161
-1.84162
-1.84162
-1.84162
-1.84162
-1.84162
-1.84162
-1.84162
-1.84162
-1.84162
-1.84162
-1.84162
-1.84162
-1.84162
-1.84162
-1.84162
-1.84162
-1.84162
-1.84162
-1.84162
-1.84162
-1.84162
-1.84162
-1.84162
-1.84162
-1.84162
-1.84162
-1.84162
-1.84162
-1.84162
-1.84162
-1.84162
-1.84162
-1.84162
-1.84162
-1.84162
-1.84162
-1.84162
-1.84162
-1.84162
-1.84162