-1.3854
-1.22242
-1.17766
-1.26761
-1.35509
-1.41244
-1.43862
-1.44394
-1.44136
-1.43842
-1.4369
-1.43641
-1.43635
-1.43641
-1.43645
-1.43647
-1.43648
-1.43648
-1.43648
-1.43648
-1.43648
-1.43648
-1.43648
-1.43648
-1.43648
-1.43648
-1.43648
-1.43648
-1.43648
-1.43648
-1.43648
-1.43648
-1.43648
-1.43648
-1.43648
-1.43648
-1.43648
-1.43648
-1.43648
-1.43648
-1.43648
-1.43648
-1.43648
-1.43648
-1.43648
-1.43648
-1.43648
-1.43648
-1.43648
-1.43648
-1.43648
-1.43648
-1.43648
-1.43648
-1.43648
-1.43648
-1.43648
-1.43648
-1.43648
-1.43648
-1.43648
-1.43648
-1.43648
-1.43648
-1.43648
-1.43648
-1.43648
-1.43648
-1.43648
-1.43648
-1.43648
-1.43648
-1.43648
-1.43648
-1.43648
-1.43648
-1.43648
-1.43648
-1.43648
-1.43648