-1.3854
-1.09823
-0.952374
-0.984379
-1.06213
-1.19198
-1.40328
-1.67635
-1.62347
-1.52609
-1.44576
-1.3491
-1.25794
-1.20407
-1.21449
-1.28499
-1.39415
-1.46304
-1.40727
-1.31645
-1.23692
-1.2043
-1.23416
-1.31873
-1.4237
-1.45124
-1.37347
-1.28326
-1.21771
-1.20973
-1.2619
-1.35996
-1.44798
-1.42634
-1.33943
-1.25428
-1.2069
-1.22175
-1.29389
-1.39914
-1.4558
-1.39533
-1.30582
-1.23101
-1.20629
-1.24286
-1.33137
-1.43158
-1.443
-1.36149
-1.27261
-1.21306
-1.21341
-1.27289
-1.37413
-1.45238
-1.41546
-1.32746
-1.2456
-1.2058
-1.22818
-1.30631
-1.41129
-1.45347
-1.38347
-1.29365
-1.22371
-1.20799
-1.25285
-1.34655
-1.44083
-1.43421
-1.34937
-1.26224
-1.20916
-1.21765
-1.28432
-1.38824
-1.4552
-1.4044
-1.31548
-1.23732
-1.2057
-1.23583
-1.31982
-1.42295
-1.44861
-1.3713
-1.28168
-1.21727
-1.21062
-1.26378
-1.36202
-1.44821
-1.42421
-1.33729
-1.25279
-1.20674
-1.22288
-1.29601
-1.4012
-1.45538
-1.39318
-1.30364
-1.22969
-1.20657
-1.2446
-1.33404
-1.43331
-1.44146
-1.35925
-1.27063
-1.21225
-1.21414
-1.27499
-1.37679
-1.45307
-1.41341
-1.32522
-1.24401
-1.20571
-1.22952
-1.30875
-1.41352
-1.45276
-1.38122
-1.29138
-1.22242
-1.20841
-1.25484
-1.34945
-1.44237
-1.43245
-1.34714
-1.26044
-1.20859
-1.21852
-1.28643
-1.39071
-1.45545
-1.40237
-1.31331
-1.23588
-1.20579
-1.23734
-1.32236
-1.42495
-1.44746
-1.36909
-1.27958