-1.3854
-1.17567
-1.10841
-1.20422
-1.29735
-1.36383
-1.40631
-1.42856
-1.4372
-1.43883
-1.43758
-1.43617
-1.4353
-1.4349
-1.43477
-1.43474
-1.43474
-1.43475
-1.43476
-1.43476
-1.43476
-1.43476
-1.43476
-1.43476
-1.43476
-1.43476
-1.43476
-1.43476
-1.43476
-1.43476
-1.43476
-1.43476
-1.43476
-1.43476
-1.43476
-1.43476
-1.43476
-1.43476
-1.43476
-1.43476
-1.43476
-1.43476
-1.43476
-1.43476
-1.43476
-1.43476
-1.43476
-1.43476
-1.43476
-1.43476
-1.43476
-1.43476
-1.43476
-1.43476
-1.43476
-1.43476
-1.43476
-1.43476
-1.43476
-1.43476
-1.43476
-1.43476
-1.43476
-1.43476
-1.43476
-1.43476
-1.43476
-1.43476
-1.43476
-1.43476
-1.43476
-1.43476
-1.43476
-1.43476
-1.43476
-1.43476
-1.43476
-1.43476
-1.43476
-1.43476
-1.43476
-1.43476
-1.43476
-1.43476
-1.43476
-1.43476
-1.43476
-1.43476
-1.43476
-1.43476
-1.43476
-1.43476
-1.43476
-1.43476
-1.43476
-1.43476
-1.43476
-1.43476
-1.43476
-1.43476