-1.3854
-1.22052
-1.1725
-1.25776
-1.3406
-1.3946
-1.41898
-1.42383
-1.4213
-1.41846
-1.41699
-1.41653
-1.4165
-1.41657
-1.41662
-1.41664
-1.41665
-1.41665
-1.41665
-1.41665
-1.41665
-1.41665
-1.41665
-1.41665
-1.41665
-1.41665
-1.41665
-1.41665
-1.41665
-1.41665
-1.41665
-1.41665
-1.41665
-1.41665
-1.41665
-1.41665
-1.41665
-1.41665
-1.41665
-1.41665
-1.41665
-1.41665
-1.41665
-1.41665
-1.41665
-1.41665
-1.41665
-1.41665
-1.41665
-1.41665
-1.41665
-1.41665
-1.41665
-1.41665
-1.41665
-1.41665
-1.41665
-1.41665
-1.41665
-1.41665
-1.41665
-1.41665
-1.41665
-1.41665
-1.41665
-1.41665
-1.41665
-1.41665
-1.41665
-1.41665
-1.41665
-1.41665
-1.41665
-1.41665
-1.41665
-1.41665
-1.41665
-1.41665
-1.41665
-1.41665