-1.3854
-1.33986
-1.31141
-1.31245
-1.34853
-1.41573
-1.50419
-1.59966
-1.68692
-1.7565
-1.80748
-1.84342
-1.86821
-1.88516
-1.89677
-1.9047
-1.91001
-1.91345
-1.91555
-1.91672
-1.91722
-1.91729
-1.91706
-1.91666
-1.91616
-1.91563
-1.91509
-1.91458
-1.91411
-1.91369
-1.91333
-1.91301
-1.91275
-1.91253
-1.91235
-1.9122
-1.91209
-1.912
-1.91193
-1.91188
-1.91184
-1.91182
-1.9118
-1.91179
-1.91178
-1.91178
-1.91177
-1.91177
-1.91178
-1.91178
-1.91178
-1.91178
-1.91179
-1.91179
-1.91179
-1.91179
-1.91179
-1.91179
-1.9118
-1.9118
-1.9118
-1.9118
-1.9118
-1.9118
-1.9118
-1.9118
-1.9118
-1.9118
-1.9118
-1.9118