-1.3854
-0.887985
-0.902544
-1.18561
-1.68272
-1.73765
-1.74689
-1.54006
-1.12805
-0.97788
-1.56133
-1.6845
-1.74466
-1.67708
-1.32097
-0.968775
-1.32765
-1.709
-1.74997
-1.71898
-1.41273
-1.02069
-1.16564
-1.69031
-1.74161
-1.75467
-1.60126
-1.20354
-0.941292
-1.47969
-1.68384
-1.74476
-1.67315
-1.31405
-0.96545
-1.33884
-1.70794
-1.7497
-1.71457
-1.4004
-1.01324
-1.18827
-1.69788
-1.74535
-1.75311
-1.57814
-1.17353
-0.949558
-1.51257
-1.68076
-1.74426
-1.67295
-1.31378
-0.965329
-1.33928
-1.70789
-1.74969
-1.7144
-1.39994
-1.01297
-1.18911
-1.69813
-1.74547
-1.75302
-1.57723
-1.17239
-0.95002
-1.51379
-1.68071
-1.74425
-1.67304
-1.31394
-0.965403
-1.33903
-1.70792
-1.74969
-1.7145
-1.4002
-1.01313
-1.18863
-1.69799
-1.74541
-1.75307
-1.57775
-1.17304
-0.949755
-1.5131
-1.68074
-1.74425
-1.67299
-1.31385
-0.96536
-1.33918
-1.7079
-1.74969
-1.71444
-1.40005
-1.01304
-1.18891
-1.69807
-1.74545
-1.75304
-1.57745
-1.17266
-0.949908
-1.5135
-1.68072
-1.74425
-1.67302
-1.3139
-0.965385
-1.33909
-1.70791
-1.74969
-1.71447
-1.40014
-1.01309
-1.18875
-1.69802
-1.74542
-1.75306
-1.57762
-1.17288
-0.94982
-1.51327
-1.68073
-1.74425
-1.673
-1.31387
-0.96537
-1.33914
-1.7079
-1.74969
-1.71445
-1.40009
-1.01306
-1.18884
-1.69805
-1.74544
-1.75305
-1.57752
-1.17275
-0.949871
-1.5134
-1.68073
-1.74425
-1.67301
-1.31389
-0.965379
-1.33911
-1.70791
-1.74969
-1.71446
-1.40012
-1.01307
-1.18879
-1.69804
-1.74543
-1.75305
-1.57758
-1.17283
-0.949841
-1.51333
-1.68073
-1.74425
-1.67301
-1.31388
-0.965374
-1.33913
-1.70791
-1.74969
-1.71446
-1.4001
-1.01307
-1.18882
-1.69805
-1.74543
-1.75305
-1.57754
-1.17278