-1.3854
-1.18778
-1.12823
-1.22376
-1.30943
-1.36394
-1.39174
-1.40084
-1.40094
-1.39874
-1.39715
-1.39651
-1.39639
-1.39642
-1.39647
-1.3965
-1.3965
-1.3965
-1.3965
-1.3965
-1.3965
-1.3965
-1.3965
-1.3965
-1.3965
-1.3965
-1.3965
-1.3965
-1.3965
-1.3965
-1.3965
-1.3965
-1.3965
-1.3965
-1.3965
-1.3965
-1.3965
-1.3965
-1.3965
-1.3965
-1.3965
-1.3965
-1.3965
-1.3965
-1.3965
-1.3965
-1.3965
-1.3965
-1.3965
-1.3965
-1.3965
-1.3965
-1.3965
-1.3965
-1.3965
-1.3965
-1.3965
-1.3965
-1.3965
-1.3965
-1.3965
-1.3965
-1.3965
-1.3965
-1.3965
-1.3965
-1.3965
-1.3965
-1.3965
-1.3965
-1.3965
-1.3965
-1.3965
-1.3965
-1.3965
-1.3965
-1.3965
-1.3965
-1.3965
-1.3965
-1.3965
-1.3965
-1.3965
-1.3965
-1.3965
-1.3965
-1.3965
-1.3965
-1.3965
-1.3965
-1.3965
-1.3965
-1.3965
-1.3965
-1.3965
-1.3965
-1.3965
-1.3965
-1.3965
-1.3965