-1.3854
-0.924597
-1.03629
-1.61167
-1.79775
-1.88062
-1.72343
-1.36597
-1.1296
-1.59592
-1.79858
-1.86827
-1.66065
-1.29173
-1.12559
-1.71312
-1.85635
-1.88931
-1.67149
-1.3034
-1.12305
-1.69744
-1.84736
-1.88615
-1.67075
-1.30263
-1.12322
-1.69854
-1.84799
-1.88636
-1.67078
-1.30266
-1.12321
-1.69849
-1.84796
-1.88635
-1.67078
-1.30266
-1.12321
-1.69849
-1.84796
-1.88635
-1.67078
-1.30266
-1.12321
-1.69849
-1.84796
-1.88635
-1.67078
-1.30266
-1.12321
-1.69849
-1.84796
-1.88635
-1.67078
-1.30266
-1.12321
-1.69849
-1.84796
-1.88635
-1.67078
-1.30266
-1.12321
-1.69849
-1.84796
-1.88635
-1.67078
-1.30266
-1.12321
-1.69849
-1.84796
-1.88635
-1.67078
-1.30266
-1.12321
-1.69849
-1.84796
-1.88635
-1.67078
-1.30266
-1.12321
-1.69849
-1.84796
-1.88635
-1.67078
-1.30266
-1.12321
-1.69849
-1.84796
-1.88635
-1.67078
-1.30266
-1.12321
-1.69849
-1.84796
-1.88635
-1.67078
-1.30266
-1.12321
-1.69849
-1.84796
-1.88635
-1.67078
-1.30266
-1.12321
-1.69849
-1.84796
-1.88635
-1.67078
-1.30266
-1.12321
-1.69849
-1.84796
-1.88635
-1.67078
-1.30266
-1.12321
-1.69849
-1.84796
-1.88635
-1.67078
-1.30266
-1.12321
-1.69849
-1.84796
-1.88635
-1.67078
-1.30266
-1.12321
-1.69849
-1.84796
-1.88635
-1.67078
-1.30266
-1.12321
-1.69849
-1.84796
-1.88635
-1.67078
-1.30266
-1.12321
-1.69849
-1.84796
-1.88635
-1.67078
-1.30266
-1.12321
-1.69849
-1.84796
-1.88635
-1.67078
-1.30266
-1.12321
-1.69849
-1.84796
-1.88635
-1.67078
-1.30266
-1.12321
-1.69849
-1.84796
-1.88635
-1.67078
-1.30266
-1.12321
-1.69849
-1.84796
-1.88635
-1.67078
-1.30266