-1.3854
-1.27941
-1.16496
-1.05754
-0.971759
-0.91111
-0.871295
-0.846354
-0.832637
-0.827393
-0.828907
-0.835882
-0.84731
-0.862379
-0.880536
-0.901754
-0.926755
-0.956821
-0.99375
-1.03967
-1.0968
-1.1668
-1.25001
-1.34404
-1.44313
-1.54111
-1.63396
-1.7204
-1.7998
-1.87099
-1.9323
-1.98276
-2.02278
-2.05339
-2.07629
-2.09278
-2.10422
-2.1116
-2.11575
-2.11739
-2.11708
-2.11524
-2.11228
-2.10851
-2.10413
-2.09932
-2.09427
-2.08907
-2.08377
-2.07843
-2.07311
-2.06783
-2.06259
-2.05739
-2.05222
-2.04709
-2.042
-2.03694
-2.0319
-2.02686