-1.3854
-0.881589
-0.905217
-1.19243
-1.68243
-1.72637
-1.73312
-1.53693
-1.11061
-0.981964
-1.5769
-1.67566
-1.72848
-1.6752
-1.31938
-0.955047
-1.33635
-1.69491
-1.7325
-1.70745
-1.40126
-0.993461
-1.19107
-1.69144
-1.73179
-1.73834
-1.57638
-1.15953
-0.947534
-1.52925
-1.66633
-1.72695
-1.67232
-1.31391
-0.9529
-1.34528
-1.69348
-1.73212
-1.70448
-1.39182
-0.988268
-1.20805
-1.69486
-1.7332
-1.73675
-1.55769
-1.13552
-0.96166
-1.55212
-1.66926
-1.72728
-1.67455
-1.3183
-0.954629
-1.33813
-1.69464
-1.73243
-1.70685
-1.39933
-0.992372
-1.19455
-1.69224
-1.73213
-1.73807
-1.5726
-1.15456
-0.950006
-1.53393
-1.66667
-1.72697
-1.67285
-1.31495
-0.953308
-1.34359
-1.69376
-1.73219
-1.70503
-1.39355
-0.989198
-1.20493
-1.69432
-1.73299
-1.73709
-1.56117
-1.13988
-0.958697
-1.54792
-1.66848
-1.72717
-1.67423
-1.31767
-0.954381
-1.33915
-1.69448
-1.73238
-1.70651
-1.39822
-0.991756
-1.19653
-1.69267
-1.73232
-1.7379
-1.57043
-1.15173
-0.951521
-1.5366
-1.66692
-1.72698
-1.67314
-1.31553
-0.953534
-1.34266
-1.69392
-1.73223
-1.70534
-1.39452
-0.989723
-1.20318
-1.694
-1.73286
-1.73727
-1.56311
-1.14233
-0.957106
-1.54557
-1.66809
-1.72711
-1.67403
-1.31728
-0.954224
-1.3398
-1.69438
-1.73236
-1.70629
-1.39753
-0.991372
-1.19778
-1.69293
-1.73243
-1.73779
-1.56907
-1.14996
-0.95251
-1.53828
-1.66711
-1.727
-1.67332
-1.31588
-0.953672
-1.34208
-1.69401
-1.73226
-1.70553
-1.39512
-0.990048
-1.20211
-1.6938
-1.73278
-1.73738
-1.56429
-1.14384
-0.956153
-1.54412
-1.66787
-1.72708
-1.67389
-1.31702
-0.954122
-1.34022
-1.69431
-1.73234
-1.70615
-1.39708
-0.991123
-1.19859
-1.6931
-1.7325
-1.73771
-1.56818
-1.14881