-1.3854
-0.901013
-0.896902
-1.17415
-1.68042
-1.75884
-1.77451
-1.56964
-1.19832
-0.974583
-1.49581
-1.71009
-1.77647
-1.69035
-1.35441
-1.02054
-1.26638
-1.72976
-1.78009
-1.7639
-1.51059
-1.14339
-1.01939
-1.58152
-1.71511
-1.77743
-1.68802
-1.35073
-1.0179
-1.27267
-1.73049
-1.78042
-1.76188
-1.50376
-1.13735
-1.02703
-1.5911
-1.71765
-1.77791
-1.68719
-1.3494
-1.01696
-1.27491
-1.73073
-1.78053
-1.76113
-1.50132
-1.13522
-1.0299
-1.5945
-1.71865
-1.77811
-1.68681
-1.3488
-1.01654
-1.27593
-1.73084
-1.78058
-1.76078
-1.50021
-1.13426
-1.03122
-1.59605
-1.71912
-1.7782
-1.68662
-1.3485
-1.01633
-1.27643
-1.73089
-1.7806
-1.76061
-1.49966
-1.13379
-1.03189
-1.59682
-1.71936
-1.77824
-1.68652
-1.34834
-1.01622
-1.27669
-1.73092
-1.78062
-1.76052
-1.49937
-1.13354
-1.03223
-1.59721
-1.71948
-1.77827
-1.68647
-1.34826
-1.01616
-1.27683
-1.73093
-1.78062
-1.76047
-1.49922
-1.13341
-1.03241
-1.59742
-1.71954
-1.77828
-1.68644
-1.34822
-1.01613
-1.2769
-1.73094
-1.78063
-1.76045
-1.49915
-1.13335
-1.03251
-1.59753
-1.71958
-1.77829
-1.68642
-1.34819
-1.01612
-1.27694
-1.73094
-1.78063
-1.76043
-1.4991
-1.13331
-1.03256
-1.59759
-1.71959
-1.77829
-1.68642
-1.34818
-1.01611
-1.27696
-1.73094
-1.78063
-1.76043
-1.49908
-1.13329
-1.03259
-1.59762
-1.7196
-1.77829
-1.68641
-1.34818
-1.0161
-1.27697
-1.73094
-1.78063
-1.76042
-1.49907
-1.13328
-1.0326
-1.59764
-1.71961
-1.77829
-1.68641
-1.34817
-1.0161
-1.27698
-1.73095
-1.78063
-1.76042
-1.49906
-1.13328
-1.03261
-1.59765
-1.71961
-1.77829
-1.68641
-1.34817
-1.0161
-1.27698
-1.73095
-1.78063
-1.76042
-1.49906
-1.13327
-1.03261
-1.59765