-1.3854
-1.15792
-1.02722
-1.04274
-1.12783
-1.28144
-1.52396
-1.68355
-1.56942
-1.55562
-1.50629
-1.46689
-1.42758
-1.39312
-1.36661
-1.35239
-1.35231
-1.36301
-1.37721
-1.38719
-1.38895
-1.38401
-1.37672
-1.37097
-1.36879
-1.3702
-1.37364
-1.37699
-1.37869
-1.37839
-1.37679
-1.37497
-1.37383
-1.37369
-1.37436
-1.3753
-1.37601
-1.37623
-1.37598
-1.37551
-1.3751
-1.37491
-1.37497
-1.3752
-1.37543
-1.37556
-1.37556
-1.37547
-1.37534
-1.37526
-1.37524
-1.37527
-1.37534
-1.37539
-1.37541
-1.3754
-1.37537
-1.37534
-1.37532
-1.37532
-1.37534
-1.37535
-1.37536
-1.37536
-1.37536
-1.37535
-1.37534
-1.37534
-1.37534
-1.37535
-1.37535
-1.37535
-1.37535
-1.37535
-1.37535
-1.37535
-1.37535
-1.37535
-1.37535
-1.37535
-1.37535
-1.37535
-1.37535
-1.37535
-1.37535
-1.37535
-1.37535
-1.37535
-1.37535
-1.37535
-1.37535
-1.37535
-1.37535
-1.37535
-1.37535
-1.37535
-1.37535
-1.37535
-1.37535
-1.37535
-1.37535
-1.37535
-1.37535
-1.37535
-1.37535
-1.37535
-1.37535
-1.37535
-1.37535
-1.37535
-1.37535
-1.37535
-1.37535
-1.37535
-1.37535
-1.37535
-1.37535
-1.37535
-1.37535
-1.37535
-1.37535
-1.37535
-1.37535
-1.37535
-1.37535
-1.37535
-1.37535
-1.37535
-1.37535
-1.37535
-1.37535
-1.37535
-1.37535
-1.37535
-1.37535
-1.37535
-1.37535
-1.37535
-1.37535
-1.37535