-1.3854
-1.18754
-1.12783
-1.22339
-1.30919
-1.36393
-1.39203
-1.40141
-1.40164
-1.39949
-1.39788
-1.39721
-1.39707
-1.39711
-1.39715
-1.39718
-1.39719
-1.39719
-1.39719
-1.39719
-1.39719
-1.39719
-1.39719
-1.39719
-1.39719
-1.39719
-1.39719
-1.39719
-1.39719
-1.39719
-1.39719
-1.39719
-1.39719
-1.39719
-1.39719
-1.39719
-1.39719
-1.39719
-1.39719
-1.39719
-1.39719
-1.39719
-1.39719
-1.39719
-1.39719
-1.39719
-1.39719
-1.39719
-1.39719
-1.39719
-1.39719
-1.39719
-1.39719
-1.39719
-1.39719
-1.39719
-1.39719
-1.39719
-1.39719
-1.39719
-1.39719
-1.39719
-1.39719
-1.39719
-1.39719
-1.39719
-1.39719
-1.39719
-1.39719
-1.39719
-1.39719
-1.39719
-1.39719
-1.39719
-1.39719
-1.39719
-1.39719
-1.39719
-1.39719
-1.39719
-1.39719
-1.39719
-1.39719
-1.39719
-1.39719
-1.39719
-1.39719
-1.39719
-1.39719
-1.39719
-1.39719
-1.39719
-1.39719
-1.39719
-1.39719
-1.39719
-1.39719
-1.39719
-1.39719
-1.39719