-1.3854
-1.16909
-1.09661
-1.19108
-1.28947
-1.36311
-1.41391
-1.44452
-1.45957
-1.46515
-1.46577
-1.46465
-1.46363
-1.46307
-1.46284
-1.46277
-1.46276
-1.46276
-1.46277
-1.46277
-1.46277
-1.46277
-1.46277
-1.46277
-1.46277
-1.46277
-1.46277
-1.46277
-1.46277
-1.46277
-1.46277
-1.46277
-1.46277
-1.46277
-1.46277
-1.46277
-1.46277
-1.46277
-1.46277
-1.46277
-1.46277
-1.46277
-1.46277
-1.46277
-1.46277
-1.46277
-1.46277
-1.46277
-1.46277
-1.46277
-1.46277
-1.46277
-1.46277
-1.46277
-1.46277
-1.46277
-1.46277
-1.46277
-1.46277
-1.46277
-1.46277
-1.46277
-1.46277
-1.46277
-1.46277
-1.46277
-1.46277
-1.46277
-1.46277
-1.46277
-1.46277
-1.46277
-1.46277
-1.46277
-1.46277
-1.46277
-1.46277
-1.46277
-1.46277
-1.46277
-1.46277
-1.46277
-1.46277
-1.46277
-1.46277
-1.46277
-1.46277
-1.46277
-1.46277
-1.46277
-1.46277
-1.46277
-1.46277
-1.46277
-1.46277
-1.46277
-1.46277
-1.46277
-1.46277
-1.46277
-1.46277
-1.46277
-1.46277
-1.46277
-1.46277
-1.46277
-1.46277
-1.46277
-1.46277
-1.46277