-1.3854
-0.912022
-0.926299
-1.19455
-1.5621
-1.7892
-1.81216
-1.50391
-1.19052
-1.10312
-1.4677
-1.73179
-1.84281
-1.59904
-1.25159
-1.04946
-1.38451
-1.68397
-1.84221
-1.66977
-1.31483
-1.05876
-1.32204
-1.6514
-1.83295
-1.70605
-1.35528
-1.07967
-1.27753
-1.62294
-1.82188
-1.74187
-1.39964
-1.11131
-1.22393
-1.58426
-1.80258
-1.78285
-1.45599
-1.15551
-1.15433
-1.52136
-1.76541
-1.82741
-1.53891
-1.21128
-1.07574
-1.43427
-1.71147
-1.84516
-1.63195
-1.27837
-1.04788
-1.35819
-1.67067
-1.83895
-1.68517
-1.3312
-1.06645
-1.30438
-1.64047
-1.82907
-1.71963
-1.37177
-1.09043
-1.25804
-1.60965
-1.81566
-1.75744
-1.42
-1.1275
-1.1983
-1.56253
-1.79037
-1.80172
-1.48636
-1.17822
-1.12023
-1.48672
-1.74363
-1.8393
-1.57844
-1.23731
-1.05541
-1.40039
-1.69239
-1.84368
-1.65863
-1.30358
-1.05432
-1.33369
-1.65803
-1.83511
-1.69835
-1.34612
-1.07438
-1.28788
-1.62979
-1.82483
-1.73328
-1.38873
-1.10285
-1.23735
-1.59471
-1.80813
-1.77292
-1.44141
-1.14422
-1.17189
-1.53819
-1.77582
-1.81868
-1.51864
-1.19908
-1.09043
-1.45317
-1.72279
-1.84449
-1.61456
-1.26347
-1.04735
-1.37254
-1.67785
-1.84085
-1.67725
-1.32265
-1.06228
-1.31369
-1.64635
-1.83121
-1.71223
-1.36274
-1.08434
-1.26882
-1.61707
-1.8192
-1.74897
-1.40882
-1.11859
-1.21242
-1.57479
-1.79736
-1.79144
-1.46927
-1.16574
-1.13889
-1.50603
-1.7558
-1.83357
-1.55654
-1.22262
-1.06524
-1.41857
-1.70243
-1.8448
-1.64478
-1.29023
-1.05022
-1.34688
-1.66499