-1.3854
-1.20537
-1.14263
-1.21102
-1.27658
-1.31325
-1.32463
-1.32294
-1.31941
-1.31775
-1.31747
-1.31761
-1.31774
-1.31779
-1.31779
-1.31779
-1.31778
-1.31778
-1.31778
-1.31778
-1.31778
-1.31778
-1.31778
-1.31778
-1.31778
-1.31778
-1.31778
-1.31778
-1.31778
-1.31778
-1.31778
-1.31778
-1.31778
-1.31778
-1.31778
-1.31778
-1.31778
-1.31778
-1.31778
-1.31778
-1.31778
-1.31778
-1.31778
-1.31778
-1.31778
-1.31778
-1.31778
-1.31778
-1.31778
-1.31778
-1.31778
-1.31778
-1.31778
-1.31778
-1.31778
-1.31778
-1.31778
-1.31778
-1.31778
-1.31778
-1.31778
-1.31778
-1.31778
-1.31778
-1.31778
-1.31778
-1.31778
-1.31778
-1.31778
-1.31778
-1.31778
-1.31778
-1.31778
-1.31778
-1.31778
-1.31778
-1.31778
-1.31778
-1.31778
-1.31778