-1.3854
-1.20341
-1.14109
-1.21288
-1.28087
-1.31926
-1.33227
-1.3315
-1.32796
-1.32605
-1.32562
-1.32573
-1.32587
-1.32593
-1.32594
-1.32593
-1.32593
-1.32593
-1.32593
-1.32593
-1.32593
-1.32593
-1.32593
-1.32593
-1.32593
-1.32593
-1.32593
-1.32593
-1.32593
-1.32593
-1.32593
-1.32593
-1.32593
-1.32593
-1.32593
-1.32593
-1.32593
-1.32593
-1.32593
-1.32593
-1.32593
-1.32593
-1.32593
-1.32593
-1.32593
-1.32593
-1.32593
-1.32593
-1.32593
-1.32593
-1.32593
-1.32593
-1.32593
-1.32593
-1.32593
-1.32593
-1.32593
-1.32593
-1.32593
-1.32593
-1.32593
-1.32593
-1.32593
-1.32593
-1.32593
-1.32593
-1.32593
-1.32593
-1.32593
-1.32593
-1.32593
-1.32593
-1.32593
-1.32593
-1.32593
-1.32593
-1.32593
-1.32593
-1.32593
-1.32593
-1.32593
-1.32593
-1.32593
-1.32593
-1.32593
-1.32593
-1.32593
-1.32593
-1.32593
-1.32593