-1.3854
-1.05921
-0.910822
-0.951425
-1.02326
-1.13923
-1.32493
-1.59769
-1.79132
-1.60512
-1.55832
-1.42219
-1.30422
-1.20281
-1.17066
-1.22264
-1.34805
-1.51426
-1.53505
-1.39474
-1.27351
-1.18428
-1.17441
-1.24696
-1.3912
-1.54968
-1.50332
-1.36975
-1.24803
-1.17281
-1.18194
-1.27111
-1.42856
-1.56784
-1.47268
-1.35027
-1.23343
-1.17034
-1.19201
-1.29132
-1.45405
-1.56648
-1.44771
-1.32945
-1.21942
-1.16982
-1.20474
-1.31507
-1.48112
-1.55637
-1.42172
-1.30343
-1.20216
-1.17054
-1.22311
-1.3491
-1.51543
-1.53462
-1.39425
-1.27297
-1.18399
-1.17451
-1.24743
-1.39197
-1.5502
-1.5027
-1.36935
-1.24768
-1.1727
-1.18211
-1.27151
-1.42912
-1.56795
-1.47219
-1.34992
-1.23319
-1.17033
-1.19221
-1.2917
-1.4545
-1.56637
-1.44725
-1.32903
-1.21913
-1.16983
-1.20502
-1.31559
-1.48168
-1.55608
-1.42122
-1.30288
-1.2018
-1.17058
-1.22352
-1.34985
-1.51612
-1.5341
-1.39375
-1.27242
-1.18369
-1.17462
-1.2479
-1.39275
-1.55073
-1.50209
-1.36895
-1.24733
-1.1726
-1.18228
-1.2719
-1.42967
-1.56806
-1.4717
-1.34956
-1.23295
-1.17031
-1.19241
-1.29208
-1.45495
-1.56626
-1.4468
-1.3286
-1.21885
-1.16983
-1.20531
-1.31611
-1.48225
-1.55579
-1.42071
-1.30233
-1.20145
-1.17062
-1.22393
-1.3506
-1.51681
-1.53357
-1.39326
-1.27188
-1.1834
-1.17473
-1.24836
-1.39353
-1.55125
-1.50147
-1.36856
-1.24699
-1.1725
-1.18245
-1.2723
-1.43021