-1.3854
-1.15724
-1.07612
-1.1678
-1.27915
-1.37073
-1.44037
-1.48987
-1.52153
-1.53845
-1.54431
-1.54372
-1.54195
-1.54093
-1.54061
-1.54058
-1.54061
-1.54063
-1.54064
-1.54064
-1.54064
-1.54064
-1.54064
-1.54064
-1.54064
-1.54064
-1.54064
-1.54064
-1.54064
-1.54064
-1.54064
-1.54064
-1.54064
-1.54064
-1.54064
-1.54064
-1.54064
-1.54064
-1.54064
-1.54064
-1.54064
-1.54064
-1.54064
-1.54064
-1.54064
-1.54064
-1.54064
-1.54064
-1.54064
-1.54064
-1.54064
-1.54064
-1.54064
-1.54064
-1.54064
-1.54064
-1.54064
-1.54064
-1.54064
-1.54064
-1.54064
-1.54064
-1.54064
-1.54064
-1.54064
-1.54064
-1.54064
-1.54064
-1.54064
-1.54064
-1.54064
-1.54064
-1.54064
-1.54064
-1.54064
-1.54064
-1.54064
-1.54064
-1.54064
-1.54064
-1.54064
-1.54064
-1.54064
-1.54064
-1.54064
-1.54064
-1.54064
-1.54064
-1.54064
-1.54064
-1.54064
-1.54064
-1.54064
-1.54064
-1.54064
-1.54064
-1.54064
-1.54064
-1.54064
-1.54064
-1.54064
-1.54064
-1.54064
-1.54064
-1.54064
-1.54064
-1.54064
-1.54064
-1.54064
-1.54064