-1.3854
-0.917798
-1.0256
-1.57871
-1.7686
-1.85633
-1.71729
-1.3529
-1.10464
-1.59291
-1.77962
-1.8535
-1.67633
-1.30082
-1.0981
-1.6747
-1.82003
-1.86851
-1.68075
-1.30547
-1.09736
-1.66783
-1.81603
-1.86705
-1.68071
-1.3055
-1.09744
-1.66783
-1.81603
-1.86703
-1.68064
-1.30541
-1.09744
-1.66795
-1.8161
-1.86706
-1.68065
-1.30543
-1.09744
-1.66793
-1.81609
-1.86705
-1.68065
-1.30543
-1.09744
-1.66793
-1.81609
-1.86705
-1.68065
-1.30543
-1.09744
-1.66793
-1.81609
-1.86705
-1.68065
-1.30543
-1.09744
-1.66793
-1.81609
-1.86705
-1.68065
-1.30543
-1.09744
-1.66793
-1.81609
-1.86705
-1.68065
-1.30543
-1.09744
-1.66793
-1.81609
-1.86705
-1.68065
-1.30543
-1.09744
-1.66793
-1.81609
-1.86705
-1.68065
-1.30543
-1.09744
-1.66793
-1.81609
-1.86705
-1.68065
-1.30543
-1.09744
-1.66793
-1.81609
-1.86705
-1.68065
-1.30543
-1.09744
-1.66793
-1.81609
-1.86705
-1.68065
-1.30543
-1.09744
-1.66793
-1.81609
-1.86705
-1.68065
-1.30543
-1.09744
-1.66793
-1.81609
-1.86705
-1.68065
-1.30543
-1.09744
-1.66793
-1.81609
-1.86705
-1.68065
-1.30543
-1.09744
-1.66793
-1.81609
-1.86705
-1.68065
-1.30543
-1.09744
-1.66793
-1.81609
-1.86705
-1.68065
-1.30543
-1.09744
-1.66793
-1.81609
-1.86705
-1.68065
-1.30543
-1.09744
-1.66793
-1.81609
-1.86705
-1.68065
-1.30543
-1.09744
-1.66793
-1.81609
-1.86705
-1.68065
-1.30543
-1.09744
-1.66793
-1.81609
-1.86705
-1.68065
-1.30543
-1.09744
-1.66793
-1.81609
-1.86705
-1.68065
-1.30543
-1.09744
-1.66793
-1.81609
-1.86705
-1.68065
-1.30543
-1.09744
-1.66793
-1.81609
-1.86705
-1.68065
-1.30543