-1.3854
-1.27232
-1.15074
-1.03892
-0.951802
-0.890008
-0.847176
-0.817351
-0.796581
-0.782162
-0.772538
-0.766666
-0.763873
-0.763673
-0.765693
-0.769759
-0.775648
-0.783269
-0.792451
-0.803082
-0.814995
-0.828121
-0.842446
-0.8583
-0.876254
-0.897175
-0.922067
-0.952085
-0.988517
-1.0329
-1.08673
-1.15132
-1.2269
-1.31173
-1.40172
-1.49188
-1.57841
-1.65971
-1.73513
-1.80371
-1.86395
-1.91409
-1.95349
-1.98236
-2.00198
-2.01374
-2.0193
-2.02003
-2.01726
-2.01203
-2.0052
-1.99744
-1.98914
-1.98067
-1.97211
-1.96359
-1.9551
-1.9466
-1.93806
-1.9294