-1.3854
-1.16727
-1.09508
-1.19559
-1.30894
-1.39685
-1.45792
-1.49488
-1.512
-1.51533
-1.51273
-1.51006
-1.50892
-1.50872
-1.5088
-1.50888
-1.50891
-1.50892
-1.50892
-1.50891
-1.50891
-1.50891
-1.50891
-1.50891
-1.50891
-1.50891
-1.50891
-1.50891
-1.50891
-1.50891
-1.50891
-1.50891
-1.50891
-1.50891
-1.50891
-1.50891
-1.50891
-1.50891
-1.50891
-1.50891
-1.50891
-1.50891
-1.50891
-1.50891
-1.50891
-1.50891
-1.50891
-1.50891
-1.50891
-1.50891
-1.50891
-1.50891
-1.50891
-1.50891
-1.50891
-1.50891
-1.50891
-1.50891
-1.50891
-1.50891
-1.50891
-1.50891
-1.50891
-1.50891
-1.50891
-1.50891
-1.50891
-1.50891
-1.50891
-1.50891
-1.50891
-1.50891
-1.50891
-1.50891
-1.50891
-1.50891
-1.50891
-1.50891
-1.50891
-1.50891
-1.50891
-1.50891
-1.50891
-1.50891
-1.50891
-1.50891
-1.50891
-1.50891
-1.50891
-1.50891
-1.50891
-1.50891
-1.50891
-1.50891
-1.50891
-1.50891
-1.50891
-1.50891
-1.50891
-1.50891
-1.50891
-1.50891
-1.50891
-1.50891
-1.50891
-1.50891
-1.50891
-1.50891
-1.50891
-1.50891