-1.3854
-0.855291
-0.918247
-1.23738
-1.65086
-1.66074
-1.66165
-1.61842
-1.27568
-0.926371
-1.46625
-1.59599
-1.63895
-1.65911
-1.5277
-1.09719
-1.03155
-1.63048
-1.65852
-1.66008
-1.65893
-1.49586
-1.05317
-1.08462
-1.6446
-1.66902
-1.66467
-1.65783
-1.47495
-1.02795
-1.12255
-1.64879
-1.67033
-1.66497
-1.65579
-1.45133
-1.00268
-1.16493
-1.64925
-1.66757
-1.66363
-1.65175
-1.41749
-0.972692
-1.22363
-1.64544
-1.6602
-1.6613
-1.63903
-1.34932
-0.936025
-1.34755
-1.61918
-1.64287
-1.66019
-1.57986
-1.18538
-0.958943
-1.57422
-1.62023
-1.64561
-1.65888
-1.5132
-1.0765
-1.05485
-1.63775
-1.66432
-1.66267
-1.65872
-1.48935
-1.04499
-1.09632
-1.64647
-1.66998
-1.66501
-1.6573
-1.46799
-1.02016
-1.13521
-1.64923
-1.66983
-1.66467
-1.65486
-1.44241
-0.994019
-1.18032
-1.64883
-1.66598
-1.66302
-1.64939
-1.40159
-0.961348
-1.25287
-1.64179
-1.65606
-1.6603
-1.62887
-1.31041
-0.927049
-1.41146
-1.60386
-1.63944
-1.65974
-1.54501
-1.12391
-1.00466
-1.61808
-1.64872
-1.65586
-1.65898
-1.50205
-1.06127
-1.0737
-1.64232
-1.66761
-1.6641
-1.65826
-1.48122
-1.03522
-1.1111
-1.64804
-1.67044
-1.66511
-1.65651
-1.45885
-1.01037
-1.15166
-1.64937
-1.66872
-1.66412
-1.65333
-1.42952
-0.982435
-1.20228
-1.64745
-1.66319
-1.66212
-1.64483
-1.37639
-0.946902
-1.29979
-1.63214
-1.64897
-1.65988
-1.60637
-1.2437
-0.933118
-1.50977
-1.59833
-1.63989
-1.6589
-1.52091
-1.0874
-1.04237
-1.63414
-1.66147
-1.66139
-1.65887
-1.49313
-1.04971
-1.08949
-1.64545
-1.66949
-1.66484
-1.65762
-1.47207
-1.02469
-1.1278
-1.64901
-1.67017
-1.66486
-1.65542
-1.44771
-0.999116
-1.17119
-1.64913
-1.66697
-1.66339
-1.65086
-1.41123