-1.3854
-1.16856
-1.0967
-1.195
-1.3017
-1.38282
-1.4386
-1.47207
-1.48784
-1.49228
-1.49109
-1.48911
-1.48797
-1.48758
-1.48752
-1.48755
-1.48758
-1.48759
-1.48759
-1.48759
-1.48759
-1.48759
-1.48759
-1.48759
-1.48759
-1.48759
-1.48759
-1.48759
-1.48759
-1.48759
-1.48759
-1.48759
-1.48759
-1.48759
-1.48759
-1.48759
-1.48759
-1.48759
-1.48759
-1.48759
-1.48759
-1.48759
-1.48759
-1.48759
-1.48759
-1.48759
-1.48759
-1.48759
-1.48759
-1.48759
-1.48759
-1.48759
-1.48759
-1.48759
-1.48759
-1.48759
-1.48759
-1.48759
-1.48759
-1.48759
-1.48759
-1.48759
-1.48759
-1.48759
-1.48759
-1.48759
-1.48759
-1.48759
-1.48759
-1.48759
-1.48759
-1.48759
-1.48759
-1.48759
-1.48759
-1.48759
-1.48759
-1.48759
-1.48759
-1.48759
-1.48759
-1.48759
-1.48759
-1.48759
-1.48759
-1.48759
-1.48759
-1.48759
-1.48759
-1.48759
-1.48759
-1.48759
-1.48759
-1.48759
-1.48759
-1.48759
-1.48759
-1.48759
-1.48759
-1.48759
-1.48759
-1.48759
-1.48759
-1.48759
-1.48759
-1.48759
-1.48759
-1.48759
-1.48759
-1.48759