-1.3854
-1.26515
-1.23953
-1.3553
-1.49702
-1.60412
-1.6657
-1.6949
-1.70502
-1.70593
-1.70364
-1.70113
-1.6994
-1.69848
-1.69809
-1.69799
-1.69799
-1.69803
-1.69806
-1.69808
-1.69809
-1.69809
-1.69809
-1.69809
-1.69809
-1.69809
-1.69809
-1.69809
-1.69809
-1.69809
-1.69809
-1.69809
-1.69809
-1.69809
-1.69809
-1.69809
-1.69809
-1.69809
-1.69809
-1.69809
-1.69809
-1.69809
-1.69809
-1.69809
-1.69809
-1.69809
-1.69809
-1.69809
-1.69809
-1.69809
-1.69809
-1.69809
-1.69809
-1.69809
-1.69809
-1.69809
-1.69809
-1.69809
-1.69809
-1.69809
-1.69809
-1.69809
-1.69809
-1.69809
-1.69809
-1.69809
-1.69809
-1.69809
-1.69809
-1.69809