-1.3854
-1.18414
-1.12251
-1.2186
-1.3067
-1.36496
-1.3972
-1.4104
-1.41258
-1.41097
-1.40921
-1.40826
-1.40792
-1.40785
-1.40788
-1.4079
-1.40792
-1.40792
-1.40792
-1.40792
-1.40792
-1.40792
-1.40792
-1.40792
-1.40792
-1.40792
-1.40792
-1.40792
-1.40792
-1.40792
-1.40792
-1.40792
-1.40792
-1.40792
-1.40792
-1.40792
-1.40792
-1.40792
-1.40792
-1.40792
-1.40792
-1.40792
-1.40792
-1.40792
-1.40792
-1.40792
-1.40792
-1.40792
-1.40792
-1.40792
-1.40792
-1.40792
-1.40792
-1.40792
-1.40792
-1.40792
-1.40792
-1.40792
-1.40792
-1.40792
-1.40792
-1.40792
-1.40792
-1.40792
-1.40792
-1.40792
-1.40792
-1.40792
-1.40792
-1.40792
-1.40792
-1.40792
-1.40792
-1.40792
-1.40792
-1.40792
-1.40792
-1.40792
-1.40792
-1.40792
-1.40792
-1.40792
-1.40792
-1.40792
-1.40792
-1.40792
-1.40792
-1.40792
-1.40792
-1.40792
-1.40792
-1.40792
-1.40792
-1.40792
-1.40792
-1.40792
-1.40792
-1.40792
-1.40792
-1.40792