-1.3854
-1.3451
-1.31576
-1.30434
-1.31519
-1.34864
-1.40148
-1.4692
-1.54518
-1.62162
-1.69086
-1.74833
-1.79363
-1.82853
-1.8553
-1.87581
-1.89172
-1.90425
-1.91422
-1.92217
-1.92854
-1.93365
-1.93776
-1.94104
-1.94366
-1.94574
-1.94738
-1.94864
-1.9496
-1.95031
-1.9508
-1.95112
-1.95129
-1.95134
-1.95128
-1.95113
-1.95092
-1.95065
-1.95034
-1.94999
-1.94962
-1.94923
-1.94882
-1.94841
-1.948
-1.94759
-1.94718
-1.94679
-1.9464
-1.94602
-1.94566
-1.94532
-1.94499
-1.94467
-1.94437
-1.94409
-1.94383
-1.94358
-1.94335
-1.94313
-1.94293
-1.94275
-1.94258
-1.94242
-1.94227
-1.94214
-1.94202
-1.94191
-1.94181
-1.94172