-1.3854
-1.30212
-1.22455
-1.1624
-1.11939
-1.09308
-1.07844
-1.07097
-1.06786
-1.0674
-1.06856
-1.07076
-1.07368
-1.07722
-1.08136
-1.08605
-1.09135
-1.09733
-1.10398
-1.11144
-1.11981
-1.12919
-1.13978
-1.15176
-1.16541
-1.1811
-1.19911
-1.21971
-1.2431
-1.26944
-1.29887
-1.33108
-1.3655
-1.40148
-1.43797
-1.47375
-1.50766
-1.53865
-1.56588
-1.58884
-1.60727
-1.62114
-1.63064
-1.63615
-1.63807
-1.63675
-1.63253
-1.62576
-1.61664
-1.60532
-1.59196
-1.57669
-1.55962
-1.54095
-1.52099
-1.50026
-1.47926
-1.45869
-1.43942
-1.42251