-1.3854
-0.878761
-0.760493
-0.767674
-0.778678
-0.795155
-0.817997
-0.849067
-0.891224
-0.950863
-1.03906
-1.17448
-1.38197
-1.66839
-1.96543
-2.15577
-2.25158
-2.29812
-2.31556
-2.31251
-2.29119
-2.24447
-2.1531
-2.00128
-1.79049
-1.56877
-1.29219
-0.962154
-0.866372
-0.873046
-0.906082
-0.962079
-1.04867
-1.18373
-1.39124
-1.67723
-1.97367
-2.16236
-2.25542
-2.29921
-2.31411
-2.30851
-2.2837
-2.23024
-2.12799
-1.96357
-1.74546
-1.52447
-1.22488
-0.915838
-0.864608
-0.877793
-0.915049
-0.976189
-1.07058
-1.21791
-1.44189
-1.73825
-2.02098
-2.18605
-2.26692
-2.30406
-2.31454
-2.30534
-2.27617
-2.21483
-2.10109
-1.92416
-1.70166
-1.47635
-1.15705
-0.885298
-0.861875
-0.881774
-0.923629
-0.990248
-1.09303
-1.25314
-1.49313
-1.79656
-2.06129
-2.20583
-2.27634
-2.30775
-2.31432
-2.30179
-2.2682
-2.19896
-2.07446
-1.88646
-1.66216
-1.42796
-1.09664
-0.871051
-0.861846
-0.886328
-0.931982
-1.00348
-1.11395
-1.28582
-1.53889
-1.84542
-2.09175
-2.22081
-2.28341
-2.31026
-2.31365
-2.29826
-2.2605
-2.18383
-2.04985
-1.8532
-1.6291
-1.383
-1.04585
-0.866461
-0.86457
-0.89228
-0.941381
-1.01771
-1.13603
-1.31976
-1.58489
-1.89136
-2.11845
-2.23381
-2.28945
-2.31205
-2.31235
-2.29395
-2.25141
-2.16651
-2.02233
-1.81719
-1.59455
-1.33116
-0.995714
-0.866585
-0.869459
-0.90007
-0.952965
-1.03489
-1.16243
-1.35954
-1.63708
-1.93944
-2.14451
-2.24657
-2.29529
-2.31342
-2.31034
-2.28838
-2.23989
-2.14532
-1.98961
-1.77621
-1.5549
-1.27112
-0.945854
-0.866169