-1.3854
-1.04137
-0.894339
-0.937222
-1.00727
-1.11852
-1.29401
-1.54865
-1.80329
-1.72384
-1.59401
-1.49475
-1.36369
-1.23809
-1.16781
-1.19018
-1.29703
-1.47625
-1.61124
-1.47312
-1.35541
-1.23464
-1.17001
-1.19666
-1.30662
-1.4859
-1.60389
-1.45895
-1.34117
-1.22496
-1.16948
-1.20522
-1.32334
-1.50616
-1.59689
-1.44112
-1.32343
-1.21364
-1.17058
-1.2178
-1.3462
-1.53051
-1.58181
-1.42022
-1.29955
-1.19813
-1.17291
-1.23663
-1.3799
-1.56247
-1.5529
-1.39748
-1.27149
-1.18104
-1.17721
-1.26067
-1.42138
-1.59485
-1.5184
-1.38031
-1.25237
-1.17176
-1.18237
-1.27892
-1.45078
-1.60907
-1.4957
-1.37059
-1.24476
-1.17029
-1.1874
-1.2894
-1.4648
-1.60938
-1.48139
-1.36069
-1.23775
-1.16964
-1.19314
-1.30051
-1.47887
-1.60695
-1.46692
-1.34877
-1.22989
-1.16946
-1.20046
-1.31433
-1.49559
-1.60137
-1.45057
-1.33324
-1.21998
-1.16994
-1.21069
-1.33327
-1.51705
-1.59074
-1.4313
-1.31256
-1.2065
-1.17145
-1.22609
-1.3612
-1.54529
-1.56976
-1.40915
-1.28594
-1.1896
-1.17479
-1.24811
-1.39996
-1.57927
-1.53519
-1.38789
-1.26021
-1.17508
-1.1797
-1.27092
-1.43838
-1.60451
-1.50571
-1.37537
-1.24825
-1.17072
-1.18474
-1.28419
-1.45808
-1.60987
-1.48859
-1.36604
-1.2415
-1.16995
-1.19
-1.29445
-1.47126
-1.6085
-1.47465
-1.35534
-1.23415
-1.16949
-1.19638
-1.30666
-1.48642
-1.60475
-1.4594
-1.34189
-1.22552
-1.16958
-1.20484