-1.3854
-1.32184
-1.26534
-1.22128
-1.19178
-1.17531
-1.16841
-1.16805
-1.17201
-1.17886
-1.18785
-1.19841
-1.21038
-1.22352
-1.23773
-1.253
-1.26923
-1.28641
-1.30446
-1.32325
-1.34257
-1.36218
-1.38187
-1.40149
-1.42078
-1.43939
-1.45695
-1.4732
-1.48795
-1.50096
-1.51199
-1.52082
-1.52728
-1.53121
-1.53251
-1.53111
-1.52702
-1.52026
-1.51093
-1.49915
-1.48508
-1.469
-1.45136
-1.43283
-1.41435
-1.39675
-1.38085
-1.3674
-1.35702
-1.35002
-1.34642
-1.34604
-1.34854
-1.35351
-1.36056
-1.36929
-1.37934
-1.39037
-1.40206
-1.41409
-1.42616
-1.43795
-1.44917
-1.4596
-1.46906
-1.47738
-1.48439
-1.48994
-1.49389
-1.49613