-1.3854
-1.21159
-1.15088
-1.21972
-1.28661
-1.32782
-1.34507
-1.34741
-1.34476
-1.34235
-1.34125
-1.341
-1.34105
-1.34115
-1.3412
-1.34122
-1.34122
-1.34121
-1.34121
-1.34121
-1.34121
-1.34121
-1.34121
-1.34121
-1.34121
-1.34121
-1.34121
-1.34121
-1.34121
-1.34121
-1.34121
-1.34121
-1.34121
-1.34121
-1.34121
-1.34121
-1.34121
-1.34121
-1.34121
-1.34121
-1.34121
-1.34121
-1.34121
-1.34121
-1.34121
-1.34121
-1.34121
-1.34121
-1.34121
-1.34121
-1.34121
-1.34121
-1.34121
-1.34121
-1.34121
-1.34121
-1.34121
-1.34121
-1.34121
-1.34121
-1.34121
-1.34121
-1.34121
-1.34121
-1.34121
-1.34121
-1.34121
-1.34121
-1.34121
-1.34121
-1.34121
-1.34121
-1.34121
-1.34121
-1.34121
-1.34121
-1.34121
-1.34121
-1.34121
-1.34121