-1.3854
-1.10322
-0.961101
-0.972968
-0.999227
-1.02352
-1.0436
-1.06044
-1.07545
-1.08914
-1.10169
-1.11316
-1.12363
-1.13317
-1.14188
-1.14986
-1.1572
-1.16402
-1.17041
-1.17646
-1.18227
-1.18793
-1.19354
-1.19916
-1.20489
-1.2108
-1.21699
-1.22356
-1.23063
-1.23832
-1.24682
-1.25633
-1.26707
-1.27946
-1.29408
-1.31174
-1.3336
-1.36108
-1.39543
-1.43775
-1.48532
-1.5299
-1.55881
-1.5673
-1.56592
-1.56389
-1.56322
-1.56324
-1.56335
-1.5634
-1.5634
-1.5634
-1.56339
-1.56339
-1.56339
-1.56339
-1.56339
-1.56339
-1.56339
-1.56339
-1.56339
-1.56339
-1.56339
-1.56339
-1.56339
-1.56339
-1.56339
-1.56339
-1.56339
-1.56339
-1.56339
-1.56339
-1.56339
-1.56339
-1.56339
-1.56339
-1.56339
-1.56339
-1.56339
-1.56339
-1.56339
-1.56339
-1.56339
-1.56339
-1.56339
-1.56339
-1.56339
-1.56339
-1.56339
-1.56339
-1.56339
-1.56339
-1.56339
-1.56339
-1.56339
-1.56339
-1.56339
-1.56339
-1.56339
-1.56339
-1.56339
-1.56339
-1.56339
-1.56339
-1.56339
-1.56339
-1.56339
-1.56339
-1.56339
-1.56339
-1.56339
-1.56339
-1.56339
-1.56339
-1.56339
-1.56339
-1.56339
-1.56339
-1.56339
-1.56339
-1.56339
-1.56339
-1.56339
-1.56339
-1.56339
-1.56339
-1.56339
-1.56339
-1.56339
-1.56339