-1.3854
-1.29316
-1.26372
-1.34494
-1.47913
-1.60298
-1.68715
-1.73511
-1.75911
-1.76836
-1.76992
-1.76835
-1.76612
-1.7643
-1.76312
-1.76249
-1.76222
-1.76213
-1.76214
-1.76216
-1.76219
-1.76222
-1.76223
-1.76223
-1.76224
-1.76224
-1.76224
-1.76224
-1.76224
-1.76224
-1.76224
-1.76224
-1.76224
-1.76224
-1.76224
-1.76224
-1.76224
-1.76224
-1.76224
-1.76224
-1.76224
-1.76224
-1.76224
-1.76224
-1.76224
-1.76224
-1.76224
-1.76224
-1.76224
-1.76224
-1.76224
-1.76224
-1.76224
-1.76224
-1.76224
-1.76224
-1.76224
-1.76224
-1.76224
-1.76224
-1.76224
-1.76224
-1.76224
-1.76224
-1.76224
-1.76224
-1.76224
-1.76224
-1.76224
-1.76224