-1.3854
-0.905062
-1.00476
-1.51185
-1.72014
-1.81158
-1.71391
-1.34403
-1.06114
-1.55469
-1.73346
-1.81466
-1.69606
-1.31739
-1.05728
-1.59945
-1.75131
-1.82048
-1.68991
-1.30794
-1.05597
-1.6137
-1.75821
-1.82303
-1.68938
-1.3069
-1.05574
-1.61516
-1.75894
-1.82332
-1.6894
-1.3069
-1.05573
-1.61517
-1.75894
-1.82332
-1.68941
-1.3069
-1.05573
-1.61515
-1.75894
-1.82332
-1.68941
-1.3069
-1.05573
-1.61515
-1.75894
-1.82332
-1.68941
-1.3069
-1.05573
-1.61515
-1.75894
-1.82332
-1.68941
-1.3069
-1.05573
-1.61515
-1.75894
-1.82332
-1.68941
-1.3069
-1.05573
-1.61515
-1.75894
-1.82332
-1.68941
-1.3069
-1.05573
-1.61515
-1.75894
-1.82332
-1.68941
-1.3069
-1.05573
-1.61515
-1.75894
-1.82332
-1.68941
-1.3069
-1.05573
-1.61515
-1.75894
-1.82332
-1.68941
-1.3069
-1.05573
-1.61515
-1.75894
-1.82332
-1.68941
-1.3069
-1.05573
-1.61515
-1.75894
-1.82332
-1.68941
-1.3069
-1.05573
-1.61515
-1.75894
-1.82332
-1.68941
-1.3069
-1.05573
-1.61515
-1.75894
-1.82332
-1.68941
-1.3069
-1.05573
-1.61515
-1.75894
-1.82332
-1.68941
-1.3069
-1.05573
-1.61515
-1.75894
-1.82332
-1.68941
-1.3069
-1.05573
-1.61515
-1.75894
-1.82332
-1.68941
-1.3069
-1.05573
-1.61515
-1.75894
-1.82332
-1.68941
-1.3069
-1.05573
-1.61515
-1.75894
-1.82332
-1.68941
-1.3069
-1.05573
-1.61515
-1.75894
-1.82332
-1.68941
-1.3069
-1.05573
-1.61515
-1.75894
-1.82332
-1.68941
-1.3069
-1.05573
-1.61515
-1.75894
-1.82332
-1.68941
-1.3069
-1.05573
-1.61515
-1.75894
-1.82332
-1.68941
-1.3069
-1.05573
-1.61515
-1.75894
-1.82332
-1.68941
-1.3069