-1.3854
-1.1658
-1.09264
-1.19323
-1.30932
-1.40073
-1.46516
-1.50501
-1.52401
-1.52787
-1.52492
-1.52192
-1.5207
-1.52053
-1.52065
-1.52074
-1.52077
-1.52077
-1.52077
-1.52076
-1.52076
-1.52076
-1.52076
-1.52076
-1.52076
-1.52076
-1.52076
-1.52076
-1.52076
-1.52076
-1.52076
-1.52076
-1.52076
-1.52076
-1.52076
-1.52076
-1.52076
-1.52076
-1.52076
-1.52076
-1.52076
-1.52076
-1.52076
-1.52076
-1.52076
-1.52076
-1.52076
-1.52076
-1.52076
-1.52076
-1.52076
-1.52076
-1.52076
-1.52076
-1.52076
-1.52076
-1.52076
-1.52076
-1.52076
-1.52076
-1.52076
-1.52076
-1.52076
-1.52076
-1.52076
-1.52076
-1.52076
-1.52076
-1.52076
-1.52076
-1.52076
-1.52076
-1.52076
-1.52076
-1.52076
-1.52076
-1.52076
-1.52076
-1.52076
-1.52076
-1.52076
-1.52076
-1.52076
-1.52076
-1.52076
-1.52076
-1.52076
-1.52076
-1.52076
-1.52076
-1.52076
-1.52076
-1.52076
-1.52076
-1.52076
-1.52076
-1.52076
-1.52076
-1.52076
-1.52076
-1.52076
-1.52076
-1.52076
-1.52076
-1.52076
-1.52076
-1.52076
-1.52076
-1.52076
-1.52076