-1.3854
-0.896411
-0.990416
-1.46517
-1.69607
-1.78303
-1.71744
-1.35652
-1.034
-1.49374
-1.69751
-1.78329
-1.7105
-1.34409
-1.03223
-1.51766
-1.70208
-1.78455
-1.70332
-1.33142
-1.03087
-1.54095
-1.70833
-1.78641
-1.69767
-1.3216
-1.02994
-1.55806
-1.71396
-1.78817
-1.69428
-1.31568
-1.02943
-1.5678
-1.71758
-1.78936
-1.69271
-1.3129
-1.02919
-1.57222
-1.71932
-1.78995
-1.6921
-1.31181
-1.02909
-1.57392
-1.72001
-1.79018
-1.69189
-1.31142
-1.02906
-1.57453
-1.72026
-1.79027
-1.69181
-1.31128
-1.02905
-1.57474
-1.72034
-1.7903
-1.69179
-1.31123
-1.02904
-1.57481
-1.72037
-1.79031
-1.69178
-1.31122
-1.02904
-1.57484
-1.72038
-1.79031
-1.69177
-1.31121
-1.02904
-1.57485
-1.72039
-1.79031
-1.69177
-1.31121
-1.02904
-1.57485
-1.72039
-1.79031
-1.69177
-1.31121
-1.02904
-1.57485
-1.72039
-1.79031
-1.69177
-1.31121
-1.02904
-1.57485
-1.72039
-1.79031
-1.69177
-1.31121
-1.02904
-1.57485
-1.72039
-1.79031
-1.69177
-1.31121
-1.02904
-1.57485
-1.72039
-1.79031
-1.69177
-1.31121
-1.02904
-1.57485
-1.72039
-1.79031
-1.69177
-1.31121
-1.02904
-1.57485
-1.72039
-1.79031
-1.69177
-1.31121
-1.02904
-1.57485
-1.72039
-1.79031
-1.69177
-1.31121
-1.02904
-1.57485
-1.72039
-1.79031
-1.69177
-1.31121
-1.02904
-1.57485
-1.72039
-1.79031
-1.69177
-1.31121
-1.02904
-1.57485
-1.72039
-1.79031
-1.69177
-1.31121
-1.02904
-1.57485
-1.72039
-1.79031
-1.69177
-1.31121
-1.02904
-1.57485
-1.72039
-1.79031
-1.69177
-1.31121
-1.02904
-1.57485
-1.72039
-1.79031
-1.69177
-1.31121
-1.02904
-1.57485
-1.72039
-1.79031
-1.69177
-1.31121