-1.3854
-1.09947
-0.931589
-0.918685
-0.924833
-0.931236
-0.932052
-0.926033
-0.919302
-0.922649
-0.942629
-0.979907
-1.03339
-1.10124
-1.18046
-1.26691
-1.35627
-1.44504
-1.53242
-1.61908
-1.70649
-1.79558
-1.88521
-1.96907
-2.03555
-2.07238
-2.0709
-2.01784
-1.87628
-1.66126
-1.52255
-1.40747
-1.31374
-1.25069
-1.22566
-1.2288
-1.24273
-1.25066
-1.24061
-1.21583
-1.20949
-1.25144
-1.32881
-1.42252
-1.52134
-1.62046
-1.71842
-1.81348
-1.90021
-1.96782
-2.00382
-1.99761
-1.9303
-1.76503
-1.57732
-1.45942
-1.35619
-1.27775
-1.23511
-1.22711
-1.23855
-1.2524
-1.2539
-1.23618
-1.21371
-1.22625
-1.28507
-1.37087
-1.46773
-1.56703
-1.66583
-1.76285
-1.85494
-1.9339
-1.98755
-2.0045
-1.97238
-1.86067
-1.66191
-1.51748
-1.40431
-1.31173
-1.25001
-1.22613
-1.23001
-1.24438
-1.25264
-1.24302
-1.21852
-1.21163
-1.2527
-1.32965
-1.42322
-1.52204
-1.62118
-1.71916
-1.81416
-1.90065
-1.96779
-2.0031
-1.99597
-1.92708
-1.75986
-1.57397
-1.45653
-1.35391
-1.27633
-1.2347
-1.22742
-1.23917
-1.25299
-1.25423
-1.23631
-1.21406
-1.22729
-1.28658
-1.37261
-1.46955
-1.56886
-1.66764
-1.76461
-1.85654
-1.9351
-1.98808
-2.00415
-1.97076
-1.85687
-1.6576
-1.51508
-1.40208
-1.30993
-1.24894
-1.22579
-1.23004
-1.24436
-1.25215
-1.24184
-1.21718
-1.21159
-1.25431