-1.3854
-1.08212
-0.934388
-0.970201
-1.04494
-1.16813
-1.36758
-1.64964
-1.69502
-1.53294
-1.47386
-1.36108
-1.25394
-1.18677
-1.19276
-1.26994
-1.40076
-1.50684
-1.4399
-1.33016
-1.23003
-1.18166
-1.20726
-1.30098
-1.43795
-1.5045
-1.40811
-1.29986
-1.20994
-1.18267
-1.22845
-1.33772
-1.47179
-1.48511
-1.37497
-1.26688
-1.19209
-1.18877
-1.25719
-1.38251
-1.49988
-1.4536
-1.34235
-1.23891
-1.18277
-1.20061
-1.28802
-1.42353
-1.50815
-1.42091
-1.31255
-1.21801
-1.18168
-1.21887
-1.32163
-1.45821
-1.49448
-1.38882
-1.28047
-1.19881
-1.18564
-1.24473
-1.36374
-1.48966
-1.46745
-1.3553
-1.24914
-1.18534
-1.19499
-1.27538
-1.40782
-1.50794
-1.43397
-1.32484
-1.22629
-1.18147
-1.21053
-1.30699
-1.44419
-1.50198
-1.40238
-1.29408
-1.20645
-1.18337
-1.2331
-1.34533
-1.4775
-1.48027
-1.36896
-1.26121
-1.18964
-1.1904
-1.26268
-1.39046
-1.50331
-1.44763
-1.33702
-1.23496
-1.18215
-1.20336
-1.29353
-1.42986
-1.50699
-1.41537
-1.30713
-1.2145
-1.18201
-1.22286
-1.32841
-1.46415
-1.49066
-1.38283
-1.27453
-1.19575
-1.1869
-1.25007
-1.37191
-1.4944
-1.46145
-1.34955
-1.24445
-1.18401
-1.19733
-1.28091
-1.4149
-1.50855
-1.42818
-1.31949
-1.22263
-1.18145
-1.21403
-1.31324
-1.45037
-1.49896
-1.3965
-1.28816
-1.20302
-1.18425
-1.23805
-1.35326
-1.48298
-1.47493
-1.36297
-1.25577
-1.18755
-1.19225
-1.26818
-1.39818
-1.5059
-1.44166