-1.3854
-1.23434
-1.21219
-1.3393
-1.46611
-1.55036
-1.59044
-1.60177
-1.60093
-1.59756
-1.5951
-1.59389
-1.59345
-1.59335
-1.59336
-1.59339
-1.59341
-1.59341
-1.59342
-1.59342
-1.59342
-1.59342
-1.59342
-1.59342
-1.59342
-1.59342
-1.59342
-1.59342
-1.59342
-1.59342
-1.59342
-1.59342
-1.59342
-1.59342
-1.59342
-1.59342
-1.59342
-1.59342
-1.59342
-1.59342
-1.59342
-1.59342
-1.59342
-1.59342
-1.59342
-1.59342
-1.59342
-1.59342
-1.59342
-1.59342
-1.59342
-1.59342
-1.59342
-1.59342
-1.59342
-1.59342
-1.59342
-1.59342
-1.59342
-1.59342
-1.59342
-1.59342
-1.59342
-1.59342
-1.59342
-1.59342
-1.59342
-1.59342
-1.59342
-1.59342
-1.59342
-1.59342
-1.59342
-1.59342
-1.59342
-1.59342
-1.59342
-1.59342
-1.59342
-1.59342