-1.3854
-1.13584
-1.00022
-1.02695
-1.11838
-1.27923
-1.53286
-1.68913
-1.55792
-1.53924
-1.47497
-1.41973
-1.36612
-1.32235
-1.30065
-1.30624
-1.33583
-1.37093
-1.38598
-1.37536
-1.35224
-1.3314
-1.32236
-1.32781
-1.3436
-1.35906
-1.36434
-1.35841
-1.34709
-1.33758
-1.33448
-1.33842
-1.34626
-1.35277
-1.35432
-1.35101
-1.34567
-1.34163
-1.34082
-1.34313
-1.34676
-1.34938
-1.34969
-1.34795
-1.34554
-1.34392
-1.34382
-1.34504
-1.34665
-1.34767
-1.34763
-1.34677
-1.34571
-1.34509
-1.34516
-1.34576
-1.34645
-1.34683
-1.34675
-1.34633
-1.34588
-1.34565
-1.34573
-1.34602
-1.34631
-1.34645
-1.34638
-1.34618
-1.346
-1.34592
-1.34597
-1.3461
-1.34622
-1.34627
-1.34623
-1.34614
-1.34606
-1.34603
-1.34607
-1.34613
-1.34618
-1.34619
-1.34617
-1.34613
-1.34609
-1.34609
-1.3461
-1.34613
-1.34615
-1.34615
-1.34614
-1.34612
-1.34611
-1.34611
-1.34612
-1.34613
-1.34614
-1.34614
-1.34613
-1.34612
-1.34612
-1.34612
-1.34612
-1.34613
-1.34613
-1.34613
-1.34613
-1.34613
-1.34612
-1.34612
-1.34613
-1.34613
-1.34613
-1.34613
-1.34613
-1.34613
-1.34613
-1.34613
-1.34613
-1.34613
-1.34613
-1.34613
-1.34613
-1.34613
-1.34613
-1.34613
-1.34613
-1.34613
-1.34613
-1.34613
-1.34613
-1.34613
-1.34613
-1.34613
-1.34613
-1.34613
-1.34613
-1.34613
-1.34613
-1.34613
-1.34613
-1.34613
-1.34613
-1.34613
-1.34613
-1.34613
-1.34613
-1.34613
-1.34613
-1.34613