-1.3854
-1.329
-1.29998
-1.32122
-1.39469
-1.5008
-1.61281
-1.70649
-1.77279
-1.81552
-1.84169
-1.85667
-1.86458
-1.86821
-1.86937
-1.86921
-1.86841
-1.8674
-1.86641
-1.86555
-1.86486
-1.86434
-1.86398
-1.86373
-1.86358
-1.86348
-1.86343
-1.86341
-1.86341
-1.86341
-1.86342
-1.86342
-1.86343
-1.86344
-1.86344
-1.86344
-1.86345
-1.86345
-1.86345
-1.86345
-1.86345
-1.86345
-1.86345
-1.86345
-1.86345
-1.86345
-1.86345
-1.86345
-1.86345
-1.86345
-1.86345
-1.86345
-1.86345
-1.86345
-1.86345
-1.86345
-1.86345
-1.86345
-1.86345
-1.86345
-1.86345
-1.86345
-1.86345
-1.86345
-1.86345
-1.86345
-1.86345
-1.86345
-1.86345
-1.86345