-1.3854
-1.23153
-1.2038
-1.32098
-1.4369
-1.51365
-1.54914
-1.55809
-1.55622
-1.55288
-1.55082
-1.54994
-1.54968
-1.54965
-1.54968
-1.5497
-1.54971
-1.54972
-1.54972
-1.54972
-1.54972
-1.54972
-1.54972
-1.54972
-1.54972
-1.54972
-1.54972
-1.54972
-1.54972
-1.54972
-1.54972
-1.54972
-1.54972
-1.54972
-1.54972
-1.54972
-1.54972
-1.54972
-1.54972
-1.54972
-1.54972
-1.54972
-1.54972
-1.54972
-1.54972
-1.54972
-1.54972
-1.54972
-1.54972
-1.54972
-1.54972
-1.54972
-1.54972
-1.54972
-1.54972
-1.54972
-1.54972
-1.54972
-1.54972
-1.54972
-1.54972
-1.54972
-1.54972
-1.54972
-1.54972
-1.54972
-1.54972
-1.54972
-1.54972
-1.54972
-1.54972
-1.54972
-1.54972
-1.54972
-1.54972
-1.54972
-1.54972
-1.54972
-1.54972
-1.54972