-1.3854
-0.863284
-0.934283
-1.2869
-1.65903
-1.68474
-1.68875
-1.5674
-1.14068
-1.00179
-1.63026
-1.67628
-1.69019
-1.67384
-1.41826
-0.974484
-1.24765
-1.66001
-1.68812
-1.69164
-1.61672
-1.22863
-0.95175
-1.55676
-1.6332
-1.67448
-1.67442
-1.43447
-0.986601
-1.21899
-1.66314
-1.69219
-1.69404
-1.63332
-1.26624
-0.94145
-1.51037
-1.62027
-1.67078
-1.67531
-1.44346
-0.993767
-1.20353
-1.66452
-1.69437
-1.69541
-1.64057
-1.2853
-0.938702
-1.48252
-1.61735
-1.66968
-1.67631
-1.45185
-1.00104
-1.189
-1.66546
-1.69627
-1.69662
-1.64659
-1.3026
-0.937695
-1.45438
-1.6181
-1.66929
-1.67763
-1.46304
-1.0116
-1.16944
-1.6661
-1.69843
-1.6981
-1.65349
-1.32422
-0.938548
-1.41728
-1.62315
-1.66976
-1.67969
-1.48203
-1.03101
-1.13551
-1.66596
-1.70101
-1.70012
-1.66224
-1.35449
-0.944285
-1.36574
-1.63385
-1.67208
-1.6835
-1.52215
-1.07748
-1.06727
-1.65682
-1.69719
-1.69963
-1.67192
-1.39892
-0.96248
-1.2837
-1.65382
-1.68258
-1.68919
-1.58977
-1.17832
-0.975491
-1.605
-1.65839
-1.68291
-1.67406
-1.42564
-0.979841
-1.2344
-1.66156
-1.69
-1.69268
-1.62497
-1.24639
-0.946124
-1.53585
-1.62606
-1.67242
-1.67479
-1.43851
-0.989751
-1.21205
-1.6638
-1.69318
-1.69466
-1.63668
-1.27484
-0.939998
-1.49829
-1.61856
-1.67022
-1.67568
-1.44665
-0.996458
-1.19801
-1.66492
-1.69511
-1.69588
-1.64295
-1.29197
-0.938144
-1.47193
-1.61724
-1.66945
-1.67678
-1.45577
-1.00466
-1.1822
-1.66577
-1.69708
-1.69716
-1.64915
-1.31038
-0.937721
-1.44117
-1.61947
-1.66934
-1.67832
-1.46908
-1.01759
-1.1587
-1.66618
-1.6994
-1.69881