-1.3854
-1.17795
-1.11235
-1.20859
-1.30064
-1.36518
-1.40506
-1.42468
-1.43158
-1.43198
-1.43038
-1.42902
-1.42828
-1.42799
-1.4279
-1.4279
-1.42791
-1.42792
-1.42793
-1.42793
-1.42793
-1.42793
-1.42793
-1.42793
-1.42793
-1.42793
-1.42793
-1.42793
-1.42793
-1.42793
-1.42793
-1.42793
-1.42793
-1.42793
-1.42793
-1.42793
-1.42793
-1.42793
-1.42793
-1.42793
-1.42793
-1.42793
-1.42793
-1.42793
-1.42793
-1.42793
-1.42793
-1.42793
-1.42793
-1.42793
-1.42793
-1.42793
-1.42793
-1.42793
-1.42793
-1.42793
-1.42793
-1.42793
-1.42793
-1.42793
-1.42793
-1.42793
-1.42793
-1.42793
-1.42793
-1.42793
-1.42793
-1.42793
-1.42793
-1.42793
-1.42793
-1.42793
-1.42793
-1.42793
-1.42793
-1.42793
-1.42793
-1.42793
-1.42793
-1.42793
-1.42793
-1.42793
-1.42793
-1.42793
-1.42793
-1.42793
-1.42793
-1.42793
-1.42793
-1.42793
-1.42793
-1.42793
-1.42793
-1.42793
-1.42793
-1.42793
-1.42793
-1.42793
-1.42793
-1.42793