-1.3854
-1.1328
-1.02357
-1.07679
-1.15485
-1.23016
-1.30067
-1.3691
-1.43849
-1.51037
-1.57768
-1.61855
-1.6216
-1.61227
-1.60892
-1.60937
-1.61001
-1.61012
-1.61006
-1.61002
-1.61002
-1.61002
-1.61003
-1.61003
-1.61003
-1.61003
-1.61003
-1.61003
-1.61003
-1.61003
-1.61003
-1.61003
-1.61003
-1.61003
-1.61003
-1.61003
-1.61003
-1.61003
-1.61003
-1.61003
-1.61003
-1.61003
-1.61003
-1.61003
-1.61003
-1.61003
-1.61003
-1.61003
-1.61003
-1.61003
-1.61003
-1.61003
-1.61003
-1.61003
-1.61003
-1.61003
-1.61003
-1.61003
-1.61003
-1.61003
-1.61003
-1.61003
-1.61003
-1.61003
-1.61003
-1.61003
-1.61003
-1.61003
-1.61003
-1.61003
-1.61003
-1.61003
-1.61003
-1.61003
-1.61003
-1.61003
-1.61003
-1.61003
-1.61003
-1.61003
-1.61003
-1.61003
-1.61003
-1.61003
-1.61003
-1.61003
-1.61003
-1.61003
-1.61003
-1.61003
-1.61003
-1.61003
-1.61003
-1.61003
-1.61003
-1.61003
-1.61003
-1.61003
-1.61003
-1.61003
-1.61003
-1.61003
-1.61003
-1.61003
-1.61003
-1.61003
-1.61003
-1.61003
-1.61003
-1.61003
-1.61003
-1.61003
-1.61003
-1.61003
-1.61003
-1.61003
-1.61003
-1.61003
-1.61003
-1.61003