-1.3854
-0.885242
-0.972039
-1.40621
-1.67614
-1.74785
-1.72055
-1.39886
-1.0041
-1.36036
-1.68004
-1.74949
-1.73803
-1.45736
-1.02957
-1.24224
-1.70153
-1.76592
-1.76879
-1.5882
-1.15695
-1.03793
-1.68057
-1.7599
-1.78207
-1.68707
-1.30863
-0.994123
-1.53376
-1.67985
-1.74927
-1.69388
-1.33204
-0.995866
-1.49331
-1.67141
-1.74651
-1.70193
-1.35114
-0.996551
-1.457
-1.66933
-1.74563
-1.71081
-1.37345
-0.998679
-1.41249
-1.6725
-1.7464
-1.72254
-1.4054
-1.00611
-1.34667
-1.68249
-1.75085
-1.74184
-1.47227
-1.03903
-1.21377
-1.70432
-1.76968
-1.77456
-1.61445
-1.19255
-1.01595
-1.66103
-1.74515
-1.77497
-1.68643
-1.30941
-0.994315
-1.5326
-1.67953
-1.74916
-1.69407
-1.33249
-0.995883
-1.49248
-1.6713
-1.74648
-1.70212
-1.3516
-0.996575
-1.45609
-1.66934
-1.74563
-1.71105
-1.37405
-0.998768
-1.41128
-1.67265
-1.74645
-1.72289
-1.40641
-1.00645
-1.34456
-1.68289
-1.75109
-1.74241
-1.47452
-1.04059
-1.20956
-1.70468
-1.77023
-1.77537
-1.61798
-1.19748
-1.01356
-1.65774
-1.74274
-1.77384
-1.68627
-1.30941
-0.994341
-1.53262
-1.67954
-1.74916
-1.69407
-1.33248
-0.995882
-1.49249
-1.67131
-1.74648
-1.70212
-1.3516
-0.996575
-1.45611
-1.66934
-1.74563
-1.71104
-1.37405
-0.998767
-1.4113
-1.67264
-1.74645
-1.72289
-1.4064
-1.00644
-1.34459
-1.68289
-1.75109
-1.7424
-1.47449
-1.04057
-1.20962
-1.70467
-1.77022
-1.77535
-1.61793
-1.19742
-1.0136
-1.65778
-1.74277
-1.77385
-1.68627
-1.30941
-0.994341
-1.53262
-1.67954
-1.74916
-1.69407
-1.33248
-0.995882
-1.49249
-1.67131
-1.74648
-1.70212
-1.3516
-0.996575
-1.45611