-1.3854
-1.1851
-1.12402
-1.21995
-1.30736
-1.36459
-1.39565
-1.40781
-1.40937
-1.40758
-1.40585
-1.40497
-1.40469
-1.40466
-1.40469
-1.40471
-1.40473
-1.40473
-1.40473
-1.40473
-1.40473
-1.40473
-1.40473
-1.40473
-1.40473
-1.40473
-1.40473
-1.40473
-1.40473
-1.40473
-1.40473
-1.40473
-1.40473
-1.40473
-1.40473
-1.40473
-1.40473
-1.40473
-1.40473
-1.40473
-1.40473
-1.40473
-1.40473
-1.40473
-1.40473
-1.40473
-1.40473
-1.40473
-1.40473
-1.40473
-1.40473
-1.40473
-1.40473
-1.40473
-1.40473
-1.40473
-1.40473
-1.40473
-1.40473
-1.40473
-1.40473
-1.40473
-1.40473
-1.40473
-1.40473
-1.40473
-1.40473
-1.40473
-1.40473
-1.40473
-1.40473
-1.40473
-1.40473
-1.40473
-1.40473
-1.40473
-1.40473
-1.40473
-1.40473
-1.40473
-1.40473
-1.40473
-1.40473
-1.40473
-1.40473
-1.40473
-1.40473
-1.40473
-1.40473
-1.40473
-1.40473
-1.40473
-1.40473
-1.40473
-1.40473
-1.40473
-1.40473
-1.40473
-1.40473
-1.40473