-7.0809
-6.90948
-6.70479
-6.47565
-6.23804
-6.00394
-5.77766
-5.56002
-5.35046
-5.14764
-4.95106
-4.76259
-4.58578
-4.42332
-4.27551
-4.14094
-4.01741
-3.90311
-3.79688
-3.69821
-3.60686
-3.52293
-3.44622
-3.37638
-3.31312
-3.25578
-3.20355
-3.15592
-3.11235
-3.07227
-3.03514
-3.00053
-2.9681
-2.93759
-2.90875
-2.88139
-2.85533
-2.83041
-2.80646
-2.78336
-2.76101
-2.73933
-2.71824
-2.69771
-2.6777
-2.65817
-2.63911
-2.62046
-2.60219
-2.58425
-2.56662
-2.54928
-2.53219
-2.51536
-2.49878
-2.48243
-2.46633
-2.45047
-2.43485
-2.41948
-2.40433
-2.38941
-2.3747
-2.3602
-2.34591
-2.33183
-2.31793
-2.30423
-2.29072
-2.27738
-2.26424
-2.25126
-2.23847
-2.22585
-2.2134
-2.20112
-2.18901
-2.17707
-2.16529
-2.15366
-2.1422
-2.13088
-2.11971
-2.10868
-2.09779
-2.08703
-2.07639
-2.06588
-2.05548
-2.0452
-2.03501
-2.02493
-2.01495
-2.00506
-1.99525
-1.98554
-1.97591
-1.96636
-1.95688
-1.94748
-1.93816
-1.9289
-1.91971
-1.91058
-1.90152
-1.89251
-1.88356
-1.87467
-1.86582
-1.85703
-1.84829
-1.8396
-1.83094
-1.82233
-1.81376
-1.80522
-1.79672
-1.78824
-1.77979
-1.77136
-1.76296
-1.75458
-1.74622
-1.73787
-1.72955
-1.72124
-1.71295
-1.70468
-1.69642
-1.68819
-1.67996
-1.67176
-1.66357
-1.65541
-1.64726
-1.63914
-1.63104
-1.62297
-1.61491
-1.60688
-1.59887
-1.59088
-1.58291
-1.57495
-1.56702
-1.55911
-1.55122
-1.54334
-1.53549
-1.52766