-7.0809
-6.91926
-6.72776
-6.51342
-6.28963
-6.06751
-5.85177
-5.64354
-5.44262
-5.24792
-5.05842
-4.8746
-4.69884
-4.53426
-4.38282
-4.24411
-4.11647
-3.9981
-3.88746
-3.7838
-3.68684
-3.59665
-3.51358
-3.43756
-3.36843
-3.306
-3.24958
-3.19839
-3.15195
-3.1097
-3.07101
-3.0353
-3.00211
-2.97113
-2.94206
-2.91465
-2.88868
-2.86395
-2.84029
-2.81753
-2.79552
-2.77416
-2.75334
-2.733
-2.71308
-2.69353
-2.67431
-2.65539
-2.63676
-2.61834
-2.60008
-2.58194
-2.56388
-2.54588
-2.52793
-2.51001
-2.49212
-2.47427
-2.45648
-2.43877
-2.42114
-2.40357
-2.38605
-2.36859
-2.35118
-2.33382
-2.31653
-2.29932
-2.28219
-2.26518
-2.24829
-2.23156
-2.215
-2.19861
-2.18242
-2.16643
-2.15065
-2.13509
-2.11976
-2.10465
-2.08978
-2.07515
-2.06075
-2.0466
-2.03269
-2.01902
-2.00561
-1.99246
-1.97957
-1.96694
-1.95458
-1.94248
-1.93063
-1.91904
-1.9077
-1.8966
-1.88574
-1.87511
-1.86471
-1.85452
-1.84454
-1.83476
-1.82518
-1.81579
-1.8066
-1.79759
-1.78877
-1.78013
-1.77166
-1.76338
-1.75526
-1.7473
-1.73951
-1.73188
-1.7244
-1.71707
-1.70988
-1.70284
-1.69593
-1.68916