-7.0809
-6.92906
-6.75059
-6.551
-6.34128
-6.13133
-5.92595
-5.72652
-5.53316
-5.34509
-5.16097
-4.98014
-4.80385
-4.63481
-4.47548
-4.3268
-4.18802
-4.05707
-3.93232
-3.81241
-3.69728
-3.58725
-3.48353
-3.38704
-3.29875
-3.21881
-3.14697
-3.08285
-3.02553
-2.97413
-2.92803
-2.88654
-2.84898
-2.81476
-2.78345
-2.7547
-2.72821
-2.70371
-2.68096
-2.65976
-2.63993
-2.62132
-2.60381
-2.58729
-2.57166
-2.55684
-2.54276
-2.52937
-2.5166
-2.5044
-2.49275
-2.48159
-2.47089
-2.46063
-2.45077
-2.4413
-2.43217
-2.42336
-2.41486
-2.40664
-2.39869
-2.39098
-2.38351
-2.37626
-2.36922
-2.36237
-2.35572
-2.34924
-2.34293
-2.33678