-7.0809
-6.9078
-6.70086
-6.46922
-6.22934
-5.99336
-5.76548
-5.54651
-5.33583
-5.13212
-4.93503
-4.74662
-4.57054
-4.40941
-4.26327
-4.13054
-4.00907
-3.89705
-3.79336
-3.69745
-3.60901
-3.52806
-3.45427
-3.38719
-3.32648
-3.27149
-3.2214
-3.17563
-3.13369
-3.09508
-3.05928
-3.02583
-2.9944
-2.96471
-2.93655
-2.90971
-2.88404
-2.85937
-2.8356
-2.81256
-2.79014
-2.76826
-2.74682
-2.72579
-2.70511
-2.68475
-2.66469
-2.64493
-2.62543
-2.60615
-2.58704
-2.56807
-2.54923
-2.5305
-2.51188
-2.49336
-2.47496
-2.45667
-2.43853
-2.42054
-2.40268
-2.38496
-2.36738
-2.34994
-2.33263
-2.31547
-2.29845
-2.28158
-2.26486
-2.2483
-2.23191
-2.21569
-2.19964
-2.18378
-2.16811
-2.15262
-2.13732
-2.12221
-2.10728
-2.09253
-2.07796
-2.06357
-2.04935
-2.03529
-2.0214
-2.00766
-1.99409
-1.98067
-1.96741
-1.9543
-1.94134
-1.92854
-1.91587
-1.90336
-1.89098
-1.87874
-1.86663
-1.85466
-1.84282
-1.8311
-1.8195
-1.80802
-1.79666
-1.78541
-1.77426
-1.76323
-1.7523
-1.74148
-1.73076
-1.72014
-1.70962
-1.6992
-1.68888
-1.67866
-1.66854
-1.65852
-1.6486
-1.63878
-1.62905
-1.61943
-1.6099
-1.60048
-1.59115
-1.58191
-1.57277
-1.56372
-1.55477
-1.54591
-1.53714
-1.52847
-1.51989
-1.51139
-1.50299
-1.49468
-1.48646
-1.47833
-1.47029
-1.46233
-1.45447
-1.44669
-1.43901
-1.43141
-1.42389
-1.41647
-1.40913
-1.40188
-1.39472
-1.38765
-1.38066
-1.37376
-1.36694
-1.36021
-1.35357
-1.34701
-1.34053
-1.33413
-1.32782
-1.32158
-1.31543
-1.30935
-1.30335
-1.29743
-1.29158
-1.28581
-1.28011
-1.27448
-1.26892
-1.26343
-1.25801
-1.25266