-7.0809
-6.92434
-6.73964
-6.53299
-6.31656
-6.10089
-5.8908
-5.68757
-5.4912
-5.3008
-5.11519
-4.93418
-4.75952
-4.59429
-4.44075
-4.29922
-4.16867
-4.04712
-3.93309
-3.82538
-3.72382
-3.62832
-3.53945
-3.45747
-3.38241
-3.31432
-3.25272
-3.19683
-3.14619
-3.10021
-3.05819
-3.01947
-2.98361
-2.95024
-2.91903
-2.88969
-2.86196
-2.8356
-2.81039
-2.78618
-2.76281
-2.74018
-2.71821
-2.69682
-2.67595
-2.65555
-2.6356
-2.61601
-2.59671
-2.57766
-2.55882
-2.54015
-2.52164
-2.50327
-2.48505
-2.46698
-2.44907
-2.43133
-2.41374
-2.3963
-2.37899
-2.3618
-2.34474
-2.3278
-2.31099
-2.29432
-2.2778
-2.26144
-2.24526
-2.22927
-2.21349
-2.19793
-2.18258
-2.16745
-2.15256
-2.13789
-2.12346
-2.10927
-2.09531
-2.0816
-2.06812
-2.05488
-2.04188
-2.02912
-2.01659
-2.00431
-1.99228
-1.9805
-1.96896
-1.95766
-1.9466
-1.93578
-1.9252
-1.91484
-1.9047
-1.89478
-1.88508
-1.87557
-1.86627
-1.85716