-7.0809
-6.91694
-6.72232
-6.50446
-6.27735
-6.05235
-5.83408
-5.62359
-5.42061
-5.22397
-5.03272
-4.84767
-4.67155
-4.50739
-4.35684
-4.2193
-4.09283
-3.97571
-3.86637
-3.76424
-3.66895
-3.58066
-3.49954
-3.42543
-3.35813
-3.29731
-3.24226
-3.19221
-3.1467
-3.10517
-3.06702
-3.03168
-2.99875
-2.96791
-2.93889
-2.91145
-2.88538
-2.86049
-2.83662
-2.8136
-2.79129
-2.7696
-2.74843
-2.7277
-2.70737
-2.6874
-2.66774
-2.64839
-2.62929
-2.61038
-2.59163
-2.57298
-2.55441
-2.53589
-2.51742
-2.49899
-2.48061
-2.46229
-2.44404
-2.42588
-2.40779
-2.38977
-2.37181
-2.35392
-2.33608
-2.31832
-2.30064
-2.28305
-2.26557
-2.24823
-2.23103
-2.214
-2.19715
-2.18049
-2.16403
-2.14777
-2.13173
-2.11591
-2.10031
-2.08494
-2.0698
-2.05489
-2.04021
-2.02577
-2.01158
-1.99763
-1.98393
-1.97049
-1.95731
-1.94438
-1.9317
-1.91927
-1.90708
-1.89514
-1.88343
-1.87195
-1.8607
-1.84966
-1.83883
-1.8282
-1.81777
-1.80755
-1.79751
-1.78767
-1.77802
-1.76855
-1.75927
-1.75016
-1.74123
-1.73247
-1.72387
-1.71544
-1.70716
-1.69904
-1.69106
-1.68323
-1.67554
-1.66799
-1.66057
-1.65328