-7.0809
-6.92705
-6.74595
-6.54342
-6.33098
-6.11882
-5.91182
-5.71133
-5.51745
-5.3294
-5.14593
-4.96658
-4.79281
-4.62747
-4.47293
-4.32999
-4.1979
-4.07468
-3.95882
-3.84895
-3.74479
-3.6462
-3.55379
-3.46797
-3.38894
-3.31692
-3.25157
-3.19217
-3.13831
-3.08939
-3.04467
-3.00349
-2.96541
-2.93003
-2.89701
-2.86601
-2.83674
-2.80896
-2.78245
-2.75705
-2.73263
-2.70908
-2.68631
-2.66427
-2.64288
-2.62208
-2.60178
-2.58193
-2.56246
-2.54335
-2.52456
-2.50607
-2.48788
-2.46997
-2.45236
-2.43504
-2.418
-2.40121
-2.38467
-2.36836
-2.35228
-2.33641
-2.32075
-2.30531
-2.29009
-2.27509
-2.26031
-2.24576
-2.23144
-2.21737
-2.20353
-2.18993
-2.17657
-2.16345
-2.15056
-2.1379
-2.12547
-2.11327
-2.1013
-2.08954