-7.0809
-6.92835
-6.74897
-6.54837
-6.33776
-6.12715
-5.92138
-5.72186
-5.52869
-5.34112
-5.15786
-4.97833
-4.80385
-4.63715
-4.48065
-4.3353
-4.20039
-4.07395
-3.95443
-3.84039
-3.73167
-3.62821
-3.53092
-3.44038
-3.35712
-3.28147
-3.21299
-3.15125
-3.09573
-3.04563
-3.00013
-2.95871
-2.92086
-2.88612
-2.85404
-2.82424
-2.79642
-2.77035
-2.74583
-2.72268
-2.70077
-2.67996
-2.66016
-2.64127
-2.62318
-2.60582
-2.58912
-2.57301
-2.55744
-2.54237
-2.52777
-2.5136
-2.49983
-2.48644
-2.47342
-2.46075
-2.44841
-2.43638
-2.42464
-2.41318
-2.40197
-2.39099
-2.38024
-2.36969
-2.35935
-2.34919
-2.33922
-2.32942
-2.31978
-2.31031
-2.30099
-2.29183
-2.28282
-2.27395
-2.26522
-2.25664
-2.24819
-2.23989
-2.23171
-2.22366