-7.0809
-6.92396
-6.73876
-6.53154
-6.31456
-6.0984
-5.88787
-5.68426
-5.48753
-5.29679
-5.11087
-4.92961
-4.75481
-4.58957
-4.43614
-4.29476
-4.16437
-4.04299
-3.92912
-3.82161
-3.72029
-3.62508
-3.53655
-3.45492
-3.38022
-3.31247
-3.25117
-3.19553
-3.1451
-3.09928
-3.05738
-3.01874
-2.98292
-2.94955
-2.91831
-2.88891
-2.86109
-2.83461
-2.80926
-2.78487
-2.76132
-2.73847
-2.71626
-2.6946
-2.67345
-2.65276
-2.63248
-2.61254
-2.59288
-2.57344
-2.55418
-2.53507
-2.51611
-2.49728
-2.47858
-2.46002
-2.44162
-2.42338
-2.40528
-2.38731
-2.36946
-2.35174
-2.33412
-2.31664
-2.29928
-2.28207
-2.26502
-2.24815
-2.23147
-2.21501
-2.19876
-2.18274
-2.16695
-2.1514
-2.1361
-2.12105
-2.10624
-2.09169
-2.07739
-2.06335
-2.04955
-2.03602
-2.02273
-2.00971
-1.99696
-1.98446
-1.97224
-1.96028
-1.94857
-1.93713
-1.92594
-1.915
-1.9043
-1.89384
-1.8836
-1.87359
-1.8638
-1.85421
-1.84483
-1.83563