-7.0809
-6.92541
-6.74212
-6.5371
-6.32223
-6.10794
-5.89906
-5.69692
-5.50153
-5.31207
-5.12733
-4.94698
-4.77268
-4.60743
-4.45353
-4.31149
-4.1804
-4.05827
-3.94361
-3.83515
-3.73269
-3.63611
-3.546
-3.46269
-3.38627
-3.31684
-3.25398
-3.19693
-3.14525
-3.09835
-3.05551
-3.01607
-2.97957
-2.94566
-2.91398
-2.88423
-2.85615
-2.82949
-2.80403
-2.7796
-2.75608
-2.73335
-2.71132
-2.68992
-2.66909
-2.64878
-2.62895
-2.60951
-2.5904
-2.57158
-2.55301
-2.53465
-2.5165
-2.49853
-2.48076
-2.46318
-2.4458
-2.42862
-2.41163
-2.39481
-2.37816
-2.36165
-2.3453
-2.32909
-2.31304
-2.29714
-2.28141
-2.26585
-2.25047
-2.2353
-2.22033
-2.20557
-2.19102
-2.1767
-2.16259
-2.1487
-2.13504
-2.1216
-2.10839
-2.0954
-2.08263
-2.07009
-2.05776
-2.04565
-2.03376
-2.02209
-2.01064
-1.99941
-1.9884
-1.97761