-7.0809
-6.94501
-6.78767
-6.61271
-6.42798
-6.24128
-6.05751
-5.87874
-5.70562
-5.53815
-5.37582
-5.21772
-5.06361
-4.91448
-4.77236
-4.64016
-4.52004
-4.41298
-4.31859
-4.23577
-4.16289
-4.09863
-4.04157
-3.99053
-3.94464
-3.90314
-3.86538
-3.8308
-3.799
-3.76962
-3.74236
-3.71699
-3.69329
-3.67109
-3.65023
-3.63056
-3.61198
-3.59438
-3.57767
-3.56177
-3.54662
-3.53216
-3.51834
-3.50511
-3.49244
-3.48028
-3.4686
-3.45738
-3.44657
-3.43614
-3.42608
-3.41635
-3.40695
-3.39784
-3.38901
-3.38045
-3.37214
-3.36406
-3.35622
-3.34859