-7.0809
-6.91047
-6.70714
-6.4795
-6.24326
-6.01035
-5.78509
-5.56836
-5.35963
-5.15755
-4.96156
-4.7734
-4.59652
-4.43368
-4.28533
-4.15018
-4.02601
-3.91101
-3.80393
-3.70429
-3.6118
-3.52662
-3.44857
-3.37733
-3.31265
-3.2539
-3.20026
-3.15124
-3.1063
-3.06485
-3.02632
-2.9903
-2.95645
-2.92451
-2.89422
-2.86538
-2.83781
-2.81132
-2.78576
-2.761
-2.73695
-2.71353
-2.69068
-2.66838
-2.64659
-2.62526
-2.60435
-2.58381
-2.56358
-2.54366
-2.52402
-2.50464
-2.48552
-2.46666
-2.44806
-2.42973
-2.41167
-2.39385
-2.37628
-2.35895
-2.34185
-2.32497
-2.30831
-2.29188
-2.27565
-2.25964
-2.24384
-2.22825
-2.21287
-2.19769
-2.18273
-2.16796
-2.1534
-2.13903
-2.12485
-2.11086
-2.09704
-2.0834
-2.06992
-2.05661
-2.04344
-2.03042
-2.01755
-2.0048
-1.99219
-1.9797
-1.96734
-1.95509
-1.94296
-1.93093
-1.91902
-1.9072
-1.89549
-1.88388
-1.87235
-1.86092
-1.84958
-1.83832
-1.82714
-1.81605
-1.80502
-1.79406
-1.78317
-1.77234
-1.76157
-1.75085
-1.74019
-1.72959
-1.71904
-1.70854
-1.6981
-1.6877
-1.67736
-1.66708
-1.65685
-1.64668
-1.63657
-1.62652
-1.61652
-1.60659
-1.59672
-1.5869
-1.57714
-1.56744
-1.55779
-1.5482
-1.53867
-1.5292
-1.51978
-1.51042
-1.50113
-1.49189
-1.48272
-1.47361
-1.46456
-1.45558
-1.44667
-1.43783
-1.42906
-1.42036
-1.41173
-1.40318
-1.3947
-1.3863
-1.37798
-1.36974
-1.36157
-1.35348
-1.34548
-1.33755