-7.0809
-6.91145
-6.70943
-6.48327
-6.24842
-6.01671
-5.79254
-5.57681
-5.36903
-5.16789
-4.97274
-4.78518
-4.60859
-4.44576
-4.29733
-4.16215
-4.03799
-3.92307
-3.81603
-3.71641
-3.62385
-3.53851
-3.46027
-3.38881
-3.32391
-3.26498
-3.21123
-3.16212
-3.11714
-3.07572
-3.03728
-3.00139
-2.96769
-2.93592
-2.90582
-2.87717
-2.84981
-2.82354
-2.79821
-2.77367
-2.74984
-2.72661
-2.70394
-2.68178
-2.66008
-2.63884
-2.61798
-2.59747
-2.57725
-2.55729
-2.53756
-2.51806
-2.49877
-2.47968
-2.4608
-2.44215
-2.42371
-2.40548
-2.38745
-2.36961
-2.35196
-2.3345
-2.31722
-2.30011
-2.28319
-2.26644
-2.24987
-2.23348
-2.21727
-2.20125
-2.18541
-2.16975
-2.15428
-2.13898
-2.12385
-2.1089
-2.09412
-2.0795
-2.06503
-2.05072
-2.03656
-2.02254
-2.00865
-1.99491
-1.98129
-1.96781
-1.95445
-1.94121
-1.92809
-1.9151
-1.90221
-1.88944
-1.87678
-1.86423
-1.85178
-1.83943
-1.82719
-1.81504
-1.80298
-1.79102
-1.77913
-1.76734
-1.75562
-1.74399
-1.73243
-1.72095
-1.70955
-1.69823
-1.68699
-1.67583
-1.66475
-1.65374
-1.64283
-1.63199
-1.62124
-1.61058
-1.6
-1.58951
-1.5791
-1.56877
-1.55853
-1.54837
-1.53829
-1.5283
-1.5184
-1.50858
-1.49884
-1.48919
-1.47963
-1.47016
-1.46077
-1.45147
-1.44226
-1.43315
-1.42412
-1.41519
-1.40635
-1.3976
-1.38895
-1.3804
-1.37194
-1.36357
-1.3553
-1.34713
-1.33905
-1.33107
-1.32318
-1.31538
-1.30768
-1.30007