-7.0809
-6.91064
-6.70754
-6.48015
-6.24415
-6.01145
-5.78638
-5.56982
-5.36125
-5.15933
-4.96348
-4.77542
-4.59858
-4.43574
-4.28738
-4.15222
-4.02805
-3.91306
-3.80598
-3.70634
-3.61383
-3.52862
-3.45054
-3.37926
-3.31455
-3.25577
-3.20213
-3.1531
-3.10817
-3.06674
-3.02824
-2.99226
-2.95846
-2.92657
-2.89634
-2.86756
-2.84005
-2.81363
-2.78814
-2.76345
-2.73947
-2.71612
-2.69335
-2.6711
-2.64936
-2.6281
-2.60724
-2.58674
-2.56656
-2.54668
-2.52707
-2.50771
-2.48861
-2.46975
-2.45115
-2.43281
-2.41473
-2.39689
-2.37928
-2.3619
-2.34475
-2.32781
-2.31109
-2.29458
-2.27827
-2.26217
-2.24628
-2.23058
-2.2151
-2.19981
-2.18472
-2.16983
-2.15514
-2.14063
-2.12631
-2.11218
-2.09822
-2.08442
-2.0708
-2.05733
-2.044
-2.03083
-2.01778
-2.00488
-1.9921
-1.97945
-1.96691
-1.9545
-1.94219
-1.93
-1.91791
-1.90593
-1.89404
-1.88225
-1.87056
-1.85895
-1.84743
-1.836
-1.82466
-1.81338
-1.80219
-1.79106
-1.77999
-1.76899
-1.75805
-1.74717
-1.73635
-1.72558
-1.71486
-1.70421
-1.69361
-1.68306
-1.67257
-1.66214
-1.65176
-1.64145
-1.6312
-1.62102
-1.61089
-1.60083
-1.59083
-1.58089
-1.57101
-1.5612
-1.55144
-1.54174
-1.53211
-1.52253
-1.51302
-1.50357
-1.49419
-1.48487
-1.47562
-1.46644
-1.45733
-1.44828
-1.43931
-1.43042
-1.4216
-1.41285
-1.40419
-1.3956
-1.38709
-1.37866
-1.37032
-1.36206
-1.35387
-1.34578
-1.33776
-1.32983