-7.0809
-6.92734
-6.74663
-6.54453
-6.33249
-6.12067
-5.91392
-5.71361
-5.51984
-5.33183
-5.14833
-4.96884
-4.79478
-4.62899
-4.47385
-4.33018
-4.19723
-4.07302
-3.95601
-3.84482
-3.7392
-3.63903
-3.54498
-3.45751
-3.37689
-3.30338
-3.23657
-3.17583
-3.12074
-3.07064
-3.02474
-2.98245
-2.94333
-2.90697
-2.873
-2.84106
-2.81087
-2.78217
-2.75478
-2.72854
-2.70333
-2.67905
-2.6556
-2.63293
-2.61094
-2.58953
-2.56865
-2.54824
-2.52826
-2.50868
-2.4895
-2.47068
-2.45224
-2.43417
-2.41645
-2.39905
-2.38196
-2.36516
-2.34865
-2.3324
-2.31642
-2.30071
-2.28526
-2.27007
-2.25515
-2.2405
-2.22612
-2.21201
-2.19817
-2.18459
-2.17127
-2.15821
-2.1454
-2.13284
-2.12053
-2.10846
-2.09663
-2.08503
-2.07365
-2.06251