-7.0809
-6.92872
-6.74982
-6.54972
-6.33952
-6.12915
-5.92341
-5.72369
-5.53008
-5.34179
-5.15749
-4.97655
-4.80026
-4.63136
-4.4723
-4.32396
-4.18557
-4.05506
-3.93079
-3.81142
-3.69688
-3.58749
-3.4844
-3.38848
-3.30064
-3.22103
-3.14934
-3.08521
-3.02773
-2.97605
-2.92954
-2.88753
-2.84938
-2.81451
-2.78249
-2.75299
-2.7257
-2.70037
-2.67677
-2.6547
-2.63399
-2.61449
-2.59607
-2.57864
-2.56209
-2.54635
-2.53135
-2.51703
-2.50334
-2.49023
-2.47766
-2.46559
-2.454
-2.44284
-2.4321
-2.42173
-2.41171
-2.40202
-2.39263
-2.38353
-2.3747
-2.36612
-2.35779
-2.34967
-2.34177
-2.33408
-2.32658
-2.31926
-2.31213
-2.30516