-7.0809
-6.92389
-6.73857
-6.53124
-6.31414
-6.09788
-5.88727
-5.68358
-5.48678
-5.29598
-5.11
-4.9287
-4.75388
-4.58865
-4.43526
-4.29393
-4.16359
-4.04227
-3.92848
-3.82104
-3.71982
-3.62471
-3.5363
-3.4548
-3.38023
-3.31261
-3.25143
-3.19591
-3.14559
-3.09988
-3.05808
-3.01953
-2.9838
-2.95052
-2.91936
-2.89004
-2.8623
-2.83589
-2.81063
-2.78632
-2.76284
-2.74007
-2.71793
-2.69634
-2.67526
-2.65463
-2.63442
-2.61455
-2.59495
-2.57557
-2.55638
-2.53734
-2.51843
-2.49965
-2.481
-2.46249
-2.44412
-2.42592
-2.40785
-2.38991
-2.37209
-2.35438
-2.33678
-2.31931
-2.30196
-2.28475
-2.26769
-2.25081
-2.23411
-2.21762
-2.20135
-2.1853
-2.16948
-2.15389
-2.13855
-2.12345
-2.1086
-2.09399
-2.07965
-2.06555
-2.0517
-2.03811
-2.02477
-2.01169
-1.99888
-1.98633
-1.97404
-1.96201
-1.95025
-1.93875
-1.9275
-1.9165
-1.90574
-1.89522
-1.88493
-1.87487
-1.86502
-1.85538
-1.84594
-1.8367