-7.0809
-6.91401
-6.71546
-6.49317
-6.26191
-6.03332
-5.81188
-5.59859
-5.39305
-5.19399
-5.00063
-4.81419
-4.63777
-4.47429
-4.32488
-4.18869
-4.06356
-3.94777
-3.83982
-3.73927
-3.64573
-3.55937
-3.4802
-3.40796
-3.34244
-3.28318
-3.2294
-3.18046
-3.13587
-3.09508
-3.0575
-3.02262
-2.99008
-2.95958
-2.93086
-2.90369
-2.87788
-2.85326
-2.82966
-2.80693
-2.78496
-2.76364
-2.74289
-2.72266
-2.70288
-2.68352
-2.66455
-2.64595
-2.62767
-2.60967
-2.5919
-2.57432
-2.55691
-2.53966
-2.52254
-2.50555
-2.48868
-2.47195
-2.45534
-2.43888
-2.42256
-2.40637
-2.39029
-2.37433
-2.35848
-2.34273
-2.32709
-2.31156
-2.29613
-2.28082
-2.26562
-2.25055
-2.23562
-2.22081
-2.20615
-2.19163
-2.17725
-2.16301
-2.14892
-2.13498
-2.12118
-2.10753
-2.09402
-2.08066
-2.06744
-2.05437
-2.04144
-2.02864
-2.01599
-2.00348
-1.99111
-1.97889
-1.9668
-1.95485
-1.94305
-1.93137
-1.91984
-1.90844
-1.89717
-1.88603
-1.87502
-1.86414
-1.85338
-1.84274
-1.83221
-1.82181
-1.81152
-1.80134
-1.79127
-1.78131
-1.77146
-1.76172
-1.75208
-1.74255
-1.73312
-1.72379
-1.71456
-1.70542
-1.69639
-1.68745
-1.67861
-1.66986
-1.6612
-1.65263
-1.64416
-1.63577
-1.62748
-1.61927
-1.61115
-1.60311
-1.59516
-1.58729
-1.5795
-1.57179
-1.56417
-1.55662
-1.54915
-1.54176
-1.53445
-1.52721