-7.0809
-6.92042
-6.73048
-6.5179
-6.29579
-6.07513
-5.86067
-5.65357
-5.45368
-5.25995
-5.07131
-4.88809
-4.71251
-4.54772
-4.39578
-4.2564
-4.12807
-4.00897
-3.89754
-3.79294
-3.69494
-3.60358
-3.51927
-3.44201
-3.37169
-3.30815
-3.25075
-3.19869
-3.15151
-3.10862
-3.0694
-3.03322
-2.99965
-2.96833
-2.93899
-2.91136
-2.8852
-2.86032
-2.83652
-2.81365
-2.79155
-2.77011
-2.74924
-2.72887
-2.70893
-2.68938
-2.67018
-2.65131
-2.63271
-2.61434
-2.59614
-2.57807
-2.56008
-2.54217
-2.5243
-2.50649
-2.48872
-2.471
-2.45335
-2.43579
-2.41831
-2.4009
-2.38354
-2.36625
-2.34901
-2.33183
-2.31471
-2.29768
-2.28074
-2.26391
-2.24721
-2.23066
-2.21429
-2.19809
-2.18209
-2.16628
-2.15069
-2.13531
-2.12015
-2.10522
-2.09052
-2.07606
-2.06183
-2.04784
-2.03409
-2.02058
-2.00732
-1.99432
-1.98157
-1.96909
-1.95686
-1.9449
-1.93319
-1.92173
-1.91051
-1.89954
-1.8888
-1.8783
-1.86801
-1.85794
-1.84808
-1.83842
-1.82895
-1.81968
-1.81059
-1.80169
-1.79297
-1.78443
-1.77607
-1.76788