-7.0809
-6.91903
-6.72723
-6.51255
-6.28843
-6.06604
-5.85005
-5.6416
-5.44049
-5.24561
-5.05595
-4.87202
-4.69624
-4.53171
-4.38039
-4.24182
-4.11433
-3.99612
-3.88565
-3.78219
-3.68545
-3.5955
-3.51266
-3.43688
-3.36797
-3.30574
-3.24949
-3.19844
-3.15212
-3.10997
-3.07136
-3.0357
-3.00255
-2.9716
-2.94254
-2.91514
-2.88917
-2.86443
-2.84075
-2.81796
-2.79592
-2.77452
-2.75365
-2.73326
-2.71328
-2.69366
-2.67436
-2.65537
-2.63664
-2.61812
-2.59976
-2.58151
-2.56334
-2.54521
-2.52713
-2.50906
-2.49103
-2.47303
-2.45508
-2.43721
-2.4194
-2.40165
-2.38395
-2.36629
-2.34868
-2.33112
-2.31361
-2.29619
-2.27884
-2.26161
-2.2445
-2.22755
-2.21076
-2.19415
-2.17774
-2.16152
-2.14552
-2.12974
-2.11418
-2.09885
-2.08375
-2.0689
-2.05428
-2.0399
-2.02577
-2.0119
-1.99828
-1.98493
-1.97184
-1.95902
-1.94646
-1.93417
-1.92214
-1.91037
-1.89885
-1.88757
-1.87653
-1.86572
-1.85514
-1.84477
-1.83461
-1.82466
-1.8149
-1.80535
-1.79599
-1.78682
-1.77784
-1.76905
-1.76044
-1.75201
-1.74374
-1.73565
-1.72772
-1.71995
-1.71234
-1.70487
-1.69756
-1.69038
-1.68334
-1.67644