-7.0809
-6.91277
-6.71254
-6.48838
-6.25538
-6.02528
-5.80253
-5.58808
-5.38148
-5.18145
-4.98725
-4.80031
-4.62385
-4.46073
-4.31184
-4.17619
-4.05155
-3.93616
-3.82857
-3.72831
-3.63499
-3.54877
-3.46958
-3.39712
-3.33121
-3.27131
-3.21663
-3.16662
-3.12075
-3.07848
-3.03921
-3.00248
-2.96794
-2.9353
-2.90431
-2.87475
-2.84644
-2.81918
-2.7928
-2.76717
-2.74218
-2.71775
-2.69382
-2.67036
-2.64732
-2.62469
-2.60239
-2.58036
-2.55857
-2.53699
-2.51561
-2.49441
-2.4734
-2.45261
-2.43204
-2.41169
-2.39155
-2.37162
-2.3519
-2.33239
-2.31309
-2.294
-2.27513
-2.25648
-2.23808
-2.21992
-2.20201
-2.18436
-2.16698
-2.14986
-2.133
-2.11641
-2.10008
-2.08401
-2.06819
-2.05262
-2.0373
-2.02222
-2.00737
-1.99277
-1.9784
-1.96427
-1.95037
-1.9367
-1.92325
-1.91002
-1.89701
-1.8842
-1.8716
-1.8592
-1.84699
-1.83497
-1.82313
-1.81147
-1.79998
-1.78866
-1.7775
-1.76651
-1.75568
-1.74501
-1.73449
-1.72412
-1.71389
-1.70381
-1.69387
-1.68406
-1.6744
-1.66486
-1.65546
-1.64618
-1.63703
-1.628
-1.61909
-1.6103
-1.60163
-1.59307
-1.58462
-1.57628
-1.56805
-1.55993
-1.55191
-1.54399
-1.53617
-1.52844
-1.52082
-1.51329
-1.50586
-1.49851
-1.49126
-1.4841
-1.47702
-1.47003
-1.46312
-1.4563
-1.44957
-1.44291
-1.43633
-1.42983
-1.42341
-1.41707