-7.0809
-6.90931
-6.7044
-6.47502
-6.2372
-6.00295
-5.77656
-5.55886
-5.3493
-5.14653
-4.95007
-4.76181
-4.58531
-4.42324
-4.2759
-4.14185
-4.01893
-3.90533
-3.79984
-3.70197
-3.61143
-3.52828
-3.45231
-3.3831
-3.32038
-3.26349
-3.21161
-3.16419
-3.12073
-3.08067
-3.04347
-3.00867
-2.97594
-2.94501
-2.91565
-2.88765
-2.86084
-2.83506
-2.81014
-2.78595
-2.76238
-2.73935
-2.71679
-2.69465
-2.6729
-2.65152
-2.63049
-2.60975
-2.58925
-2.56896
-2.54884
-2.52889
-2.50908
-2.48943
-2.46993
-2.45061
-2.43147
-2.41252
-2.39374
-2.37514
-2.35672
-2.33847
-2.32039
-2.30249
-2.28478
-2.26725
-2.24991
-2.23278
-2.21586
-2.19915
-2.18265
-2.16638
-2.15033
-2.1345
-2.1189
-2.10351
-2.08833
-2.07337
-2.05862
-2.04407
-2.02971
-2.01555
-2.00159
-1.98782
-1.97423
-1.96084
-1.94762
-1.93459
-1.92174
-1.90907
-1.89656
-1.88422
-1.87205
-1.86003
-1.84817
-1.83646
-1.8249
-1.81348
-1.80219
-1.79105
-1.78003
-1.76914
-1.75838
-1.74775
-1.73724
-1.72684
-1.71657
-1.70641
-1.69636
-1.68643
-1.67661
-1.6669
-1.6573
-1.6478
-1.63842
-1.62914
-1.61996
-1.61089
-1.60192
-1.59304
-1.58427
-1.57559
-1.56701
-1.55852
-1.55012
-1.54182
-1.53361
-1.52548
-1.51745
-1.5095
-1.50164
-1.49387
-1.48618
-1.47857
-1.47105
-1.46361
-1.45625
-1.44898
-1.44178
-1.43467
-1.42763
-1.42067
-1.4138
-1.40699
-1.40027
-1.39362
-1.38705
-1.38056
-1.37414
-1.36779
-1.36152
-1.35531
-1.34918
-1.34312
-1.33713
-1.33121
-1.32536
-1.31957
-1.31385
-1.3082