-7.0809
-6.92815
-6.74851
-6.54761
-6.33671
-6.12584
-5.91985
-5.72013
-5.52677
-5.33903
-5.15561
-4.97595
-4.80138
-4.63467
-4.47822
-4.33294
-4.19812
-4.07176
-3.9523
-3.83833
-3.72967
-3.62626
-3.52899
-3.43843
-3.35507
-3.27922
-3.21043
-3.14826
-3.0922
-3.04145
-2.9952
-2.95294
-2.91419
-2.87846
-2.84533
-2.81442
-2.78546
-2.75819
-2.73243
-2.70802
-2.68482
-2.6627
-2.64157
-2.62133
-2.60186
-2.5831
-2.56498
-2.54744
-2.53044
-2.51393
-2.49789
-2.4823
-2.46712
-2.45235
-2.43796
-2.42394
-2.41025
-2.39686
-2.38377
-2.37095
-2.3584
-2.34608
-2.33401
-2.32216
-2.31053
-2.29911
-2.2879
-2.27688
-2.26607
-2.25546
-2.24503
-2.2348
-2.22475
-2.21487
-2.20517
-2.19564
-2.18626
-2.17704
-2.16797
-2.15905