-7.0809
-6.92413
-6.73915
-6.53218
-6.31544
-6.0995
-5.88916
-5.68571
-5.48913
-5.29853
-5.11274
-4.93158
-4.75682
-4.59156
-4.43806
-4.29659
-4.16609
-4.04459
-3.9306
-3.82295
-3.72146
-3.62605
-3.53729
-3.45543
-3.38049
-3.31251
-3.25099
-3.19515
-3.14454
-3.09855
-3.05649
-3.0177
-2.98175
-2.94826
-2.91691
-2.88741
-2.85949
-2.83291
-2.80748
-2.78301
-2.75938
-2.73646
-2.71418
-2.69247
-2.67127
-2.65053
-2.63022
-2.61024
-2.59055
-2.57108
-2.55179
-2.53268
-2.5137
-2.49487
-2.47618
-2.45764
-2.43927
-2.42107
-2.40301
-2.38509
-2.36729
-2.34962
-2.33208
-2.31466
-2.29739
-2.28027
-2.26331
-2.24653
-2.22996
-2.21361
-2.19747
-2.18157
-2.1659
-2.15047
-2.13529
-2.12036
-2.10568
-2.09125
-2.07708
-2.06316
-2.04949
-2.03608
-2.02291
-2.01001
-1.99737
-1.985
-1.97288
-1.96103
-1.94944
-1.9381
-1.92701
-1.91617
-1.90557
-1.8952
-1.88506
-1.87514
-1.86544
-1.85593
-1.84663
-1.83752