-7.0809
-6.90711
-6.69922
-6.46653
-6.22569
-5.98887
-5.76027
-5.54063
-5.32933
-5.12505
-4.92749
-4.73881
-4.56269
-4.40171
-4.25577
-4.12322
-4.0019
-3.88999
-3.7864
-3.69056
-3.60218
-3.52124
-3.44739
-3.38018
-3.31925
-3.26393
-3.2134
-3.16713
-3.12462
-3.08535
-3.04882
-3.01458
-2.98231
-2.95176
-2.92269
-2.89493
-2.86831
-2.84269
-2.81793
-2.79388
-2.77044
-2.74753
-2.72509
-2.70306
-2.68142
-2.66016
-2.63926
-2.61868
-2.59838
-2.57832
-2.55849
-2.53885
-2.5194
-2.50014
-2.48108
-2.46221
-2.44356
-2.42514
-2.40694
-2.38897
-2.37122
-2.3537
-2.33639
-2.3193
-2.30244
-2.28579
-2.26937
-2.25316
-2.23716
-2.22139
-2.20584
-2.19052
-2.17543
-2.16056
-2.14591
-2.13148
-2.11727
-2.10326
-2.08944
-2.07583
-2.06239
-2.04913
-2.03603
-2.02309
-2.01031
-1.99767
-1.98517
-1.97282
-1.9606
-1.94851
-1.93654
-1.9247
-1.91297
-1.90136
-1.88985
-1.87845
-1.86715
-1.85594
-1.84483
-1.8338
-1.82286
-1.81199
-1.8012
-1.79047
-1.77981
-1.7692
-1.75865
-1.74816
-1.73772
-1.72732
-1.71698
-1.70668
-1.69643
-1.68623
-1.67608
-1.66598
-1.65592
-1.64592
-1.63597
-1.62608
-1.61624
-1.60645
-1.59671
-1.58702
-1.57738
-1.56779
-1.55825
-1.54875
-1.53931
-1.52991
-1.52056
-1.51126
-1.50202
-1.49282
-1.48368
-1.4746
-1.46557
-1.4566
-1.44769
-1.43885
-1.43007
-1.42136
-1.41271
-1.40414
-1.39564
-1.38721
-1.37885
-1.37057
-1.36237
-1.35424
-1.34619
-1.33821
-1.33031
-1.32249
-1.31475
-1.30708
-1.29949
-1.29198
-1.28455
-1.27719
-1.26991
-1.26271
-1.25558
-1.24853
-1.24156
-1.23466
-1.22783
-1.22108
-1.2144
-1.2078