-7.0809
-6.92897
-6.75039
-6.55067
-6.34083
-6.13077
-5.92531
-5.72582
-5.53242
-5.34431
-5.16017
-4.97935
-4.80311
-4.63415
-4.47495
-4.32642
-4.18782
-4.05707
-3.93255
-3.81291
-3.69806
-3.58834
-3.48492
-3.3887
-3.30064
-3.22089
-3.14918
-3.08513
-3.02784
-2.97644
-2.93029
-2.88872
-2.85106
-2.81671
-2.78527
-2.75637
-2.72971
-2.70503
-2.6821
-2.66071
-2.64069
-2.62189
-2.60418
-2.58745
-2.57161
-2.55658
-2.54229
-2.52868
-2.5157
-2.50329
-2.49142
-2.48005
-2.46914
-2.45866
-2.44859
-2.4389
-2.42956
-2.42054
-2.41183
-2.4034
-2.39524
-2.38732
-2.37965
-2.37219
-2.36494
-2.35789
-2.35103
-2.34434
-2.33783
-2.33148