-7.0809
-6.92904
-6.75055
-6.55092
-6.34117
-6.1312
-5.9258
-5.72637
-5.533
-5.34493
-5.16081
-4.98
-4.80373
-4.63472
-4.47543
-4.32681
-4.18809
-4.05722
-3.93255
-3.81274
-3.69772
-3.5878
-3.48419
-3.3878
-3.2996
-3.21974
-3.14796
-3.08388
-3.02659
-2.97522
-2.92913
-2.88764
-2.85007
-2.81584
-2.78451
-2.75575
-2.72923
-2.7047
-2.68192
-2.66069
-2.64083
-2.62219
-2.60465
-2.58809
-2.57242
-2.55756
-2.54345
-2.53001
-2.5172
-2.50496
-2.49326
-2.48206
-2.47132
-2.46102
-2.45112
-2.4416
-2.43242
-2.42358
-2.41503
-2.40677
-2.39878
-2.39103
-2.38351
-2.37622
-2.36914
-2.36225
-2.35555
-2.34903
-2.34268
-2.33649