-7.0809
-6.92792
-6.74796
-6.5467
-6.33545
-6.12428
-5.91803
-5.71808
-5.52453
-5.33661
-5.15304
-4.97328
-4.79868
-4.63203
-4.47573
-4.33065
-4.19605
-4.06993
-3.95073
-3.83704
-3.72868
-3.62558
-3.52859
-3.43825
-3.35502
-3.27917
-3.21025
-3.1478
-3.09132
-3.04002
-2.9931
-2.95006
-2.91043
-2.87373
-2.83955
-2.80751
-2.77735
-2.74883
-2.72177
-2.696
-2.67141
-2.64787
-2.62529
-2.60355
-2.58256
-2.56225
-2.54255
-2.52342
-2.50482
-2.48672
-2.4691
-2.45193
-2.43522
-2.41891
-2.403
-2.38744
-2.37221
-2.35731
-2.34272
-2.32841
-2.31439
-2.30065
-2.28717
-2.27395
-2.26099
-2.24829
-2.23584
-2.22364
-2.21168
-2.19995
-2.18845
-2.17717
-2.16611
-2.15525
-2.1446
-2.13415
-2.12389
-2.11383
-2.10394
-2.09424