-7.0809
-6.92426
-6.73945
-6.53269
-6.31614
-6.10036
-5.89017
-5.68686
-5.4904
-5.29993
-5.11424
-4.93317
-4.75846
-4.59321
-4.43968
-4.29816
-4.16761
-4.04607
-3.93203
-3.82431
-3.72275
-3.62725
-3.5384
-3.45642
-3.38137
-3.31328
-3.25166
-3.19575
-3.14507
-3.09903
-3.05695
-3.01815
-2.98219
-2.94871
-2.91738
-2.88791
-2.86004
-2.83352
-2.80815
-2.78376
-2.7602
-2.73738
-2.7152
-2.6936
-2.67251
-2.65189
-2.63171
-2.61187
-2.59232
-2.573
-2.55389
-2.53494
-2.51614
-2.49749
-2.47898
-2.46063
-2.44244
-2.42443
-2.40656
-2.38884
-2.37124
-2.35377
-2.33643
-2.31922
-2.30214
-2.28521
-2.26845
-2.25186
-2.23546
-2.21928
-2.20331
-2.18756
-2.17204
-2.15676
-2.14172
-2.12692
-2.11237
-2.09806
-2.08401
-2.07019
-2.05663
-2.04331
-2.03024
-2.01742
-2.00485
-1.99254
-1.98049
-1.96869
-1.95714
-1.94585
-1.93479
-1.92399
-1.91342
-1.90308
-1.89296
-1.88306
-1.87338
-1.8639
-1.85462
-1.84553