-7.0809
-6.92836
-6.74898
-6.54838
-6.33773
-6.12705
-5.92116
-5.72145
-5.52803
-5.34011
-5.1564
-4.9763
-4.80115
-4.63368
-4.47633
-4.33
-4.19397
-4.06621
-3.94514
-3.82939
-3.71882
-3.61352
-3.51451
-3.42245
-3.33803
-3.26151
-3.19242
-3.13044
-3.07491
-3.02493
-2.97975
-2.93885
-2.90166
-2.86767
-2.83641
-2.8075
-2.78066
-2.75565
-2.73226
-2.71032
-2.68967
-2.67017
-2.65172
-2.6342
-2.61752
-2.6016
-2.58636
-2.57174
-2.5577
-2.54418
-2.53115
-2.51858
-2.50642
-2.49467
-2.48329
-2.47227
-2.46158
-2.4512
-2.44113
-2.43134
-2.42181
-2.41252
-2.40346
-2.39461
-2.38596
-2.3775
-2.36922
-2.36111
-2.35317
-2.34537