-7.0809
-6.91089
-6.70812
-6.48112
-6.24547
-6.01308
-5.78829
-5.57199
-5.36366
-5.16198
-4.96635
-4.77845
-4.60169
-4.43886
-4.29048
-4.15532
-4.03116
-3.91621
-3.80915
-3.70954
-3.61704
-3.53181
-3.45371
-3.38241
-3.31768
-3.2589
-3.20527
-3.15628
-3.11139
-3.07003
-3.03163
-2.99575
-2.96207
-2.9303
-2.9002
-2.87157
-2.84421
-2.81794
-2.79262
-2.7681
-2.74429
-2.72111
-2.69851
-2.67643
-2.65484
-2.63373
-2.61302
-2.59267
-2.57265
-2.5529
-2.53342
-2.51419
-2.4952
-2.47644
-2.45793
-2.43965
-2.42163
-2.40383
-2.38626
-2.36891
-2.35177
-2.33484
-2.31811
-2.30157
-2.28524
-2.2691
-2.25315
-2.23739
-2.22183
-2.20646
-2.19128
-2.17629
-2.16149
-2.14687
-2.13243
-2.11817
-2.10408
-2.09015
-2.07638
-2.06277
-2.0493
-2.03598
-2.02279
-2.00973
-1.9968
-1.98399
-1.9713
-1.95873
-1.94626
-1.93391
-1.92166
-1.90951
-1.89747
-1.88552
-1.87366
-1.86189
-1.85022
-1.83863
-1.82712
-1.81569
-1.80434
-1.79305
-1.78184
-1.77069
-1.7596
-1.74857
-1.7376
-1.7267
-1.71584
-1.70505
-1.69432
-1.68364
-1.67302
-1.66246
-1.65197
-1.64153
-1.63117
-1.62087
-1.61063
-1.60046
-1.59036
-1.58032
-1.57034
-1.56043
-1.55058
-1.5408
-1.53108
-1.52143
-1.51184
-1.50232
-1.49287
-1.48349
-1.47418
-1.46495
-1.45578
-1.44669
-1.43768
-1.42874
-1.41988
-1.4111
-1.4024
-1.39379
-1.38526
-1.37681
-1.36844
-1.36016
-1.35197
-1.34386
-1.33584
-1.3279