-7.0809
-6.91192
-6.71054
-6.48509
-6.2509
-6.01977
-5.79611
-5.58085
-5.37351
-5.17277
-4.97799
-4.79068
-4.61416
-4.45127
-4.30271
-4.16739
-4.04309
-3.92802
-3.82078
-3.7209
-3.62801
-3.54225
-3.46354
-3.39154
-3.32606
-3.26653
-3.21216
-3.16242
-3.11678
-3.07468
-3.03555
-2.99893
-2.96448
-2.93193
-2.90102
-2.87153
-2.84329
-2.8161
-2.78981
-2.76427
-2.73938
-2.71507
-2.69129
-2.66798
-2.64514
-2.6227
-2.60062
-2.57884
-2.55731
-2.53602
-2.51495
-2.4941
-2.47345
-2.45303
-2.43285
-2.4129
-2.39317
-2.37367
-2.35438
-2.33531
-2.31644
-2.29779
-2.27936
-2.26114
-2.24315
-2.22539
-2.20786
-2.19057
-2.17352
-2.15671
-2.14013
-2.1238
-2.1077
-2.09182
-2.07617
-2.06075
-2.04553
-2.03052
-2.01572
-2.00112
-1.98672
-1.97252
-1.9585
-1.94468
-1.93105
-1.9176
-1.90432
-1.89122
-1.8783
-1.86554
-1.85294
-1.8405
-1.82821
-1.81607
-1.80408
-1.79223
-1.78051
-1.76893
-1.75748
-1.74617
-1.73497
-1.72391
-1.71296
-1.70214
-1.69144
-1.68085
-1.67038
-1.66003
-1.64979
-1.63967
-1.62966
-1.61976
-1.60997
-1.60029
-1.59072
-1.58125
-1.57189
-1.56263
-1.55348
-1.54442
-1.53546
-1.5266
-1.51784
-1.50918
-1.50061
-1.49213
-1.48375
-1.47547
-1.46727
-1.45917
-1.45116
-1.44323
-1.4354
-1.42766
-1.42
-1.41244
-1.40496
-1.39757
-1.39027
-1.38305
-1.37591
-1.36886
-1.3619
-1.35502
-1.34822
-1.3415
-1.33486
-1.3283
-1.32181
-1.31541