-7.0809
-6.93079
-6.75466
-6.55777
-6.35078
-6.14338
-5.94037
-5.74323
-5.55215
-5.36644
-5.18482
-5.00659
-4.83279
-4.66597
-4.50878
-4.36269
-4.22724
-4.10066
-3.98131
-3.86759
-3.75895
-3.65509
-3.55659
-3.46403
-3.37799
-3.29898
-3.22694
-3.16158
-3.10262
-3.0494
-3.00118
-2.95748
-2.91781
-2.88166
-2.84855
-2.81807
-2.78992
-2.76385
-2.73964
-2.71707
-2.69598
-2.67622
-2.65764
-2.64013
-2.62358
-2.6079
-2.59301
-2.57885
-2.56535
-2.55247
-2.54015
-2.52836
-2.51705
-2.5062
-2.49578
-2.48575
-2.4761
-2.4668
-2.45783
-2.44917