-7.0809
-6.90514
-6.69459
-6.45896
-6.21546
-5.97639
-5.74585
-5.52454
-5.31178
-5.10626
-4.9079
-4.7191
-4.5436
-4.38385
-4.2395
-4.10868
-3.98929
-3.87948
-3.77825
-3.68495
-3.59927
-3.52105
-3.44989
-3.38523
-3.32668
-3.27355
-3.22505
-3.1806
-3.13973
-3.10197
-3.06684
-3.03392
-3.00287
-2.97343
-2.94539
-2.91856
-2.89279
-2.86795
-2.84392
-2.82058
-2.79779
-2.77547
-2.75355
-2.73195
-2.71065
-2.68962
-2.66883
-2.6483
-2.62799
-2.60788
-2.58791
-2.56806
-2.54832
-2.52868
-2.50913
-2.48968
-2.47034
-2.45113
-2.43208
-2.41319
-2.39446
-2.3759
-2.35751
-2.3393
-2.32126
-2.30341
-2.28574
-2.26827
-2.25099
-2.23392
-2.21707
-2.20043
-2.18403
-2.16785
-2.15191
-2.13621
-2.12073
-2.10549
-2.09046
-2.07566
-2.06106
-2.04666
-2.03246
-2.01844
-2.00461
-1.99096
-1.97749
-1.96419
-1.95107
-1.93811
-1.92532
-1.91268
-1.9002
-1.88787
-1.87569
-1.86364
-1.85173
-1.83995
-1.82829
-1.81675
-1.80532
-1.794
-1.78278
-1.77167
-1.76065
-1.74973
-1.7389
-1.72815
-1.7175
-1.70693
-1.69645
-1.68605
-1.67573
-1.6655
-1.65535
-1.64528
-1.6353
-1.6254
-1.61559
-1.60585
-1.59619
-1.58661
-1.5771
-1.56767
-1.55831
-1.54903
-1.53982
-1.53068
-1.52161
-1.51261
-1.50369
-1.49483
-1.48605
-1.47735
-1.46871
-1.46015
-1.45167
-1.44325
-1.43492
-1.42666
-1.41848
-1.41038
-1.40236
-1.39441
-1.38655
-1.37876
-1.37105
-1.36343
-1.35588
-1.3484
-1.34101
-1.33369
-1.32646
-1.31929
-1.31221
-1.3052
-1.29827
-1.29141
-1.28463
-1.27792
-1.27128
-1.26472
-1.25823
-1.25181
-1.24546
-1.23918
-1.23297
-1.22683
-1.22075
-1.21474
-1.2088
-1.20293
-1.19712
-1.19138
-1.18571
-1.1801
-1.17456
-1.16908
-1.16367
-1.15832