-7.0809
-6.91339
-6.71399
-6.49076
-6.25863
-6.02928
-5.80719
-5.59331
-5.38725
-5.1877
-4.99392
-4.80724
-4.6308
-4.46751
-4.31836
-4.18244
-4.05755
-3.94193
-3.83412
-3.73365
-3.64011
-3.55367
-3.47431
-3.40173
-3.33574
-3.27585
-3.22126
-3.17139
-3.12574
-3.08373
-3.04479
-3.00842
-2.97429
-2.94208
-2.91155
-2.88247
-2.85465
-2.82791
-2.80207
-2.77699
-2.75255
-2.72867
-2.70528
-2.68233
-2.6598
-2.63764
-2.61581
-2.59424
-2.57289
-2.55172
-2.5307
-2.50982
-2.48909
-2.46849
-2.44806
-2.42779
-2.40769
-2.38775
-2.36795
-2.3483
-2.3288
-2.30945
-2.29025
-2.27122
-2.25236
-2.23369
-2.21522
-2.19696
-2.1789
-2.16106
-2.14344
-2.12604
-2.10886
-2.0919
-2.07517
-2.05865
-2.04236
-2.02628
-2.01042
-1.99478
-1.97936
-1.96416
-1.94918
-1.93442
-1.91987
-1.90553
-1.8914
-1.87748
-1.86375
-1.85023
-1.83689
-1.82375
-1.81078
-1.798
-1.7854
-1.77298
-1.76073
-1.74865
-1.73674
-1.725
-1.71342
-1.702
-1.69074
-1.67963
-1.66868
-1.65788
-1.64723
-1.63673
-1.62637
-1.61615
-1.60607
-1.59613
-1.58632
-1.57665
-1.56712
-1.55771
-1.54843
-1.53927
-1.53025
-1.52134
-1.51255
-1.50388
-1.49533
-1.4869
-1.47857
-1.47036
-1.46226
-1.45426
-1.44638
-1.43859
-1.43091
-1.42334
-1.41586
-1.40848
-1.4012
-1.39401
-1.38692
-1.37993
-1.37303
-1.36622