-7.0809
-6.9223
-6.73486
-6.52511
-6.30571
-6.08742
-5.87503
-5.66977
-5.47155
-5.27941
-5.09221
-4.91001
-4.73482
-4.56977
-4.41706
-4.27664
-4.14726
-4.027
-3.91435
-3.8083
-3.70866
-3.61542
-3.52908
-3.44975
-3.37738
-3.31192
-3.25277
-3.19915
-3.15059
-3.10649
-3.06619
-3.02906
-2.99464
-2.96258
-2.93257
-2.90434
-2.87764
-2.85225
-2.82798
-2.80465
-2.78212
-2.76028
-2.73902
-2.71829
-2.69801
-2.67815
-2.65866
-2.63951
-2.62065
-2.60199
-2.58351
-2.56515
-2.54688
-2.5287
-2.51058
-2.49253
-2.47454
-2.45664
-2.43884
-2.42113
-2.40351
-2.38596
-2.36847
-2.35105
-2.33369
-2.31641
-2.29921
-2.28211
-2.26512
-2.24827
-2.23158
-2.21506
-2.19873
-2.1826
-2.16666
-2.15094
-2.13544
-2.12017
-2.10513
-2.09032
-2.07575
-2.06142
-2.04733
-2.03348
-2.01989
-2.00655
-1.99347
-1.98065
-1.9681
-1.95582
-1.94379
-1.93203
-1.92052
-1.90926
-1.89825
-1.88748
-1.87694
-1.86663
-1.85653
-1.84665