-7.0809
-6.91401
-6.71546
-6.49317
-6.2619
-6.0333
-5.81185
-5.59853
-5.39296
-5.19385
-5.00044
-4.81393
-4.63743
-4.47386
-4.32434
-4.18803
-4.06275
-3.94678
-3.83863
-3.73786
-3.64407
-3.55746
-3.47802
-3.4055
-3.3397
-3.28015
-3.22605
-3.17677
-3.13184
-3.09067
-3.05269
-3.01738
-2.98439
-2.95341
-2.92419
-2.89651
-2.87016
-2.84497
-2.82077
-2.79741
-2.77478
-2.75278
-2.73132
-2.71036
-2.68984
-2.66973
-2.65
-2.63061
-2.61152
-2.59266
-2.57401
-2.55554
-2.53721
-2.51902
-2.50097
-2.48304
-2.46524
-2.44759
-2.43009
-2.41273
-2.3955
-2.37839
-2.3614
-2.34453
-2.32777
-2.31113
-2.2946
-2.27821
-2.26194
-2.24582
-2.22984
-2.21402
-2.19835
-2.18285
-2.16751
-2.15233
-2.13732
-2.12248
-2.10781
-2.0933
-2.07896
-2.06479
-2.05078
-2.03693
-2.02325
-2.00974
-1.99639
-1.9832
-1.97018
-1.95732
-1.94463
-1.9321
-1.91973
-1.90751
-1.89546
-1.88355
-1.8718
-1.8602
-1.84874
-1.83742
-1.82624
-1.8152
-1.80429
-1.79351
-1.78287
-1.77235
-1.76197
-1.7517
-1.74157
-1.73155
-1.72165
-1.71188
-1.70222
-1.69267
-1.68324
-1.67392
-1.66471
-1.65561
-1.64662
-1.63774
-1.62895
-1.62027
-1.6117
-1.60322
-1.59484
-1.58656
-1.57837
-1.57028
-1.56229
-1.55438
-1.54657
-1.53885
-1.53121
-1.52366
-1.5162
-1.50883
-1.50153
-1.49433
-1.4872
-1.48015