-7.0809
-6.90806
-6.70147
-6.47022
-6.23071
-5.99505
-5.76747
-5.54877
-5.33836
-5.1349
-4.93804
-4.74981
-4.57384
-4.41276
-4.26665
-4.13401
-4.01266
-3.90082
-3.79734
-3.7017
-3.61356
-3.53293
-3.45953
-3.39288
-3.33264
-3.27819
-3.22871
-3.18358
-3.14233
-3.10444
-3.06943
-3.03683
-3.00628
-2.9775
-2.95028
-2.92442
-2.89974
-2.8761
-2.85337
-2.83142
-2.81014
-2.78942
-2.76917
-2.74934
-2.72986
-2.7107
-2.69183
-2.67322
-2.65486
-2.63674
-2.61881
-2.60103
-2.58337
-2.5658
-2.54831
-2.53088
-2.5135
-2.49618
-2.47892
-2.46173
-2.44462
-2.4276
-2.41066
-2.3938
-2.37701
-2.3603
-2.34367
-2.32711
-2.31063
-2.29423
-2.27792
-2.2617
-2.24559
-2.22958
-2.21369
-2.19793
-2.18228
-2.16677
-2.15138
-2.13613
-2.12102
-2.10604
-2.09119
-2.07648
-2.0619
-2.04745
-2.03313
-2.01894
-2.00487
-1.99094
-1.97713
-1.96344
-1.94989
-1.93646
-1.92316
-1.90998
-1.89692
-1.88399
-1.87118
-1.85849
-1.84592
-1.83347
-1.82114
-1.80892
-1.79681
-1.78481
-1.77292
-1.76113
-1.74946
-1.73789
-1.72643
-1.71508
-1.70383
-1.69269
-1.68165
-1.67073
-1.65991
-1.6492
-1.6386
-1.62812
-1.61774
-1.60748
-1.59733
-1.58729
-1.57736
-1.56754
-1.55784
-1.54824
-1.53875
-1.52938
-1.52011
-1.51096
-1.50191
-1.49297
-1.48414
-1.47542
-1.4668
-1.45829
-1.44989
-1.44159
-1.4334
-1.42531
-1.41733
-1.40945
-1.40168
-1.39401
-1.38644
-1.37898
-1.37162
-1.36437
-1.35722
-1.35016
-1.34321
-1.33636
-1.3296
-1.32294
-1.31637
-1.3099
-1.30352
-1.29724
-1.29104
-1.28493
-1.2789
-1.27296
-1.26711
-1.26133
-1.25564
-1.25002
-1.24448
-1.23902