-7.0809
-6.90945
-6.70472
-6.47554
-6.2379
-6.00379
-5.77751
-5.5599
-5.35039
-5.14765
-4.95118
-4.76285
-4.58621
-4.42395
-4.27636
-4.14204
-4.0188
-3.90483
-3.79893
-3.70061
-3.60958
-3.52594
-3.44946
-3.37976
-3.31655
-3.25918
-3.20683
-3.15897
-3.11507
-3.07457
-3.03692
-3.00167
-2.96851
-2.93715
-2.90735
-2.87892
-2.85167
-2.82544
-2.80005
-2.77539
-2.75134
-2.72782
-2.70477
-2.68215
-2.65993
-2.63808
-2.61656
-2.59531
-2.57429
-2.55345
-2.53278
-2.51227
-2.49191
-2.4717
-2.45166
-2.43179
-2.4121
-2.39257
-2.3732
-2.35399
-2.33494
-2.31603
-2.29728
-2.2787
-2.26027
-2.24201
-2.22392
-2.20602
-2.1883
-2.17076
-2.1534
-2.13624
-2.11925
-2.10245
-2.08583
-2.06939
-2.05311
-2.037
-2.02106
-2.00527
-1.98963
-1.97415
-1.95883
-1.94365
-1.92862
-1.91373
-1.89898
-1.88438
-1.8699
-1.85557
-1.84136
-1.82729
-1.81333
-1.7995
-1.78578
-1.77218
-1.75869
-1.74531
-1.73203
-1.71887
-1.70581
-1.69286
-1.68002
-1.66728
-1.65466
-1.64215
-1.62975
-1.61747
-1.60531
-1.59326
-1.58132
-1.5695
-1.5578
-1.5462
-1.53473
-1.52336
-1.51212
-1.50098
-1.48997
-1.47907
-1.46829
-1.45763
-1.44709
-1.43666
-1.42636
-1.41618
-1.40612
-1.39619
-1.38638
-1.3767
-1.36714
-1.35771
-1.3484
-1.33921
-1.33015
-1.32121
-1.31239
-1.3037
-1.29512
-1.28666
-1.27831
-1.27009
-1.26197
-1.25397
-1.24607
-1.23829
-1.23061
-1.22303
-1.21556
-1.20819
-1.20093
-1.19376
-1.1867
-1.17973
-1.17287
-1.1661
-1.15943
-1.15286
-1.14638
-1.13999