-7.0809
-6.91918
-6.72756
-6.51309
-6.28917
-6.06695
-5.85112
-5.6428
-5.44181
-5.24704
-5.05748
-4.87361
-4.69784
-4.53327
-4.38188
-4.24321
-4.11562
-3.99731
-3.88671
-3.78312
-3.68622
-3.59611
-3.51311
-3.43716
-3.3681
-3.30572
-3.24935
-3.19819
-3.15177
-3.10953
-3.07084
-3.03512
-3.00192
-2.97092
-2.94182
-2.91438
-2.88838
-2.86361
-2.8399
-2.81709
-2.79502
-2.7736
-2.75272
-2.73231
-2.71231
-2.69268
-2.67338
-2.65439
-2.63566
-2.61714
-2.59879
-2.58054
-2.56237
-2.54426
-2.52618
-2.50814
-2.49013
-2.47216
-2.45424
-2.4364
-2.41864
-2.40093
-2.38327
-2.36567
-2.34811
-2.33061
-2.31318
-2.29582
-2.27855
-2.26139
-2.24437
-2.22751
-2.21081
-2.1943
-2.17798
-2.16187
-2.14597
-2.13029
-2.11484
-2.09962
-2.08464
-2.0699
-2.0554
-2.04114
-2.02713
-2.01337
-1.99987
-1.98664
-1.97367
-1.96097
-1.94853
-1.93636
-1.92444
-1.91278
-1.90138
-1.89022
-1.87929
-1.8686
-1.85813
-1.84788
-1.83783
-1.82799
-1.81835
-1.8089
-1.79965
-1.79059
-1.78172
-1.77303
-1.76452
-1.75618
-1.74802
-1.74002
-1.73219
-1.72451
-1.71699
-1.70962
-1.70239
-1.69531
-1.68836
-1.68155