-7.0809
-6.92819
-6.74861
-6.54777
-6.33692
-6.12611
-5.92017
-5.72048
-5.52716
-5.33945
-5.15606
-4.97643
-4.80188
-4.63516
-4.47869
-4.3334
-4.19855
-4.07217
-3.95269
-3.8387
-3.73001
-3.62659
-3.5293
-3.43873
-3.35538
-3.27956
-3.21082
-3.14873
-3.09278
-3.04215
-2.99604
-2.95395
-2.91537
-2.87984
-2.84692
-2.81623
-2.7875
-2.76047
-2.73496
-2.7108
-2.68786
-2.66601
-2.64515
-2.62518
-2.606
-2.58753
-2.56969
-2.55245
-2.53573
-2.51952
-2.50377
-2.48847
-2.47357
-2.45908
-2.44497
-2.43123
-2.41781
-2.40471
-2.39189
-2.37935
-2.36706
-2.35502
-2.34321
-2.33162
-2.32024
-2.30907
-2.2981
-2.28732
-2.27674
-2.26634
-2.25613
-2.2461
-2.23624
-2.22656
-2.21705
-2.2077
-2.1985
-2.18945
-2.18056
-2.1718