-7.0809
-6.91869
-6.72643
-6.51122
-6.28661
-6.06379
-5.84743
-5.63866
-5.43725
-5.24209
-5.05218
-4.86808
-4.69226
-4.52782
-4.37666
-4.2383
-4.11102
-3.99306
-3.88284
-3.77968
-3.68326
-3.59367
-3.51121
-3.4358
-3.36726
-3.30535
-3.2494
-3.19862
-3.15253
-3.11058
-3.07215
-3.03665
-3.00365
-2.97283
-2.94389
-2.9166
-2.89073
-2.86609
-2.84251
-2.81981
-2.79786
-2.77655
-2.75578
-2.73548
-2.71558
-2.69604
-2.67683
-2.65791
-2.63927
-2.62083
-2.60255
-2.58439
-2.5663
-2.54827
-2.53026
-2.51228
-2.49433
-2.4764
-2.45852
-2.4407
-2.42295
-2.40525
-2.38759
-2.36997
-2.3524
-2.33487
-2.31739
-2.29997
-2.28263
-2.26539
-2.24827
-2.23128
-2.21445
-2.1978
-2.18132
-2.16503
-2.14895
-2.13308
-2.11742
-2.10198
-2.08677
-2.07179
-2.05705
-2.04253
-2.02826
-2.01423
-2.00046
-1.98694
-1.97369
-1.9607
-1.94797
-1.93549
-1.92328
-1.91132
-1.89961
-1.88814
-1.87691
-1.86591
-1.85513
-1.84457
-1.83421
-1.82406
-1.81411
-1.80436
-1.79481
-1.78545
-1.77627
-1.76729
-1.75849
-1.74986
-1.74141
-1.73313
-1.72501
-1.71705
-1.70925
-1.70161
-1.69411
-1.68675
-1.67953
-1.67245