-7.0809
-6.90958
-6.70504
-6.47606
-6.2386
-6.00465
-5.77852
-5.56103
-5.35163
-5.14899
-4.95261
-4.76434
-4.58769
-4.42541
-4.27778
-4.14343
-4.02017
-3.9062
-3.80032
-3.70203
-3.61107
-3.52752
-3.45118
-3.38168
-3.31873
-3.26169
-3.20974
-3.16234
-3.11899
-3.07911
-3.04216
-3.00769
-2.97538
-2.94494
-2.91614
-2.88878
-2.86268
-2.83768
-2.81362
-2.79037
-2.76782
-2.74588
-2.72448
-2.70358
-2.68314
-2.66312
-2.6435
-2.62425
-2.60532
-2.58666
-2.56824
-2.55004
-2.53204
-2.51423
-2.4966
-2.47915
-2.46188
-2.44481
-2.42792
-2.41123
-2.39471
-2.37836
-2.36217
-2.34615
-2.33029
-2.31458
-2.29903
-2.28363
-2.26838
-2.25328
-2.23834
-2.22356
-2.20893
-2.19445
-2.18013
-2.16597
-2.15195
-2.13809
-2.12437
-2.11079
-2.09736
-2.08405
-2.07088
-2.05783
-2.04491
-2.03209
-2.01939
-2.00679
-1.9943
-1.98191
-1.96962
-1.95743
-1.94532
-1.93331
-1.92138
-1.90954
-1.89778
-1.8861
-1.8745
-1.86298
-1.85153
-1.84015
-1.82884
-1.81759
-1.80641
-1.79529
-1.78422
-1.7732
-1.76224
-1.75133
-1.74046
-1.72964
-1.71887
-1.70815
-1.69747
-1.68684
-1.67627
-1.66574
-1.65526
-1.64484
-1.63447
-1.62417
-1.61392
-1.60372
-1.59359
-1.58351
-1.57349
-1.56352
-1.55362
-1.54377
-1.53398
-1.52425
-1.51457
-1.50497
-1.49542
-1.48594
-1.47652
-1.46717
-1.45789
-1.44867
-1.43953
-1.43047
-1.42147
-1.41256
-1.40372
-1.39497
-1.38629
-1.37769
-1.36918
-1.36075
-1.35241
-1.34414
-1.33597
-1.32787
-1.31987
-1.31194
-1.3041
-1.29635
-1.28867
-1.28108