-7.0809
-6.92191
-6.73396
-6.52364
-6.30367
-6.0849
-5.87208
-5.66644
-5.46788
-5.2754
-5.0879
-4.90548
-4.73019
-4.56517
-4.4126
-4.27238
-4.1432
-4.02316
-3.91074
-3.80497
-3.70565
-3.61278
-3.52685
-3.44795
-3.37602
-3.31097
-3.2522
-3.19892
-3.15066
-3.10683
-3.06677
-3.02985
-2.99561
-2.96371
-2.93384
-2.90573
-2.87913
-2.85384
-2.82965
-2.8064
-2.78393
-2.76214
-2.74094
-2.72024
-2.69999
-2.68014
-2.66066
-2.64151
-2.62264
-2.60398
-2.58547
-2.56709
-2.5488
-2.53057
-2.51241
-2.4943
-2.47625
-2.45827
-2.44038
-2.42259
-2.40487
-2.38721
-2.36962
-2.35208
-2.33461
-2.3172
-2.29988
-2.28264
-2.26552
-2.24853
-2.2317
-2.21504
-2.19856
-2.18228
-2.16621
-2.15034
-2.1347
-2.11929
-2.10411
-2.08916
-2.07446
-2.06
-2.04579
-2.03182
-2.0181
-2.00465
-1.99146
-1.97854
-1.96588
-1.9535
-1.94138
-1.92953
-1.91794
-1.9066
-1.89551
-1.88466
-1.87405
-1.86366
-1.8535
-1.84355