-7.0809
-6.9212
-6.7323
-6.5209
-6.2999
-6.08023
-5.86662
-5.66028
-5.46109
-5.26802
-5.07998
-4.89718
-4.72176
-4.55686
-4.4046
-4.26479
-4.13604
-4.01646
-3.90454
-3.79935
-3.70068
-3.60856
-3.52342
-3.44532
-3.37415
-3.30982
-3.25169
-3.19898
-3.15121
-3.10779
-3.06809
-3.03148
-2.9975
-2.96582
-2.93614
-2.90819
-2.88173
-2.85656
-2.83248
-2.80932
-2.78694
-2.76522
-2.74407
-2.72342
-2.70321
-2.68339
-2.66392
-2.64478
-2.62592
-2.60726
-2.58876
-2.57037
-2.55207
-2.53384
-2.51565
-2.49751
-2.47943
-2.46141
-2.44347
-2.42562
-2.40784
-2.39013
-2.37247
-2.35488
-2.33734
-2.31986
-2.30246
-2.28516
-2.26796
-2.25089
-2.23397
-2.21723
-2.20066
-2.18429
-2.16813
-2.15218
-2.13645
-2.12096
-2.10569
-2.09066
-2.07588
-2.06134
-2.04704
-2.033
-2.0192
-2.00567
-1.99241
-1.97941
-1.96668
-1.95423
-1.94204
-1.93012
-1.91846
-1.90705
-1.8959
-1.88499
-1.87431
-1.86387
-1.85365
-1.84364
-1.83384
-1.82424
-1.81484
-1.80563
-1.79662
-1.7878
-1.77917
-1.77072
-1.76244
-1.75434