-7.0809
-6.90509
-6.69446
-6.45874
-6.21516
-5.97602
-5.74542
-5.52406
-5.31126
-5.1057
-4.90731
-4.71849
-4.54301
-4.38328
-4.23896
-4.10818
-3.98882
-3.87905
-3.77786
-3.68461
-3.59897
-3.52081
-3.44969
-3.38508
-3.32656
-3.27348
-3.22501
-3.18059
-3.13974
-3.102
-3.06689
-3.03398
-3.00294
-2.97351
-2.94547
-2.91864
-2.89287
-2.86803
-2.84399
-2.82064
-2.79785
-2.77552
-2.75357
-2.73196
-2.71064
-2.68958
-2.66877
-2.64821
-2.62788
-2.60772
-2.58772
-2.56784
-2.54805
-2.52837
-2.50877
-2.48927
-2.46988
-2.45062
-2.43152
-2.41257
-2.39378
-2.37517
-2.35671
-2.33844
-2.32034
-2.30242
-2.28469
-2.26715
-2.24981
-2.23267
-2.21575
-2.19905
-2.18258
-2.16634
-2.15033
-2.13456
-2.11902
-2.10371
-2.08863
-2.07376
-2.0591
-2.04464
-2.03037
-2.01629
-2.00239
-1.98868
-1.97515
-1.9618
-1.94861
-1.9356
-1.92275
-1.91006
-1.89753
-1.88514
-1.8729
-1.8608
-1.84884
-1.837
-1.82529
-1.8137
-1.80222
-1.79085
-1.77958
-1.76842
-1.75735
-1.74638
-1.73551
-1.72472
-1.71402
-1.70341
-1.69289
-1.68245
-1.67209
-1.66183
-1.65164
-1.64154
-1.63153
-1.6216
-1.61176
-1.60199
-1.59231
-1.5827
-1.57317
-1.56372
-1.55434
-1.54503
-1.5358
-1.52664
-1.51756
-1.50855
-1.49961
-1.49074
-1.48195
-1.47324
-1.4646
-1.45603
-1.44754
-1.43913
-1.4308
-1.42254
-1.41436
-1.40627
-1.39825
-1.39031
-1.38245
-1.37468
-1.36698
-1.35936
-1.35182
-1.34436
-1.33698
-1.32968
-1.32246
-1.31531
-1.30825
-1.30125
-1.29434
-1.2875
-1.28074
-1.27405
-1.26743
-1.26089
-1.25442
-1.24802
-1.24169
-1.23543
-1.22924
-1.22312
-1.21706
-1.21108
-1.20516
-1.19931
-1.19352
-1.18781
-1.18216
-1.17657
-1.17106
-1.1656
-1.16022
-1.15489