-7.0809
-6.91198
-6.71068
-6.48531
-6.2512
-6.02013
-5.79654
-5.58132
-5.37402
-5.17332
-4.97857
-4.79127
-4.61473
-4.45179
-4.30318
-4.16779
-4.04341
-3.92825
-3.82089
-3.72088
-3.62783
-3.5419
-3.46298
-3.39077
-3.32505
-3.26528
-3.21064
-3.16062
-3.11469
-3.07228
-3.03281
-2.99584
-2.96103
-2.9281
-2.89679
-2.86689
-2.83822
-2.81057
-2.7838
-2.75776
-2.73237
-2.70754
-2.68322
-2.65938
-2.636
-2.61301
-2.59035
-2.56799
-2.54587
-2.52399
-2.50234
-2.4809
-2.45969
-2.43874
-2.41803
-2.39757
-2.37735
-2.35736
-2.33761
-2.31809
-2.2988
-2.27975
-2.26094
-2.24238
-2.22408
-2.20604
-2.18826
-2.17076
-2.15352
-2.13654
-2.11984
-2.10339
-2.08721
-2.07127
-2.05558
-2.04013
-2.02491
-2.00993
-1.99517
-1.98064
-1.96633
-1.95224
-1.93837
-1.9247
-1.91124
-1.89798
-1.88492
-1.87205
-1.85936
-1.84686
-1.83453
-1.82237
-1.81038
-1.79854
-1.78687
-1.77535
-1.76397
-1.75275
-1.74167
-1.73072
-1.71992
-1.70925
-1.69872
-1.68831
-1.67804
-1.66789
-1.65787
-1.64797
-1.63819
-1.62853
-1.61899
-1.60957
-1.60026
-1.59107
-1.58198
-1.573
-1.56413
-1.55537
-1.54671
-1.53815
-1.52969
-1.52133
-1.51307
-1.5049
-1.49683
-1.48886
-1.48098
-1.47319
-1.46549
-1.45788
-1.45036
-1.44293
-1.43559
-1.42833
-1.42115
-1.41407
-1.40706
-1.40014
-1.3933
-1.38654
-1.37987
-1.37327
-1.36675
-1.36031
-1.35394
-1.34766
-1.34144
-1.3353
-1.32923
-1.32323