-7.0809
-6.90642
-6.69759
-6.46386
-6.22207
-5.98444
-5.75512
-5.53485
-5.32297
-5.11817
-4.92023
-4.73138
-4.55533
-4.39461
-4.24904
-4.11685
-3.99591
-3.88437
-3.78121
-3.6858
-3.59786
-3.51734
-3.44387
-3.37697
-3.31627
-3.2611
-3.21063
-3.16434
-3.12175
-3.08233
-3.04559
-3.01109
-2.97854
-2.94765
-2.91823
-2.89008
-2.86305
-2.83702
-2.81182
-2.78732
-2.76342
-2.74005
-2.71714
-2.69466
-2.67259
-2.65092
-2.62963
-2.60868
-2.58802
-2.56763
-2.54748
-2.52757
-2.50789
-2.48844
-2.46923
-2.45027
-2.43158
-2.41316
-2.39501
-2.37714
-2.35953
-2.34218
-2.32511
-2.30829
-2.29174
-2.27544
-2.2594
-2.2436
-2.22805
-2.21275
-2.19771
-2.18292
-2.16837
-2.15407
-2.14001
-2.12619
-2.11259
-2.0992
-2.08603
-2.07305
-2.06026
-2.04765
-2.0352
-2.0229
-2.01076
-1.99876
-1.9869
-1.97517
-1.96357
-1.95209
-1.94073
-1.92948
-1.91833
-1.90729
-1.89635
-1.88549
-1.87472
-1.86404
-1.85343
-1.84289
-1.83242
-1.82202
-1.81167
-1.80137
-1.79111
-1.78089
-1.7707
-1.76055
-1.75042
-1.74032
-1.73024
-1.72018
-1.71015
-1.70013
-1.69013
-1.68015
-1.67019
-1.66025
-1.65034
-1.64045
-1.63058
-1.62075
-1.61094
-1.60115
-1.59138
-1.58163
-1.5719
-1.56218
-1.55249
-1.54281
-1.53315
-1.52351
-1.5139
-1.5043
-1.49473
-1.48519
-1.47567
-1.46619
-1.45674
-1.44732
-1.43796
-1.42863
-1.41936
-1.41013
-1.40096
-1.39185
-1.38279
-1.3738
-1.36486
-1.35599
-1.34718
-1.33843
-1.32976
-1.32115
-1.31261
-1.30414
-1.29574
-1.28741
-1.27915
-1.27097
-1.26287
-1.25483
-1.24688
-1.23899
-1.23119
-1.22346
-1.2158
-1.20823
-1.20074
-1.19332