-7.0809
-6.92836
-6.749
-6.54841
-6.3378
-6.12716
-5.92134
-5.72172
-5.52841
-5.34065
-5.15714
-4.97729
-4.80241
-4.63526
-4.47826
-4.33234
-4.19677
-4.06956
-3.94915
-3.83414
-3.72438
-3.61991
-3.52172
-3.43046
-3.34675
-3.27088
-3.20241
-3.14096
-3.08593
-3.03645
-2.99174
-2.95125
-2.91446
-2.88087
-2.85001
-2.82149
-2.79502
-2.77036
-2.74731
-2.72568
-2.70533
-2.68612
-2.66795
-2.6507
-2.6343
-2.61864
-2.60367
-2.58931
-2.57551
-2.56223
-2.54943
-2.53707
-2.52512
-2.51355
-2.50234
-2.49148
-2.48093
-2.47069
-2.46074
-2.45107
-2.44166
-2.43249
-2.42355
-2.41482
-2.40628
-2.39794
-2.38977
-2.38177
-2.37392
-2.36623