-7.0809
-6.9099
-6.70578
-6.47726
-6.24021
-6.00659
-5.78071
-5.56341
-5.35414
-5.15155
-4.95512
-4.76667
-4.58969
-4.42693
-4.27871
-4.14367
-4.01962
-3.90472
-3.79777
-3.69829
-3.60603
-3.52112
-3.44336
-3.37243
-3.30806
-3.24957
-3.19618
-3.14737
-3.10261
-3.0613
-3.02289
-2.98696
-2.9532
-2.92132
-2.89108
-2.86229
-2.83476
-2.80831
-2.78278
-2.75805
-2.73404
-2.71066
-2.68788
-2.66564
-2.64392
-2.62269
-2.60188
-2.58144
-2.56135
-2.54157
-2.52208
-2.50288
-2.48396
-2.46531
-2.44695
-2.42888
-2.41108
-2.39355
-2.37629
-2.35928
-2.34252
-2.326
-2.30972
-2.29368
-2.27786
-2.26228
-2.24691
-2.23177
-2.21685
-2.20214
-2.18766
-2.17338
-2.15932
-2.14547
-2.13181
-2.11835
-2.10507
-2.09198
-2.07906
-2.06631
-2.05372
-2.04128
-2.02899
-2.01684
-2.00482
-1.99293
-1.98117
-1.96953
-1.958
-1.94659
-1.93529
-1.92409
-1.91299
-1.902
-1.89109
-1.88028
-1.86956
-1.85892
-1.84836
-1.83788
-1.82748
-1.81714
-1.80688
-1.79667
-1.78652
-1.77643
-1.76639
-1.7564
-1.74646
-1.73656
-1.72671
-1.71691
-1.70714
-1.69742
-1.68774
-1.67811
-1.66852
-1.65898
-1.64948
-1.64003
-1.63062
-1.62127
-1.61196
-1.60271
-1.59349
-1.58432
-1.5752
-1.56612
-1.55708
-1.54809
-1.53915
-1.53024
-1.52139
-1.51257
-1.50381
-1.49509
-1.48642
-1.4778
-1.46923
-1.46071
-1.45225
-1.44384
-1.43549
-1.4272
-1.41896
-1.41079
-1.40268
-1.39464
-1.38665
-1.37873