-7.0809
-6.92265
-6.73568
-6.52647
-6.30757
-6.08973
-5.87774
-5.67282
-5.47492
-5.28308
-5.09616
-4.91417
-4.73906
-4.57398
-4.42113
-4.28053
-4.15096
-4.0305
-3.91763
-3.81131
-3.71137
-3.61777
-3.53103
-3.45129
-3.3785
-3.31263
-3.25311
-3.19915
-3.15028
-3.10591
-3.06537
-3.02801
-2.99339
-2.96115
-2.93098
-2.90261
-2.87578
-2.85027
-2.82589
-2.80245
-2.77982
-2.75789
-2.73655
-2.71575
-2.69541
-2.67549
-2.65596
-2.63677
-2.61787
-2.59918
-2.58067
-2.56228
-2.54401
-2.52582
-2.5077
-2.48966
-2.4717
-2.45383
-2.43607
-2.41842
-2.40085
-2.38336
-2.36594
-2.34859
-2.33131
-2.31412
-2.29701
-2.28002
-2.26314
-2.24641
-2.22984
-2.21344
-2.19724
-2.18124
-2.16544
-2.14985
-2.13449
-2.11935
-2.10444
-2.08977
-2.07533
-2.06113
-2.04718
-2.03346
-2.02
-2.00678
-1.99383
-1.98113
-1.9687
-1.95653
-1.94461
-1.93296
-1.92156
-1.9104
-1.89949
-1.88881
-1.87836
-1.86814
-1.85813
-1.84833