-7.0809
-6.92708
-6.74603
-6.54355
-6.33115
-6.11904
-5.91207
-5.71162
-5.51779
-5.32978
-5.14637
-4.96709
-4.79339
-4.62811
-4.47363
-4.33075
-4.19873
-4.07559
-3.95984
-3.85008
-3.74605
-3.64758
-3.55526
-3.46951
-3.39053
-3.31851
-3.25311
-3.19365
-3.13968
-3.09063
-3.04575
-3.00438
-2.96609
-2.93048
-2.89719
-2.86591
-2.83635
-2.80825
-2.78139
-2.75563
-2.73083
-2.70688
-2.6837
-2.66122
-2.63939
-2.61812
-2.59734
-2.57698
-2.557
-2.53735
-2.51802
-2.49898
-2.48023
-2.46177
-2.44361
-2.42574
-2.40814
-2.39079
-2.37369
-2.35682
-2.34017
-2.32375
-2.30755
-2.29158
-2.27584
-2.26034
-2.24507
-2.23007
-2.21531
-2.20081
-2.18657
-2.17258
-2.15885
-2.14537
-2.13214
-2.11916
-2.10643
-2.09394
-2.08169
-2.06968
-2.0579
-2.04635
-2.03502
-2.02392
-2.01304
-2.00238
-1.99194
-1.98172
-1.97171
-1.96191