-7.0809
-6.90815
-6.70167
-6.47055
-6.23116
-5.99559
-5.76809
-5.54946
-5.33911
-5.1357
-4.93886
-4.75063
-4.57462
-4.41347
-4.26728
-4.13455
-4.01311
-3.90116
-3.79756
-3.70178
-3.61351
-3.53275
-3.45923
-3.39246
-3.33212
-3.27757
-3.228
-3.1828
-3.14148
-3.10355
-3.06848
-3.03583
-3.00523
-2.97641
-2.94915
-2.92325
-2.89854
-2.87486
-2.8521
-2.83013
-2.80881
-2.78805
-2.76777
-2.7479
-2.72838
-2.70919
-2.69028
-2.67164
-2.65325
-2.63509
-2.61713
-2.59931
-2.58161
-2.56401
-2.54648
-2.52901
-2.5116
-2.49424
-2.47695
-2.45972
-2.44258
-2.42553
-2.40857
-2.39168
-2.37487
-2.35814
-2.34148
-2.3249
-2.3084
-2.29199
-2.27567
-2.25945
-2.24333
-2.22733
-2.21145
-2.19569
-2.18007
-2.16457
-2.14922
-2.134
-2.11892
-2.10398
-2.08918
-2.07452
-2.05999
-2.04561
-2.03135
-2.01723
-2.00324
-1.98939
-1.97567
-1.96209
-1.94864
-1.93532
-1.92213
-1.90907
-1.89615
-1.88335
-1.87068
-1.85814
-1.84572
-1.83342
-1.82124
-1.80919
-1.79724
-1.78542
-1.77371
-1.76211
-1.75062
-1.73925
-1.72798
-1.71683
-1.70579
-1.69485
-1.68403
-1.67332
-1.66271
-1.65222
-1.64184
-1.63157
-1.62142
-1.61138
-1.60144
-1.59162
-1.58192
-1.57232
-1.56283
-1.55345
-1.54419
-1.53503
-1.52598
-1.51704
-1.5082
-1.49947
-1.49085
-1.48234
-1.47393
-1.46562
-1.45742
-1.44932
-1.44132
-1.43342
-1.42563
-1.41793
-1.41034
-1.40284
-1.39545
-1.38815
-1.38096
-1.37386
-1.36686
-1.35996
-1.35315
-1.34644
-1.33982
-1.3333
-1.32686
-1.32052
-1.31427
-1.3081