-7.0809
-6.91927
-6.72777
-6.51343
-6.28965
-6.06754
-5.8518
-5.64357
-5.44266
-5.24797
-5.05847
-4.87465
-4.69889
-4.53431
-4.38287
-4.24416
-4.11651
-3.99814
-3.8875
-3.78384
-3.68687
-3.59668
-3.5136
-3.43757
-3.36844
-3.306
-3.24958
-3.19839
-3.15195
-3.10969
-3.07101
-3.03529
-3.0021
-2.97111
-2.94204
-2.91463
-2.88866
-2.86394
-2.84028
-2.81751
-2.7955
-2.77414
-2.75332
-2.73299
-2.71306
-2.69351
-2.67429
-2.65538
-2.63675
-2.61833
-2.60007
-2.58193
-2.56387
-2.54588
-2.52793
-2.51001
-2.49212
-2.47428
-2.4565
-2.43879
-2.42116
-2.40359
-2.38608
-2.36862
-2.35122
-2.33387
-2.31658
-2.29937
-2.28226
-2.26525
-2.24837
-2.23164
-2.21508
-2.19871
-2.18252
-2.16654
-2.15077
-2.13521
-2.11989
-2.10479
-2.08993
-2.0753
-2.06091
-2.04676
-2.03286
-2.0192
-2.0058
-1.99265
-1.97977
-1.96715
-1.95479
-1.9427
-1.93086
-1.91927
-1.90794
-1.89684
-1.88599
-1.87537
-1.86497
-1.85479
-1.84481
-1.83504
-1.82546
-1.81608
-1.80689
-1.79789
-1.78907
-1.78043
-1.77198
-1.76369
-1.75558
-1.74763
-1.73984
-1.73221
-1.72474
-1.71741
-1.71023
-1.70319
-1.69628
-1.68951