-7.0809
-6.90561
-6.69569
-6.46075
-6.21788
-5.97934
-5.74925
-5.52834
-5.31593
-5.1107
-4.91252
-4.72374
-4.5481
-4.38805
-4.24333
-4.11209
-3.99224
-3.88192
-3.78011
-3.68618
-3.59981
-3.52088
-3.44899
-3.38362
-3.32438
-3.27058
-3.22143
-3.17637
-3.13492
-3.09659
-3.0609
-3.02743
-2.99585
-2.96588
-2.93733
-2.91
-2.88375
-2.85844
-2.83395
-2.81014
-2.78689
-2.76412
-2.74175
-2.71973
-2.69804
-2.67664
-2.65553
-2.63471
-2.61413
-2.59376
-2.57355
-2.5535
-2.53359
-2.51382
-2.49418
-2.4747
-2.45538
-2.43625
-2.41732
-2.39859
-2.38006
-2.36174
-2.34362
-2.32572
-2.30803
-2.29056
-2.27331
-2.25628
-2.23947
-2.22289
-2.20655
-2.19046
-2.1746
-2.159
-2.14364
-2.12852
-2.11363
-2.09898
-2.08455
-2.07034
-2.05633
-2.04252
-2.0289
-2.01545
-2.00219
-1.9891
-1.97618
-1.96342
-1.95083
-1.93839
-1.9261
-1.91395
-1.90195
-1.89008
-1.87835
-1.86674
-1.85525
-1.84388
-1.83261
-1.82145
-1.81039
-1.79943
-1.78854
-1.77775
-1.76703
-1.75639
-1.74583
-1.73533
-1.72491
-1.71455
-1.70426
-1.69403
-1.68387
-1.67378
-1.66375
-1.65378
-1.64388
-1.63405
-1.62429
-1.61459
-1.60495
-1.59537
-1.58586
-1.5764
-1.567
-1.55766
-1.54837
-1.53914
-1.52997
-1.52085
-1.51179
-1.50279
-1.49384
-1.48495
-1.47613
-1.46736
-1.45866
-1.45002
-1.44144
-1.43293
-1.42449
-1.41612
-1.40782
-1.39959
-1.39143
-1.38334
-1.37533
-1.36739
-1.35952
-1.35172
-1.344
-1.33635
-1.32878
-1.32128
-1.31385
-1.3065
-1.29921
-1.29201
-1.28487
-1.27781
-1.27082
-1.2639
-1.25706
-1.25028
-1.24358
-1.23694
-1.23038
-1.22388
-1.21746
-1.2111
-1.20481
-1.1986
-1.19245
-1.18637
-1.18036
-1.17442
-1.16855
-1.16274
-1.15701
-1.15134