-7.0809
-6.92905
-6.75058
-6.55098
-6.34126
-6.1313
-5.92592
-5.7265
-5.53314
-5.34507
-5.16095
-4.98012
-4.80384
-4.63481
-4.47549
-4.32683
-4.18806
-4.05714
-3.93241
-3.81253
-3.69743
-3.58743
-3.48374
-3.38728
-3.29901
-3.2191
-3.14728
-3.08317
-3.02586
-2.97447
-2.92838
-2.8869
-2.84934
-2.81511
-2.7838
-2.75506
-2.72857
-2.70406
-2.68131
-2.6601
-2.64027
-2.62166
-2.60415
-2.58762
-2.57198
-2.55716
-2.54308
-2.52967
-2.5169
-2.5047
-2.49303
-2.48187
-2.47117
-2.4609
-2.45103
-2.44155
-2.43241
-2.4236
-2.41509
-2.40686
-2.3989
-2.39119
-2.38371
-2.37645
-2.3694
-2.36255
-2.35589
-2.3494
-2.34308
-2.33693