-7.0809
-6.94448
-6.78645
-6.61069
-6.42514
-6.23766
-6.05317
-5.87372
-5.69994
-5.5318
-5.36877
-5.20995
-5.05508
-4.90523
-4.76252
-4.6298
-4.50923
-4.40162
-4.3066
-4.22292
-4.14904
-4.08363
-4.02524
-3.97279
-3.92541
-3.88235
-3.84298
-3.80678
-3.77334
-3.74232
-3.71343
-3.68645
-3.66116
-3.63738
-3.61496
-3.59376
-3.57367
-3.55459
-3.53642
-3.51911
-3.50258
-3.48678
-3.47166
-3.45717
-3.44325
-3.42987
-3.417
-3.40458
-3.3926
-3.38103
-3.36985
-3.35902
-3.34853
-3.33837
-3.32851
-3.31895
-3.30966
-3.30063
-3.29186
-3.28333