-7.0809
-6.92744
-6.74685
-6.54489
-6.33297
-6.12125
-5.91457
-5.71431
-5.52056
-5.33254
-5.149
-4.96942
-4.79523
-4.62924
-4.47386
-4.32988
-4.19657
-4.07195
-3.95446
-3.84271
-3.73648
-3.63565
-3.54093
-3.45279
-3.37154
-3.29743
-3.23004
-3.16877
-3.11321
-3.06265
-3.01629
-2.97358
-2.93407
-2.89734
-2.86301
-2.83073
-2.80019
-2.77116
-2.74346
-2.71693
-2.69145
-2.66692
-2.64327
-2.62039
-2.59819
-2.57659
-2.55553
-2.53495
-2.51484
-2.49515
-2.47588
-2.45702
-2.43856
-2.42049
-2.40278
-2.38541
-2.36836
-2.35161
-2.33516
-2.319
-2.30313
-2.28754
-2.27222
-2.25719
-2.24245
-2.22798
-2.21381
-2.1999
-2.18628
-2.17292
-2.15983
-2.147
-2.13443
-2.12211
-2.11004
-2.09821
-2.08662
-2.07526
-2.06413
-2.05322