-7.0809
-6.91324
-6.71364
-6.49018
-6.25784
-6.02831
-5.80606
-5.59206
-5.38588
-5.18624
-4.99239
-4.80568
-4.62927
-4.46607
-4.31705
-4.18126
-4.05651
-3.94104
-3.83339
-3.73308
-3.63972
-3.55347
-3.47428
-3.40187
-3.33605
-3.2763
-3.22186
-3.17212
-3.12659
-3.08471
-3.0459
-3.00967
-2.97567
-2.94361
-2.91323
-2.88432
-2.85667
-2.83012
-2.80449
-2.77963
-2.75543
-2.7318
-2.70869
-2.68603
-2.6638
-2.64196
-2.62048
-2.59929
-2.57833
-2.55758
-2.53701
-2.5166
-2.49635
-2.47626
-2.45634
-2.4366
-2.41706
-2.39768
-2.37848
-2.35945
-2.34058
-2.32188
-2.30334
-2.28498
-2.26681
-2.24882
-2.23104
-2.21347
-2.19611
-2.17897
-2.16206
-2.14537
-2.12891
-2.11267
-2.09666
-2.08088
-2.06532
-2.04997
-2.03484
-2.01992
-2.00522
-1.99073
-1.97645
-1.96239
-1.94853
-1.93488
-1.92144
-1.90819
-1.89514
-1.88229
-1.86962
-1.85714
-1.84483
-1.8327
-1.82074
-1.80895
-1.79732
-1.78586
-1.77455
-1.76339
-1.75239
-1.74154
-1.73083
-1.72027
-1.70985
-1.69957
-1.68943
-1.67942
-1.66955
-1.6598
-1.65018
-1.64069
-1.63132
-1.62208
-1.61295
-1.60394
-1.59505
-1.58627
-1.5776
-1.56904
-1.56059
-1.55225
-1.54401
-1.53588
-1.52785
-1.51991
-1.51208
-1.50434
-1.4967
-1.48915
-1.4817
-1.47433
-1.46706
-1.45987
-1.45277
-1.44576
-1.43884
-1.43199
-1.42523
-1.41855