-7.0809
-6.91401
-6.71545
-6.49316
-6.26189
-6.03327
-5.81181
-5.59847
-5.39286
-5.19372
-5.00025
-4.81369
-4.63711
-4.47346
-4.32385
-4.18742
-4.062
-3.94587
-3.83754
-3.73656
-3.64255
-3.55571
-3.47604
-3.40326
-3.3372
-3.27737
-3.22296
-3.17338
-3.12811
-3.08659
-3.04822
-3.0125
-2.97907
-2.94764
-2.91794
-2.88975
-2.86287
-2.83712
-2.81232
-2.78834
-2.76505
-2.74236
-2.7202
-2.69851
-2.67724
-2.65638
-2.63588
-2.61569
-2.59575
-2.57603
-2.55648
-2.53708
-2.51781
-2.49868
-2.47967
-2.4608
-2.44209
-2.42352
-2.40509
-2.3868
-2.36862
-2.35058
-2.33265
-2.31484
-2.29716
-2.27962
-2.26221
-2.24496
-2.22787
-2.21095
-2.19421
-2.17764
-2.16125
-2.14505
-2.12904
-2.11321
-2.09757
-2.08213
-2.06687
-2.0518
-2.03691
-2.02221
-2.0077
-1.99338
-1.97925
-1.96531
-1.95156
-1.938
-1.92463
-1.91144
-1.89843
-1.8856
-1.87295
-1.86047
-1.84816
-1.83602
-1.82404
-1.81222
-1.80056
-1.78905
-1.7777
-1.7665
-1.75544
-1.74454
-1.73378
-1.72317
-1.71269
-1.70235
-1.69215
-1.68209
-1.67216
-1.66235
-1.65268
-1.64313
-1.6337
-1.6244
-1.61522
-1.60615
-1.5972
-1.58837
-1.57965
-1.57104
-1.56254
-1.55415
-1.54587
-1.53769
-1.52962
-1.52165
-1.51378
-1.506
-1.49833
-1.49075
-1.48326
-1.47587
-1.46857
-1.46136
-1.45424
-1.44721
-1.44026
-1.4334