-7.0809
-6.91401
-6.71546
-6.49317
-6.26191
-6.03331
-5.81187
-5.59857
-5.39302
-5.19394
-5.00055
-4.81408
-4.63761
-4.47409
-4.32463
-4.18838
-4.06317
-3.94729
-3.83924
-3.73858
-3.64492
-3.55843
-3.47914
-3.40676
-3.3411
-3.2817
-3.22776
-3.17866
-3.13391
-3.09293
-3.05516
-3.02008
-2.98732
-2.95659
-2.92764
-2.90022
-2.87416
-2.84927
-2.82538
-2.80236
-2.78008
-2.75843
-2.73735
-2.71677
-2.69665
-2.67693
-2.65761
-2.63864
-2.61998
-2.60158
-2.5834
-2.5654
-2.54756
-2.52987
-2.51231
-2.49488
-2.47758
-2.46041
-2.44339
-2.42651
-2.40977
-2.39315
-2.37665
-2.36026
-2.34398
-2.32782
-2.31177
-2.29583
-2.28001
-2.26432
-2.24875
-2.23333
-2.21805
-2.20292
-2.18794
-2.17311
-2.15844
-2.14392
-2.12956
-2.11535
-2.10131
-2.08741
-2.07368
-2.06009
-2.04666
-2.03338
-2.02025
-2.00728
-1.99446
-1.98179
-1.96927
-1.9569
-1.94468
-1.93262
-1.9207
-1.90892
-1.89729
-1.8858
-1.87445
-1.86323
-1.85215
-1.8412
-1.83037
-1.81967
-1.8091
-1.79865
-1.78832
-1.7781
-1.76801
-1.75803
-1.74816
-1.73841
-1.72876
-1.71923
-1.7098
-1.70048
-1.69127
-1.68215
-1.67314
-1.66423
-1.65543
-1.64671
-1.6381
-1.62958
-1.62116
-1.61283
-1.60459
-1.59644
-1.58838
-1.58041
-1.57253
-1.56474
-1.55702
-1.5494
-1.54185
-1.53439
-1.52701
-1.51971
-1.51249
-1.50535