-7.0809
-6.91969
-6.72878
-6.51509
-6.29192
-6.07035
-5.85507
-5.64725
-5.44671
-5.25236
-5.06317
-4.87954
-4.70381
-4.53912
-4.38746
-4.24846
-4.12052
-4.00182
-3.89082
-3.78674
-3.68932
-3.59862
-3.515
-3.43845
-3.36882
-3.30592
-3.24908
-3.19751
-3.15075
-3.10821
-3.06928
-3.03334
-2.99995
-2.96879
-2.93956
-2.91201
-2.88591
-2.86106
-2.83728
-2.81441
-2.79229
-2.77082
-2.7499
-2.72947
-2.70946
-2.68982
-2.67052
-2.65154
-2.63283
-2.61434
-2.596
-2.57778
-2.55965
-2.54158
-2.52355
-2.50556
-2.48762
-2.46972
-2.45189
-2.43415
-2.41648
-2.39888
-2.38134
-2.36385
-2.34642
-2.32905
-2.31175
-2.29453
-2.27741
-2.2604
-2.24354
-2.22683
-2.2103
-2.19396
-2.17781
-2.16188
-2.14615
-2.13065
-2.11538
-2.10035
-2.08554
-2.07098
-2.05666
-2.04259
-2.02875
-2.01517
-2.00185
-1.98879
-1.97599
-1.96346
-1.95119
-1.93918
-1.92744
-1.91594
-1.9047
-1.89369
-1.88293
-1.87239
-1.86208
-1.85199
-1.8421
-1.83241
-1.82291
-1.81362
-1.80451
-1.79559
-1.78685
-1.7783
-1.76992
-1.76172