-7.0809
-6.9238
-6.73838
-6.53092
-6.3137
-6.09734
-5.88663
-5.68286
-5.48599
-5.29512
-5.10908
-4.92774
-4.75291
-4.5877
-4.43435
-4.29308
-4.1628
-4.04156
-3.92784
-3.8205
-3.71939
-3.62441
-3.53614
-3.45479
-3.38036
-3.3129
-3.25186
-3.19648
-3.14629
-3.1007
-3.05903
-3.0206
-2.98498
-2.95181
-2.92076
-2.89155
-2.86391
-2.83761
-2.81245
-2.78825
-2.76487
-2.74221
-2.72017
-2.69869
-2.6777
-2.65717
-2.63705
-2.61728
-2.59778
-2.5785
-2.55941
-2.54046
-2.52165
-2.50296
-2.48439
-2.46595
-2.44765
-2.42951
-2.4115
-2.39362
-2.37585
-2.35819
-2.34064
-2.3232
-2.30588
-2.28869
-2.27165
-2.25477
-2.23807
-2.22157
-2.20528
-2.18921
-2.17336
-2.15774
-2.14236
-2.12722
-2.11232
-2.09767
-2.08327
-2.06912
-2.05522
-2.04157
-2.02817
-2.01502
-2.00214
-1.98952
-1.97716
-1.96506
-1.95323
-1.94165
-1.93033
-1.91926
-1.90843
-1.89784
-1.88748
-1.87734
-1.86743
-1.85772
-1.84822
-1.83892