-7.0809
-6.93344
-6.76082
-6.56802
-6.36517
-6.1616
-5.96215
-5.76839
-5.58065
-5.39836
-5.22035
-5.04588
-4.87565
-4.71187
-4.55738
-4.41425
-4.28238
-4.16068
-4.0474
-3.94101
-3.84023
-3.74459
-3.65365
-3.56767
-3.4868
-3.41121
-3.34112
-3.27652
-3.2171
-3.16267
-3.11291
-3.06741
-3.02564
-2.98727
-2.95197
-2.91943
-2.88936
-2.86146
-2.83548
-2.81121
-2.7885
-2.76719
-2.74716
-2.72829
-2.71047
-2.69361
-2.67762
-2.66244
-2.64799
-2.63422
-2.62106
-2.60847
-2.59641
-2.58484
-2.57373
-2.56304
-2.55274
-2.54282
-2.53325
-2.524