-7.0809
-6.90784
-6.70094
-6.46935
-6.22952
-5.99357
-5.76573
-5.54679
-5.33615
-5.13247
-4.9354
-4.74701
-4.57095
-4.40982
-4.26368
-4.13095
-4.0095
-3.89749
-3.79382
-3.69793
-3.60952
-3.52859
-3.45484
-3.3878
-3.32714
-3.2722
-3.22217
-3.17647
-3.1346
-3.09606
-3.06034
-3.02698
-2.99564
-2.96605
-2.93798
-2.91125
-2.88567
-2.86112
-2.83745
-2.81452
-2.79222
-2.77045
-2.74914
-2.72823
-2.70766
-2.68742
-2.66748
-2.64784
-2.62845
-2.60928
-2.59028
-2.57143
-2.5527
-2.53408
-2.51556
-2.49714
-2.47882
-2.46061
-2.44254
-2.42461
-2.40681
-2.38914
-2.37161
-2.3542
-2.33693
-2.31979
-2.30279
-2.28592
-2.26921
-2.25264
-2.23624
-2.21999
-2.20392
-2.18803
-2.17232
-2.15678
-2.14143
-2.12626
-2.11127
-2.09646
-2.08183
-2.06737
-2.05308
-2.03895
-2.02498
-2.01117
-1.99752
-1.98403
-1.97069
-1.9575
-1.94446
-1.93157
-1.91883
-1.90623
-1.89377
-1.88144
-1.86926
-1.8572
-1.84528
-1.83348
-1.8218
-1.81025
-1.79881
-1.78748
-1.77627
-1.76516
-1.75417
-1.74327
-1.73249
-1.7218
-1.71122
-1.70074
-1.69036
-1.68008
-1.6699
-1.65983
-1.64985
-1.63997
-1.6302
-1.62053
-1.61096
-1.60148
-1.59211
-1.58283
-1.57365
-1.56457
-1.55558
-1.54669
-1.53789
-1.52919
-1.52058
-1.51206
-1.50364
-1.4953
-1.48706
-1.47891
-1.47085
-1.46289
-1.45501
-1.44722
-1.43952
-1.43192
-1.4244
-1.41697
-1.40962
-1.40237
-1.39521
-1.38813
-1.38114
-1.37424
-1.36743
-1.36071
-1.35406
-1.34751
-1.34104
-1.33465
-1.32834
-1.32212
-1.31597
-1.3099
-1.30392
-1.29801
-1.29217
-1.28641
-1.28073
-1.27511
-1.26957
-1.2641
-1.2587
-1.25336