-7.0809
-6.91681
-6.72202
-6.50396
-6.27666
-6.0515
-5.83308
-5.62247
-5.41938
-5.22264
-5.0313
-4.84621
-4.67009
-4.50599
-4.35551
-4.21806
-4.09169
-3.97467
-3.86543
-3.76343
-3.66829
-3.58014
-3.49917
-3.42519
-3.35801
-3.2973
-3.24233
-3.19236
-3.14691
-3.10542
-3.06731
-3.032
-2.9991
-2.96828
-2.93928
-2.91185
-2.88579
-2.86092
-2.83706
-2.81406
-2.79177
-2.77009
-2.74894
-2.72824
-2.70793
-2.68798
-2.66835
-2.64902
-2.62995
-2.61109
-2.59237
-2.57376
-2.55524
-2.53677
-2.51835
-2.49998
-2.48165
-2.46339
-2.4452
-2.42709
-2.40907
-2.39111
-2.37321
-2.35538
-2.33761
-2.31991
-2.30229
-2.28477
-2.26735
-2.25006
-2.23292
-2.21594
-2.19913
-2.18251
-2.16608
-2.14985
-2.13383
-2.11803
-2.10244
-2.08708
-2.07194
-2.05703
-2.04235
-2.0279
-2.01369
-1.99972
-1.986
-1.97252
-1.9593
-1.94632
-1.9336
-1.92111
-1.90887
-1.89687
-1.8851
-1.87355
-1.86223
-1.85112
-1.84021
-1.82951
-1.819
-1.80869
-1.79858
-1.78865
-1.77891
-1.76936
-1.75998
-1.75078
-1.74176
-1.7329
-1.72421
-1.71568
-1.70731
-1.69909
-1.69102
-1.68309
-1.6753
-1.66765
-1.66013
-1.65274
-1.64547
-1.63833
-1.6313
-1.62438
-1.61758
-1.61088
-1.60429
-1.59781
-1.59142
-1.58514