-7.0809
-6.92768
-6.7474
-6.54579
-6.3342
-6.12274
-5.91626
-5.71612
-5.52244
-5.33442
-5.1508
-4.97105
-4.79656
-4.63014
-4.47418
-4.32951
-4.19539
-4.06982
-3.95124
-3.83826
-3.73065
-3.62836
-3.53216
-3.44256
-3.35996
-3.28461
-3.21607
-3.15384
-3.09742
-3.04608
-2.999
-2.95569
-2.91567
-2.8785
-2.84377
-2.81113
-2.78028
-2.75101
-2.72313
-2.69648
-2.67095
-2.64644
-2.62284
-2.60005
-2.57796
-2.55652
-2.53566
-2.51534
-2.49553
-2.47621
-2.45736
-2.43898
-2.42103
-2.40348
-2.38632
-2.36952
-2.35306
-2.33693
-2.32112
-2.30562
-2.29042
-2.27551
-2.26091
-2.2466
-2.23258
-2.21885
-2.20541
-2.19224
-2.17934
-2.1667
-2.15432
-2.14219
-2.13031
-2.11867
-2.10727
-2.0961
-2.08515
-2.07441
-2.0639
-2.05359