-7.0809
-6.91498
-6.71774
-6.49692
-6.26702
-6.0396
-5.81918
-5.60678
-5.40203
-5.20369
-5.01092
-4.82481
-4.64833
-4.48446
-4.33448
-4.19765
-4.07185
-3.95538
-3.8467
-3.74536
-3.65098
-3.56374
-3.48372
-3.41065
-3.34436
-3.2844
-3.23
-3.18047
-3.13535
-3.09406
-3.056
-3.02063
-2.9876
-2.9566
-2.92736
-2.89964
-2.87326
-2.84803
-2.82377
-2.80034
-2.77761
-2.75547
-2.73386
-2.7127
-2.69195
-2.67157
-2.65154
-2.63182
-2.61235
-2.59307
-2.57396
-2.55497
-2.53608
-2.51728
-2.49857
-2.47994
-2.46141
-2.44299
-2.42469
-2.40648
-2.38838
-2.37036
-2.35242
-2.33458
-2.31682
-2.29917
-2.28162
-2.26418
-2.24688
-2.22973
-2.21274
-2.19591
-2.17925
-2.16278
-2.14648
-2.13038
-2.11446
-2.09874
-2.08322
-2.0679
-2.05277
-2.03784
-2.02312
-2.0086
-1.9943
-1.9802
-1.96632
-1.95265
-1.9392
-1.92595
-1.91292
-1.90009
-1.88747
-1.87505
-1.86282
-1.85079
-1.83894
-1.82727
-1.81579
-1.80448
-1.79335
-1.78239
-1.77161
-1.76099
-1.75055
-1.74026
-1.73014
-1.72018
-1.71037
-1.70071
-1.6912
-1.68184
-1.67262
-1.66354
-1.6546
-1.64578
-1.6371
-1.62855
-1.62012
-1.61181
-1.60362
-1.59555
-1.58759
-1.57975
-1.57202
-1.56439
-1.55688
-1.54947
-1.54216
-1.53496