-7.0809
-6.92163
-6.73331
-6.52256
-6.30219
-6.08306
-5.86994
-5.66402
-5.46522
-5.27251
-5.08481
-4.90227
-4.72694
-4.562
-4.40958
-4.26956
-4.14059
-4.02078
-3.90861
-3.80313
-3.70415
-3.61165
-3.52611
-3.4476
-3.37604
-3.31133
-3.25288
-3.19987
-3.15185
-3.10822
-3.06834
-3.03158
-2.99748
-2.9657
-2.93594
-2.90792
-2.88141
-2.85619
-2.83207
-2.80888
-2.78647
-2.76473
-2.74357
-2.72291
-2.70269
-2.68287
-2.6634
-2.64427
-2.6254
-2.60674
-2.58825
-2.56986
-2.55157
-2.53333
-2.51515
-2.49701
-2.47893
-2.46091
-2.44297
-2.42512
-2.40734
-2.38963
-2.37196
-2.35436
-2.33681
-2.31932
-2.3019
-2.28458
-2.26736
-2.25027
-2.23333
-2.21656
-2.19998
-2.18358
-2.1674
-2.15142
-2.13566
-2.12014
-2.10484
-2.08979
-2.07497
-2.0604
-2.04608
-2.032
-2.01818
-2.00462
-1.99133
-1.97831
-1.96556
-1.95309
-1.94088
-1.92894
-1.91726
-1.90583
-1.89466
-1.88374
-1.87305
-1.86259
-1.85235
-1.84233
-1.83252
-1.82291
-1.8135
-1.80428
-1.79527
-1.78644
-1.7778
-1.76934
-1.76107
-1.75296