-7.0809
-6.9148
-6.7173
-6.4962
-6.26604
-6.03839
-5.81777
-5.60518
-5.40026
-5.20176
-5.00884
-4.82262
-4.64609
-4.48224
-4.33231
-4.19553
-4.06977
-3.95332
-3.84467
-3.74337
-3.64903
-3.56184
-3.48185
-3.40882
-3.34257
-3.28263
-3.22822
-3.17868
-3.13353
-3.09219
-3.05407
-3.01863
-2.98552
-2.95443
-2.92509
-2.89728
-2.8708
-2.84546
-2.82109
-2.79754
-2.77469
-2.75243
-2.7307
-2.70942
-2.68856
-2.66807
-2.64794
-2.62811
-2.60853
-2.58916
-2.56994
-2.55085
-2.53188
-2.513
-2.49421
-2.47552
-2.45694
-2.43848
-2.42015
-2.40192
-2.3838
-2.36577
-2.34784
-2.33001
-2.31227
-2.29465
-2.27714
-2.25976
-2.24252
-2.22544
-2.20852
-2.19178
-2.17521
-2.15883
-2.14263
-2.12663
-2.11083
-2.09522
-2.07981
-2.06459
-2.04958
-2.03477
-2.02016
-2.00576
-1.99157
-1.97759
-1.96382
-1.95026
-1.93691
-1.92377
-1.91084
-1.89811
-1.88558
-1.87325
-1.86111
-1.84916
-1.83739
-1.8258
-1.81439
-1.80315
-1.79208
-1.78119
-1.77047
-1.75991
-1.74951
-1.73928
-1.7292
-1.71928
-1.7095
-1.69988
-1.6904
-1.68107
-1.67187
-1.66282
-1.65389
-1.6451
-1.63643
-1.62789
-1.61947
-1.61116
-1.60298
-1.59491
-1.58696
-1.57912
-1.57138
-1.56376
-1.55624
-1.54882
-1.5415
-1.53429