-7.0809
-6.90774
-6.7007
-6.46896
-6.22899
-5.99292
-5.76497
-5.54593
-5.33519
-5.13141
-4.93427
-4.74582
-4.56973
-4.4086
-4.26246
-4.12972
-4.00824
-3.8962
-3.79248
-3.69654
-3.60806
-3.52705
-3.45321
-3.38607
-3.32528
-3.2702
-3.22
-3.17412
-3.13207
-3.09333
-3.05739
-3.02379
-2.9922
-2.96236
-2.93403
-2.90702
-2.88117
-2.85633
-2.83237
-2.80914
-2.78653
-2.76445
-2.74282
-2.72159
-2.70071
-2.68017
-2.65993
-2.64
-2.62033
-2.60086
-2.58158
-2.56245
-2.54345
-2.52457
-2.50581
-2.48716
-2.46865
-2.45027
-2.43205
-2.41399
-2.39608
-2.37832
-2.36071
-2.34326
-2.32595
-2.3088
-2.29181
-2.27498
-2.25832
-2.24183
-2.22552
-2.2094
-2.19346
-2.17772
-2.16217
-2.14682
-2.13166
-2.1167
-2.10193
-2.08735
-2.07295
-2.05873
-2.04468
-2.0308
-2.01708
-2.00353
-1.99014
-1.97691
-1.96383
-1.95091
-1.93814
-1.92552
-1.91304
-1.90071
-1.88851
-1.87646
-1.86453
-1.85274
-1.84107
-1.82952
-1.81809
-1.80678
-1.79558
-1.78449
-1.7735
-1.76262
-1.75184
-1.74116
-1.73057
-1.72009
-1.7097
-1.69941
-1.68921
-1.6791
-1.6691
-1.65918
-1.64936
-1.63964
-1.63001
-1.62047
-1.61103
-1.60168
-1.59242
-1.58326
-1.57418
-1.56519
-1.5563
-1.54749
-1.53877
-1.53013
-1.52158
-1.51312
-1.50475
-1.49646
-1.48825
-1.48013
-1.4721
-1.46415
-1.45629
-1.44851
-1.44081
-1.4332
-1.42568
-1.41824
-1.41088
-1.40361
-1.39642
-1.38932
-1.3823
-1.37537
-1.36851
-1.36174
-1.35506
-1.34845
-1.34193
-1.33548
-1.32912
-1.32283
-1.31663
-1.31049
-1.30444
-1.29846
-1.29255
-1.28672
-1.28095
-1.27526
-1.26964
-1.26409
-1.2586
-1.25318