-7.0809
-6.90635
-6.69743
-6.4636
-6.22172
-5.98401
-5.75462
-5.53429
-5.32236
-5.11751
-4.91953
-4.73066
-4.55463
-4.39393
-4.24839
-4.11624
-3.99534
-3.88384
-3.78072
-3.68535
-3.59746
-3.51697
-3.44354
-3.37667
-3.31599
-3.26083
-3.21036
-3.16407
-3.12146
-3.08202
-3.04525
-3.01072
-2.97813
-2.9472
-2.91772
-2.88952
-2.86244
-2.83635
-2.81108
-2.78652
-2.76255
-2.7391
-2.71612
-2.69357
-2.67143
-2.64968
-2.62832
-2.60729
-2.58655
-2.56609
-2.54587
-2.52588
-2.50613
-2.48662
-2.46735
-2.44833
-2.42959
-2.41112
-2.39292
-2.375
-2.35735
-2.33997
-2.32286
-2.30602
-2.28945
-2.27313
-2.25706
-2.24125
-2.22569
-2.21039
-2.19534
-2.18055
-2.166
-2.15171
-2.13766
-2.12384
-2.11025
-2.09688
-2.08372
-2.07075
-2.05797
-2.04537
-2.03293
-2.02065
-2.00852
-1.99654
-1.98469
-1.97297
-1.96139
-1.94992
-1.93858
-1.92734
-1.91621
-1.90518
-1.89425
-1.8834
-1.87265
-1.86197
-1.85138
-1.84085
-1.83039
-1.81999
-1.80965
-1.79935
-1.7891
-1.77888
-1.7687
-1.75854
-1.74841
-1.73831
-1.72823
-1.71817
-1.70812
-1.6981
-1.6881
-1.67811
-1.66814
-1.65819
-1.64827
-1.63837
-1.62849
-1.61864
-1.60882
-1.59901
-1.58923
-1.57946
-1.56971
-1.55998
-1.55026
-1.54056
-1.53088
-1.52122
-1.51157
-1.50195
-1.49235
-1.48278
-1.47323
-1.46372
-1.45424
-1.4448
-1.4354
-1.42605
-1.41675
-1.40749
-1.3983
-1.38915
-1.38007
-1.37104
-1.36207
-1.35317
-1.34433
-1.33556
-1.32685
-1.31821
-1.30964
-1.30114
-1.29271
-1.28435
-1.27607
-1.26785
-1.25972
-1.25165
-1.24367
-1.23576
-1.22792
-1.22016
-1.21248
-1.20488
-1.19736
-1.18993