-7.0809
-6.91202
-6.71078
-6.48548
-6.25143
-6.02041
-5.79686
-5.58168
-5.37442
-5.17375
-4.97902
-4.79173
-4.61518
-4.45222
-4.30358
-4.16815
-4.04373
-3.92851
-3.82109
-3.72101
-3.62787
-3.54183
-3.46281
-3.39047
-3.32463
-3.26471
-3.20993
-3.15976
-3.11367
-3.0711
-3.03146
-2.99431
-2.95931
-2.92618
-2.89467
-2.86457
-2.83568
-2.80782
-2.78082
-2.75454
-2.72891
-2.70383
-2.67927
-2.65519
-2.63157
-2.60834
-2.58544
-2.56282
-2.54047
-2.51835
-2.49646
-2.47481
-2.45341
-2.43227
-2.4114
-2.39078
-2.37042
-2.3503
-2.33044
-2.31083
-2.29147
-2.27237
-2.25353
-2.23496
-2.21667
-2.19867
-2.18095
-2.16352
-2.14638
-2.12953
-2.11296
-2.09667
-2.08066
-2.06491
-2.04943
-2.0342
-2.01921
-2.00448
-1.98999
-1.97574
-1.96173
-1.94795
-1.93439
-1.92107
-1.90795
-1.89506
-1.88236
-1.86987
-1.85758
-1.84547
-1.83354
-1.8218
-1.81022
-1.79882
-1.78757
-1.77649
-1.76556
-1.75479
-1.74416
-1.73368
-1.72335
-1.71315
-1.70309
-1.69316
-1.68336
-1.6737
-1.66416
-1.65474
-1.64545
-1.63627
-1.62722
-1.61828
-1.60946
-1.60074
-1.59214
-1.58364
-1.57525
-1.56696
-1.55877
-1.55068
-1.54269
-1.5348
-1.527
-1.5193
-1.51168
-1.50416
-1.49672
-1.48938
-1.48212
-1.47494
-1.46785
-1.46084
-1.45392
-1.44707
-1.44031
-1.43362
-1.42701
-1.42048
-1.41402
-1.40764
-1.40134
-1.3951
-1.38894
-1.38286
-1.37684
-1.37089
-1.36501
-1.3592
-1.35345
-1.34777