-7.0809
-6.91894
-6.72702
-6.51219
-6.28794
-6.06543
-5.84935
-5.64081
-5.43962
-5.24467
-5.05495
-4.87098
-4.69519
-4.53069
-4.37942
-4.24092
-4.1135
-3.99537
-3.88498
-3.78162
-3.68499
-3.59516
-3.51245
-3.43679
-3.36801
-3.30588
-3.24974
-3.1988
-3.15257
-3.11049
-3.07197
-3.03639
-3.00332
-2.97243
-2.94345
-2.91612
-2.89021
-2.86554
-2.84194
-2.81922
-2.79725
-2.77592
-2.75514
-2.73483
-2.71492
-2.69538
-2.67617
-2.65725
-2.6386
-2.62017
-2.6019
-2.58374
-2.56566
-2.54763
-2.52963
-2.51166
-2.49372
-2.47581
-2.45794
-2.44015
-2.42242
-2.40474
-2.38711
-2.36953
-2.35199
-2.33449
-2.31705
-2.29968
-2.28238
-2.26519
-2.24812
-2.23119
-2.21442
-2.19783
-2.18142
-2.1652
-2.1492
-2.1334
-2.11782
-2.10247
-2.08735
-2.07246
-2.0578
-2.04339
-2.02921
-2.01528
-2.00161
-1.9882
-1.97505
-1.96216
-1.94954
-1.93717
-1.92507
-1.91322
-1.90162
-1.89027
-1.87915
-1.86826
-1.8576
-1.84716
-1.83692
-1.82689
-1.81706
-1.80742
-1.79798
-1.78874
-1.77968
-1.77081
-1.76212
-1.75361
-1.74527
-1.73709
-1.72909
-1.72124
-1.71355
-1.70601
-1.69862
-1.69137
-1.68426
-1.67729