0 134
0.01 134
0.02 130
0.03 130
0.04 128
0.05 128
0.06 128
0.07 126
0.08 126
0.09 126
0.1 126
0.11 126
0.12 126
0.13 126
0.14 126
0.15 124
0.16 122
0.17 122
0.18 120
0.19 120
0.2 118
0.21 118
0.22 118
0.23 118
0.24 118
0.25 118
0.26 118
0.27 116
0.28 116
0.29 114
0.3 112
0.31 112
0.32 112
0.33 112
0.34 110
0.35 110
0.36 108
0.37 108
0.38 108
0.39 106
0.4 106
0.41 106
0.42 106
0.43 106
0.44 104
0.45 102
0.46 100
0.47 100
0.48 100
0.49 100
0.5 100
0.51 100
0.52 98
0.53 98
0.54 98
0.55 98
0.56 98
0.57 98
0.58 98
0.59 98
0.6 96
0.61 96
0.62 96
0.63 94
0.64 92
0.65 92
0.66 92
0.67 92
0.68 92
0.69 92
0.7 92
0.71 92
0.72 90
0.73 90
0.74 90
0.75 90
0.76 90
0.77 90
0.78 90
0.79 90
0.8 90
0.81 88
0.82 88
0.83 86
0.84 86
0.85 86
0.86 86
0.87 82
0.88 82
0.89 82
0.9 82
0.91 82
0.92 82
0.93 82
0.94 82
0.95 82
0.96 82
0.97 80
0.98 80
0.99 80
1 80
