0 80
0.01 80
0.02 78
0.03 78
0.04 78
0.05 78
0.06 76
0.07 76
0.08 76
0.09 76
0.1 76
0.11 76
0.12 76
0.13 76
0.14 76
0.15 76
0.16 76
0.17 76
0.18 76
0.19 76
0.2 76
0.21 76
0.22 76
0.23 74
0.24 74
0.25 74
0.26 74
0.27 74
0.28 74
0.29 74
0.3 74
0.31 74
0.32 72
0.33 72
0.34 72
0.35 72
0.36 72
0.37 72
0.38 72
0.39 72
0.4 72
0.41 68
0.42 68
0.43 68
0.44 68
0.45 68
0.46 68
0.47 68
0.48 68
0.49 68
0.5 68
0.51 68
0.52 68
0.53 68
0.54 68
0.55 68
0.56 68
0.57 68
0.58 68
0.59 68
0.6 68
0.61 68
0.62 68
0.63 68
0.64 68
0.65 68
0.66 68
0.67 68
0.68 68
0.69 68
0.7 68
0.71 68
0.72 66
0.73 66
0.74 66
0.75 66
0.76 66
0.77 66
0.78 66
0.79 66
0.8 66
0.81 66
0.82 66
0.83 66
0.84 66
0.85 66
0.86 66
0.87 66
0.88 66
0.89 66
0.9 66
0.91 66
0.92 66
0.93 66
0.94 66
0.95 66
0.96 66
0.97 66
0.98 66
0.99 66
1 66
