0 20
0.01 20
0.02 19
0.03 19
0.04 19
0.05 19
0.06 19
0.07 19
0.08 19
0.09 19
0.1 19
0.11 19
0.12 17
0.13 17
0.14 17
0.15 16
0.16 16
0.17 16
0.18 16
0.19 16
0.2 16
0.21 16
0.22 16
0.23 16
0.24 16
0.25 16
0.26 16
0.27 16
0.28 15
0.29 15
0.3 14
0.31 14
0.32 14
0.33 14
0.34 14
0.35 13
0.36 13
0.37 13
0.38 13
0.39 13
0.4 13
0.41 13
0.42 13
0.43 13
0.44 13
0.45 13
0.46 13
0.47 13
0.48 13
0.49 13
0.5 13
0.51 13
0.52 13
0.53 13
0.54 13
0.55 13
0.56 13
0.57 13
0.58 13
0.59 13
0.6 13
0.61 13
0.62 13
0.63 13
0.64 13
0.65 13
0.66 13
0.67 13
0.68 13
0.69 13
0.7 13
0.71 12
0.72 12
0.73 12
0.74 12
0.75 12
0.76 12
0.77 12
0.78 12
0.79 12
0.8 11
0.81 11
0.82 11
0.83 11
0.84 11
0.85 11
0.86 11
0.87 11
0.88 11
0.89 11
0.9 11
0.91 11
0.92 11
0.93 11
0.94 11
0.95 11
0.96 11
0.97 11
0.98 11
0.99 11
1 11
