1 1 4 A
1 1 5 A
1 1 7 B
1 2 2 B
1 2 4 A
1 2 6 B
1 3 3 A
1 3 6 B
1 3 7 A
1 4 1 B
1 4 2 B
1 4 6 A
1 5 2 A
1 5 9 B
1 6 2 B
1 7 1 B
1 7 6 A
1 7 7 A
1 8 2 A
1 8 3 A
1 8 6 A
1 9 2 A
1 9 3 A
1 9 8 B
1 10 9 B
2 1 5 A
2 1 7 B
2 2 1 A
2 2 4 A
2 2 5 A
2 3 2 B
2 3 3 A
2 3 5 A
2 4 6 B
2 4 7 A
2 4 8 A
2 5 5 A
2 5 8 B
2 5 10 A
2 6 7 A
2 6 8 A
2 7 8 A
2 8 5 A
2 8 8 A
2 9 2 A
2 9 3 A
2 9 8 A
2 9 9 A
2 10 3 A
2 10 6 B
3 1 3 B
3 2 6 A
3 2 8 A
3 3 7 B
3 3 8 B
3 3 9 A
3 4 1 B
3 5 2 A
3 5 3 A
3 5 10 B
3 6 3 A
3 6 8 B
3 7 1 B
3 7 3 B
3 7 4 A
3 7 8 A
3 7 9 A
3 8 1 A
3 8 3 A
3 8 5 B
3 9 3 A
3 9 6 A
3 10 9 A
3 10 10 B
4 1 3 B
4 2 2 A
4 2 3 A
4 2 7 A
4 2 9 A
4 3 2 B
4 3 9 B
4 4 1 A
4 4 7 A
4 5 2 B
4 6 8 A
4 6 9 A
4 7 1 A
4 7 3 B
4 7 4 A
4 7 8 B
4 8 4 A
4 8 5 A
4 9 3 A
4 9 6 A
4 9 9 B
4 10 8 B
4 10 9 B
5 1 6 A
5 3 5 B
5 4 8 B
5 5 1 B
5 5 3 A
5 5 5 A
5 6 1 A
5 6 9 B
5 7 1 A
5 7 9 B
5 7 10 A
5 8 2 A
5 8 3 A
5 9 1 A
5 10 5 A
6 1 4 B
6 3 5 A
6 3 10 B
6 4 7 B
6 6 3 A
6 6 4 A
6 6 5 A
6 6 9 B
6 7 3 A
6 7 10 B
6 8 6 A
6 8 10 A
6 9 8 B
6 10 3 A
7 1 10 B
7 2 3 B
7 3 2 A
7 3 5 A
7 4 2 B
7 4 10 A
7 5 1 A
7 5 5 A
7 6 1 B
7 7 9 B
7 7 10 B
7 8 1 B
7 8 3 B
7 8 9 B
7 9 7 A
7 10 7 B
8 1 1 B
8 1 7 A
8 2 7 B
8 4 3 B
8 4 9 B
8 5 2 A
8 5 4 B
8 5 5 B
8 7 7 B
8 8 1 B
8 8 2 A
8 8 4 B
8 8 10 B
8 9 3 A
8 9 7 B
8 10 1 B
8 10 6 B
9 2 8 A
9 2 9 B
9 3 3 A
9 3 8 A
9 4 1 A
9 4 2 B
9 5 2 B
9 5 6 B
9 5 7 A
9 6 3 A
9 7 3 A
9 7 9 A
9 8 1 B
9 8 2 A
9 8 7 B
9 9 2 A
9 9 3 A
9 9 9 B
9 10 9 B
10 1 2 A
10 2 3 A
10 2 5 A
10 2 10 A
10 3 7 B
10 4 1 A
10 4 10 B
10 5 9 B
10 6 1 B
10 6 5 B
10 7 1 B
10 7 2 B
10 8 3 A
10 9 6 A
10 9 7 B
10 10 10 B
