1 1 6 B
1 2 3 A
1 2 5 A
1 2 6 A
1 2 7 A
1 3 4 A
1 4 4 A
1 4 9 B
1 5 2 B
1 5 6 A
1 6 3 A
1 6 5 A
1 6 6 B
1 8 2 B
1 8 3 A
1 8 5 A
1 8 7 A
1 9 5 A
1 10 1 A
1 10 2 A
2 1 5 B
2 1 6 B
2 2 5 A
2 3 6 A
2 4 1 A
2 4 2 A
2 5 6 A
2 5 10 A
2 7 1 A
2 7 4 A
2 9 8 A
2 10 1 A
2 10 7 A
2 10 9 B
3 1 1 B
3 1 5 B
3 3 7 B
3 4 1 A
3 4 4 B
3 4 7 B
3 4 9 A
3 5 1 B
3 5 4 A
3 5 7 B
3 5 9 A
3 6 3 A
3 7 2 A
3 7 3 A
3 7 6 A
3 7 8 A
4 2 1 B
4 2 3 A
4 2 7 A
4 2 8 B
4 3 2 B
4 4 5 A
4 5 9 B
4 6 1 A
4 7 5 B
4 7 10 B
4 8 8 B
4 8 9 B
4 9 4 A
4 9 7 A
5 2 1 B
5 3 7 A
5 3 8 B
5 4 1 B
5 4 5 A
5 5 5 B
5 5 9 B
5 7 1 A
5 7 4 A
5 7 7 A
5 7 8 A
5 7 9 B
5 8 5 A
5 8 6 A
5 8 7 A
5 9 2 A
5 9 6 B
5 9 9 B
5 10 3 A
5 10 5 A
5 10 8 A
6 1 7 B
6 2 1 A
6 2 3 B
6 3 3 A
6 4 4 B
6 5 3 A
6 5 6 B
6 6 4 B
6 6 6 A
6 7 3 A
6 7 7 B
6 8 4 A
6 8 7 A
6 8 10 B
6 9 4 B
6 9 6 B
6 9 7 B
6 10 2 A
6 10 4 A
6 10 8 A
7 1 1 A
7 2 1 A
7 2 7 B
7 2 8 A
7 3 2 A
7 4 4 A
7 4 7 A
7 5 4 A
7 5 9 A
7 6 1 A
7 6 2 B
7 6 10 A
7 7 1 A
7 7 3 A
7 7 7 B
7 8 1 B
7 8 3 A
7 8 10 B
7 9 2 B
7 10 7 B
8 1 1 B
8 3 1 B
8 3 2 A
8 4 8 B
8 6 2 B
8 6 6 B
8 6 8 B
8 6 9 A
8 8 1 B
8 9 3 A
8 10 10 B
9 1 3 B
9 2 7 B
9 4 2 B
9 5 4 B
9 6 2 A
9 6 3 A
9 7 6 A
9 8 1 A
9 8 3 A
9 8 4 B
9 8 6 B
9 9 8 B
9 10 2 A
10 1 4 A
10 1 8 A
10 1 9 B
10 2 3 A
10 3 2 B
10 3 6 A
10 5 3 B
10 6 2 B
10 8 2 B
10 9 4 A
10 9 9 B
