1 1 9 A
1 3 3 A
1 4 6 B
1 4 7 A
1 6 3 A
1 6 6 A
1 6 7 A
1 6 9 A
1 7 1 A
1 7 4 A
1 7 5 B
2 1 8 B
2 2 1 A
2 2 2 A
2 2 8 A
2 3 5 A
2 4 3 A
2 5 8 A
2 6 3 B
2 7 6 B
2 7 10 B
2 8 4 A
2 8 6 A
2 9 4 A
2 9 9 A
2 10 4 A
3 2 3 B
3 2 9 A
3 3 3 A
3 3 5 B
3 3 10 B
3 4 4 A
3 4 6 A
3 4 7 B
3 6 3 A
3 8 8 A
3 9 5 A
3 9 7 A
3 10 8 A
4 1 3 A
4 1 7 B
4 2 3 B
4 2 5 B
4 2 7 A
4 3 1 A
4 4 5 A
4 6 2 A
4 6 6 A
4 6 10 A
4 8 2 A
4 8 8 B
4 9 9 B
4 10 2 A
4 10 4 A
5 1 2 B
5 4 2 B
5 4 5 A
5 5 7 B
5 5 8 B
5 7 7 B
5 8 2 A
5 9 5 A
5 9 8 A
6 1 2 B
6 1 9 A
6 2 8 B
6 2 10 B
6 3 2 B
6 3 3 A
6 3 4 B
6 4 5 A
6 8 1 A
6 9 10 B
6 10 3 A
6 10 6 B
7 1 1 B
7 1 2 A
7 1 3 A
7 2 1 B
7 4 9 B
7 5 3 A
7 5 4 B
7 5 8 B
7 6 4 B
7 8 3 A
7 8 9 B
7 9 1 B
7 9 2 B
7 10 1 A
7 10 2 A
7 10 4 A
7 10 10 B
8 3 1 A
8 4 6 B
8 4 9 A
8 5 2 A
8 7 3 B
8 7 4 A
8 8 2 A
8 9 4 A
8 10 9 A
9 2 1 B
9 2 2 A
9 3 4 B
9 3 8 A
9 3 10 A
9 5 10 B
9 6 1 B
9 7 7 A
9 8 8 B
9 8 9 A
9 9 1 B
10 1 4 A
10 3 1 B
10 3 3 A
10 7 2 A
10 7 7 B
10 7 9 B
10 8 2 B
10 8 9 B
10 8 10 A
10 9 5 A
