1.2 1.2 -0.0892264
1.2 0.886667 -0.259532
1.2 0.573333 0.0329832
1.2 0.26 -0.000761111
1.2 -0.0533333 0
1.2 -0.366667 0
1.2 -0.68 0
1.2 -0.993333 0
1.2 -1.30667 0
1.2 -1.62 0
1.2 -1.93333 0
1.2 -2.24667 0
1.2 -2.56 0
1.2 -2.87333 0
1.2 -3.18667 0
1.2 -3.5 0
0.886667 1.2 -0.259461
0.886667 0.886667 -0.947208
0.886667 0.573333 -0.0100186
0.886667 0.26 0.0150544
0.886667 -0.0533333 -0.000698976
0.886667 -0.366667 0
0.886667 -0.68 0
0.886667 -0.993333 0
0.886667 -1.30667 0
0.886667 -1.62 0
0.886667 -1.93333 0
0.886667 -2.24667 0
0.886667 -2.56 0
0.886667 -2.87333 0
0.886667 -3.18667 0
0.886667 -3.5 0
0.573333 1.2 0.0324606
0.573333 0.886667 -0.00545437
0.573333 0.573333 -0.383047
0.573333 0.26 -0.0469928
0.573333 -0.0533333 0.0083731
0.573333 -0.366667 -8.32112e-05
0.573333 -0.68 0
0.573333 -0.993333 0
0.573333 -1.30667 0
0.573333 -1.62 0
0.573333 -1.93333 0
0.573333 -2.24667 0
0.573333 -2.56 0
0.573333 -2.87333 0
0.573333 -3.18667 0
0.573333 -3.5 0
0.26 1.2 -0.000732927
0.26 0.886667 0.0135764
0.26 0.573333 -0.0349831
0.26 0.26 -0.279585
0.26 -0.0533333 -0.00739135
0.26 -0.366667 0.00071596
0.26 -0.68 2.45924e-05
0.26 -0.993333 -5.29677e-11
0.26 -1.30667 0
0.26 -1.62 0
0.26 -1.93333 0
-0.0533333 1.2 -1.07687e-09
-0.366667 1.2 0
-0.366667 0.886667 6.54647e-08
-0.366667 0.573333 -8.89218e-06
-0.366667 0.26 0.00278407
-0.366667 -0.0533333 -0.0122489
-0.366667 -0.366667 0.0339538
-0.366667 -0.68 -0.00344381
-0.366667 -0.993333 -0.00266015
-0.366667 -1.30667 0.000198663
-0.366667 -1.62 2.17199e-09
-0.366667 -1.93333 0
-0.366667 -2.24667 0
-0.366667 -2.56 0
-0.366667 -2.87333 0
-0.366667 -3.18667 0
-0.366667 -3.5 0
-0.68 1.2 0
-0.68 0.886667 0
-0.68 0.573333 3.74644e-09
-0.68 0.26 -0.000121269
-0.68 -0.0533333 -0.00198541
-0.68 -0.366667 0.0257353
-0.68 -0.68 0.108023
-0.68 -0.993333 0.0109406
-0.68 -1.30667 -0.00614126
-0.68 -1.62 0.000415079
-0.68 -1.93333 4.63219e-11
-0.68 -2.24667 0
-0.68 -2.56 0
-0.68 -2.87333 0
-0.68 -3.18667 0
-0.68 -3.5 0
-0.993333 1.2 0
-0.993333 0.886667 0
-0.993333 0.573333 0
-0.993333 0.26 6.40747e-08
-0.993333 -0.0533333 0.000270108
-0.993333 -0.366667 -0.00512661
-0.993333 -0.68 0.0202961
-0.993333 -0.993333 0.167743
-0.993333 -1.30667 0.0274594
-0.993333 -1.62 -0.00878038
-0.993333 -1.93333 0.000455276
-0.993333 -2.24667 1.75491e-08
-0.993333 -2.56 0
-0.993333 -2.87333 0
-0.993333 -3.18667 0
-0.993333 -3.5 0
-1.30667 1.2 0
-1.30667 0.886667 0
-1.30667 0.573333 0
-1.30667 0.26 0
-1.30667 -0.0533333 -2.36958e-08
-1.30667 -0.366667 0.000214719
-1.30667 -0.68 -0.00980178
-1.30667 -0.993333 0.064765
-1.30667 -1.30667 0.248669
-1.30667 -1.62 0.0291868
-1.30667 -1.93333 -0.009091
-1.30667 -2.24667 0.000455402
-1.30667 -2.56 1.38959e-09
-1.30667 -2.87333 0
-1.30667 -3.18667 0
-1.30667 -3.5 0
-1.62 1.2 0
-1.62 0.886667 0
-1.62 0.573333 0
-1.62 0.26 0
-1.62 -0.0533333 0
-1.62 -0.366667 1.67225e-08
-1.62 -0.68 0.000664058
-1.62 -0.993333 -0.0124478
-1.62 -1.30667 0.0464428
-1.62 -1.62 0.216647
-1.62 -1.93333 0.0307586
-1.62 -2.24667 -0.007789
-1.62 -2.56 0.000317218
-1.62 -2.87333 3.54701e-08
-1.62 -3.18667 0
-1.93333 -1.62 0.0390875
-1.93333 -1.93333 0.22949
-1.93333 -2.24667 0.0186577
-1.93333 -2.56 -0.0033438
-1.93333 -2.87333 4.31518e-05
-1.93333 -3.18667 -2.41657e-08
-1.93333 -3.5 0
-2.24667 1.2 0
-2.24667 0.886667 0
-2.24667 0.573333 0
-2.24667 0.26 0
-2.24667 -0.0533333 0
-2.24667 -0.366667 0
-2.24667 -0.68 0
-2.24667 -0.993333 -3.68538e-06
-2.24667 -1.30667 0.000649084
-2.24667 -1.62 -0.0125212
-2.24667 -1.93333 0.0580976
-2.24667 -2.24667 0.113725
-2.24667 -2.56 -0.00366953
-2.24667 -2.87333 0.000314004
-2.24667 -3.18667 -7.17292e-05
-2.24667 -3.5 0
-2.56 1.2 0
-2.56 0.886667 0
-2.56 0.573333 0
-2.56 0.26 0
-2.56 -0.0533333 0
-2.56 -0.366667 0
-2.56 -0.68 0
-2.56 -0.993333 0
-2.56 -1.30667 -1.02462e-05
-2.56 -1.62 0.00067282
-2.56 -1.93333 -0.00819954
-2.56 -2.24667 0.0252097
-2.56 -2.56 -0.033628
-2.56 -2.87333 -0.0105306
-2.56 -3.18667 0.001058
-2.56 -3.5 0
-2.87333 1.2 0
-2.87333 -0.366667 0
-2.87333 -0.68 0
-2.87333 -0.993333 0
-2.87333 -1.30667 0
-2.87333 -1.62 1.44354e-06
-2.87333 -1.93333 0.000130834
-2.87333 -2.24667 -0.00180347
-2.87333 -2.56 -0.00525734
-2.87333 -2.87333 -0.00367057
-2.87333 -3.18667 0.000393428
-2.87333 -3.5 0
-3.18667 1.2 0
-3.18667 0.886667 0
-3.18667 0.573333 0
-3.18667 0.26 0
-3.18667 -0.0533333 0
-3.18667 -0.366667 0
-3.18667 -0.68 0
-3.18667 -0.993333 0
-3.18667 -1.30667 0
0.26 -2.56 0
-3.18667 -2.24667 -7.05481e-05
0.26 -2.87333 0
-3.18667 -2.56 0.000582085
0.26 -3.18667 0
-3.18667 -2.87333 0.00038284
0.26 -3.5 0
-3.18667 -3.18667 -4.09295e-05
-3.18667 -3.5 0
-0.0533333 0.886667 -0.000608113
-3.5 1.2 0
-0.0533333 0.573333 0.00582177
-3.5 0.886667 0
-0.0533333 0.26 0.00438573
-3.5 0.573333 0
-0.0533333 -0.0533333 -0.0408867
-3.5 0.26 0
-1.62 -3.5 0
-0.0533333 -0.366667 0.0023631
-3.5 -0.0533333 0
-0.0533333 -0.68 -0.000237384
-3.5 -0.366667 0
-0.0533333 -0.993333 6.42085e-05
-3.5 -0.68 0
-1.93333 1.2 0
-0.0533333 -1.30667 1.88407e-11
-3.5 -0.993333 0
-1.93333 0.886667 0
-0.0533333 -1.62 0
-3.5 -1.30667 0
-1.93333 0.573333 0
-0.0533333 -1.93333 0
-3.5 -1.62 0
-1.93333 0.26 0
-0.0533333 -2.24667 0
-3.5 -1.93333 0
-1.93333 -0.0533333 0
-0.0533333 -2.56 0
-3.5 -2.24667 0
-2.87333 0.886667 0
-1.93333 -0.366667 0
-0.0533333 -2.87333 0
-3.5 -2.56 0
-2.87333 0.573333 0
-1.93333 -0.68 -1.59215e-06
-0.0533333 -3.18667 0
-3.5 -2.87333 0
-3.18667 -1.62 0
-2.87333 0.26 0
-1.93333 -0.993333 0.000596547
-0.0533333 -3.5 0
-3.5 -3.18667 0
0.26 -2.24667 0
-3.18667 -1.93333 1.62464e-06
-2.87333 -0.0533333 0
-1.93333 -1.30667 -0.0114394
-3.5 -3.5 0