100 89.6
98 100.5
98 103.1
98 89.6
98 94.3
98 99.5
98 99.1
96 93.2
96 93.1
96 95.2
96 90.8
96 89.1
96 91.1
96 84.3
96 86.7
96 82.8
96 88.5
94 85.3
94 78.8
94 81.7
94 87.9
94 80.4
94 78.8
92 86.8
92 78.8
90 85.3
90 78.4
90 73.4
90 82
90 71.8
90 84.5
90 78.2
90 71.7
90 77.6
90 83.5
90 73.6
90 75.2
90 79.7
90 76
90 77.9
90 72.2
90 75.6
90 76.6
90 74.5
88 71.1
88 72.6
88 72.2
88 72.6
88 73.7
88 71.4
88 75.8
88 71.5
88 74.2
88 68.9
88 72.7
88 77.4
88 75.8
86 67.2
86 73.9
86 70.1
86 73.8
86 70.2
86 77.3
86 73.9
86 67.1
86 70.9
86 66.5
86 73.1
86 77.3
86 71.3
86 75.6
86 69.9
84 77.6
84 74.6
84 70.6
84 73.8
84 72.3
84 71.3
84 70.4
84 69.3
84 67.2
84 67.3
84 75.2
84 76.3
84 69.2
84 65.2
84 75.1
84 73.5
84 68.2
84 72.7
84 72.6
84 67.9
84 75.2
84 73
84 72.7
84 71.4
84 74.4
84 75.3
84 70.1
84 68.5
82 71.5