100 107.9
100 96.5
98 100.3
98 93.2
98 92.6
98 97.3
98 93.3
98 96.4
98 92.6
98 85.3
98 95.5
98 90.2
98 89.7
98 87.3
98 79.3
98 88.2
98 88.6
98 88.5
98 93.7
98 81.4
98 89.9
98 80.8
98 76
98 79.3
98 82.3
96 81.6
96 79.8
96 77.4
96 75.7
96 74.9
96 82.9
96 88.2
96 78.9
96 80.2
96 77.8
96 79.7
96 79.9
96 78.9
96 75.1
96 74.6
94 68.9
94 77.8
94 71.3
94 71.1
94 72.9
94 72.7
94 70.9
94 75.6
92 70.9
92 70.5
92 70
92 72.1
92 74.2
92 73.4
92 69.2
92 68.4
92 67.1
92 73.6
92 65.6
92 73.7
92 65
92 67.7
90 68.6
90 66.5
90 66
90 70.7
90 72.2
90 65.5
90 66.1
90 66.4
90 68.1
90 64.7
90 60.4
90 66.8
90 64
90 64.1
90 70.6
90 68.5
90 70.8
90 68.2
90 62.6
90 72.2
90 63.6
90 61.8
90 60.6
88 68.2
88 65.5
88 71
88 68.1
88 63.5
88 60.7
88 66.9
88 65.5
88 64.4
88 61.1
88 66.9
88 63.7
86 61
86 62.8
86 64.4
86 69.8