100 94.5
100 103
100 101
98 101.9
96 105
94 98.2
92 95.5
90 103.2
90 90.5
90 85.9
88 88.4
88 90.8
88 82.8
88 91.8
84 89.4
82 87.2
80 86.9
78 86
76 80.9
76 91.2
74 80.5
74 86.6
74 80.3
74 79.4
72 76.3
72 76.8
70 76.4
70 78.2
66 73.9
66 74.6
66 71.4
66 75.1
66 69.8
66 69
66 79.7
66 76.9
66 75.8
62 72.1
62 65.8
62 71.9
62 69.6
62 74.6
62 66.1
62 65.6
62 66.1
60 69.3
60 62.5
60 64.8
60 67.4
60 64.7
60 68.7
60 69
60 67.6
58 67.8
58 66.3
58 58.9
58 61.4
58 64.3
58 62
58 59.3
58 60.5
58 58.8
58 58.8
56 63.1
56 54.5
56 57.1
56 54.7
56 57.6
56 58.6
56 60.3
56 57.6
56 52.4
56 56.6
54 53.4
52 55.8
52 54.9
50 57.1
50 59.7
50 54.7
48 49.7
48 54.3
48 52.1
48 57.1
48 55.1
48 55.3
48 50.7
48 53
48 51.1
48 47.4
48 53
48 50.3
48 53.9
48 47.2
48 52.3
48 49.5
48 48.4
48 51.2
48 49.8
48 46.8
46 48.5
46 49