100 98.5
100 101.8
100 88.3
98 99.6
96 98.3
94 95.7
92 96.7
90 92
90 103.8
90 89.4
88 97.4
88 92.5
88 92.3
88 90.3
84 91.7
82 88
80 93.8
78 86.4
76 94.9
76 87.2
74 81.3
74 79.6
74 86.1
74 84.8
72 80.3
72 81.3
70 81.8
70 82.3
66 82.6
66 82.8
66 87.6
66 80
66 76.9
66 78
66 83
66 77.6
66 87.9
62 84.2
62 82
62 83.3
62 85.2
62 75.8
62 73.5
62 74.4
62 73.6
60 78.1
60 77.8
60 77.6
60 77.8
60 79.2
60 83.5
60 77.2
60 82.3
58 69.2
58 72.3
58 74
58 84
58 74.8
58 75.3
58 74.7
58 72
58 76.8
58 65.5
56 76.1
56 74.1
56 70.9
56 73.3
56 77.5
56 73.7
56 76.5
56 71.9
56 76.1
56 75.6
54 74.3
52 71.3
52 74.6
50 76.6
50 74.7
50 73.2
48 77.5
48 75.4
48 74.1
48 78.7
48 74.2
48 73
48 75
48 70.7
48 79.5
48 73
48 74.8
48 75.6
48 71.8
48 79.5
48 69.6
48 77.5
48 66.2
48 72.2
48 70.3
48 74.5
46 74.3
46 69.9