100 94.8
98 107.3
96 103.5
96 101.7
96 102.8
92 93.4
90 95.1
88 87.9
88 92.8
88 90.5
86 84
86 88.7
86 84.1
84 91.8
84 92.9
84 82.1
82 81
82 87.5
82 84.7
80 80.6
80 82.8
80 85.2
76 79.7
72 80.4
72 77.6
72 77.4
72 75.3
72 85.6
70 76.2
70 81.8
70 72.2
70 73.4
68 74.1
68 71
66 75.6
66 72.9
64 72.7
64 80.2
62 76.7
62 74.8
60 76.2
60 71.2
60 77.1
60 73.9
60 77
60 72.1
60 70.7
60 73.9
60 76.4
60 69.8
60 74.6
60 77
60 73.4
60 69.6
60 70.4
60 69.4
60 69.4
60 72.1
60 69.4
60 70.9
58 72.6
58 74.4
58 72.3
58 70.3
58 75.4
56 76.9
56 75.3
56 69
56 69.4
56 71.7
56 64.4
54 69.7
54 71.7
54 70.8
54 68
54 69.2
54 70.4
52 70.8
52 67.1
52 75.1
50 70.2
50 70.8
50 67.5
48 65.5
48 68.3
48 71
48 69.5
48 71.4
48 69.5
48 70.4
48 72.1
48 66.8
46 67.9
46 67
46 65.4
44 64.3
44 65.4
42 67.1
42 71.5
42 66.6
42 65.6