100 99.3
96 98.6
94 96.1
92 116.2
92 94.2
92 89.6
92 94.5
88 90.2
88 90.8
88 90.6
86 94.2
84 91.8
80 86.1
80 87.5
80 86
80 91.1
78 83.1
78 81.7
78 85.9
74 81.2
74 78.5
74 82.3
72 76.6
70 83.6
70 83.3
68 68.4
68 75.2
68 74.6
68 80.7
68 72.3
68 82
68 84.2
68 82.5
68 78.8
66 72.8
64 70.8
64 76.1
64 70.5
64 74.9
64 77.9
64 74.1
62 73.5
62 72.6
62 71.6
60 73.5
60 72.7
58 70.3
58 74.6
58 76.1
58 74.2
58 76
58 70.1
58 73.2
58 80.1
56 77.9
56 74.8
56 71.8
54 76.5
54 71.1
54 76.4
54 71.1
54 74.2
54 74.1
54 74.7
54 72.5
54 66.1
54 75
54 68.6
54 72.1
54 69.7
54 73.8
54 70.2
52 71.5
52 62.8
52 71.5
52 69.8
50 70.3
50 72.3
50 68
50 70.5
50 67.3
48 76.3
48 70.5
46 76.7
46 72.7
46 68.2
46 67
46 67.2
46 73
46 65.5
46 72.4
46 70.3
46 70
46 66.6
46 69
46 66
46 67.4
44 64.6
44 65.4
44 64.6
44 68.1