100 96
98 106.2
94 98.1
94 99.9
88 96.2
88 94.3
88 105.7
88 100.4
88 95.1
86 92.7
86 96.3
84 88.7
82 87.5
82 83.9
82 83.5
82 90.4
82 83
82 78.1
80 87.1
78 98.3
76 77
76 84.4
76 85.3
74 79.5
74 74.6
72 86.4
72 80.3
70 94.4
68 76
68 82.7
68 79.1
68 71.9
64 74.6
64 81
60 78.7
60 71.9
58 77.8
58 84.9
58 78.7
58 78.1
58 74
58 73.5
56 76.4
56 74.6
56 68.9
56 71.5
56 74.5
56 70.3
56 77.8
56 70.6
56 75.6
56 67.8
56 73.9
56 75.5
56 73.7
52 71.1
48 75.8
48 71.6
48 72.7
46 80.7
46 76.9
46 72.8
46 69.5
46 74
46 75
46 72
46 71.9
46 67.1
46 68.9
46 69.2
46 72.5
46 74.2
46 75
46 68.2
46 65.7
46 77.9
46 63.8
46 64.6
46 72.9
46 73.1
44 74.2
44 70.2
42 75.1
42 70.3
42 72.7
42 73.5
42 66.9
42 71
42 72.4
42 68.6
42 68.2
42 67.5
42 71.3
42 70.9
42 66.8
42 64.3
42 61.9
42 64.6
42 71.7
42 68.6
42 70.6