100 104.3
98 97.5
98 97
98 95.4
98 90.5
98 91.8
98 101.3
98 96.2
98 89.4
98 82.3
98 88.3
98 81.9
98 94.3
98 87.5
98 83.9
98 85.6
98 84.9
98 77.3
98 88.6
98 83.3
96 83.9
96 80.6
96 73.9
94 80.9
94 76.4
94 80.2
94 81.8
94 76.8
94 74
94 77.3
94 73.4
94 71.6
94 71.9
94 71.3
94 75.2
94 70.2
94 75.1
94 71.2
94 73.8
94 75.4
94 76.9
94 71.5
94 73.7
94 73.1
94 70.2
94 63
94 70
92 69.2
92 68.6
92 70.8
92 71.9
92 67.4
92 72.3
92 70.9
92 70.9
92 71.6
92 75
92 71.6
92 66.4
92 63.4
92 63.7
92 67.3
92 68.7
92 74.6
92 66.4
92 66.5
90 68
90 72.7
90 67
90 67.4
90 69.6
88 65.8
88 67.7
88 68.5
86 72.9
86 62.7
86 64.8
84 66.5
84 65.4
84 66.2
82 67.9
82 66
82 62.4
80 68.7
80 69.8
80 65.7
80 68.2
80 67
80 68.1
80 63.7
80 68
80 70
80 62.5
80 65
80 63.3
80 68
80 68
80 69.9
80 67.5
80 64.3
80 65.9