100 107
96 97.1
94 102.6
92 102.8
92 103
92 94
92 94.3
88 91.6
88 94.1
88 100.8
86 98.2
84 87.9
80 85.7
80 85.6
80 82.4
80 79.6
78 77.3
78 87.4
78 81.3
74 83.1
74 87.4
74 83
72 80
70 77.2
70 76.7
68 82.5
68 74.5
68 77.4
68 71.5
68 72.4
68 74.3
68 83
68 76
68 72.5
66 67.7
64 68.6
64 72.6
64 76.8
64 69.8
64 70.6
64 74.2
62 70.5
62 73
62 71.4
60 74
60 73.6
58 70.6
58 74.4
58 72.6
58 68.4
58 73.4
58 71.1
58 71.1
58 67.9
56 71.2
56 69.9
56 68.1
54 67.5
54 71
54 68.6
54 70.4
54 72.7
54 68.2
54 72.7
54 75.9
54 66.7
54 69.2
54 62.4
54 71.1
54 72.2
54 75.1
54 66.5
52 67.7
52 64.9
52 65
52 68.2
50 68.2
50 63.1
50 64.9
50 66.2
50 68.3
48 64.9
48 63.7
46 65.9
46 69.1
46 66.3
46 69.6
46 66.9
46 65.2
46 69.1
46 66
46 66
46 66.8
46 69.1
46 65
46 64.7
46 62
44 62.8
44 65.6
44 66.3
44 67.4