100 103
100 99
100 95.5
100 101
100 103.4
100 98.1
100 95.3
100 86.2
100 93.8
100 98.5
100 91.3
100 98.8
100 93.9
100 91.3
100 87.8
98 78.5
98 84.4
98 92.3
98 92.5
98 86
98 83.3
98 79.8
98 78.2
98 85.6
98 80.1
98 76.9
98 81.4
96 75.5
94 80.2
94 77.2
94 82.2
94 78
94 79.8
94 77.3
94 79.1
94 78.1
94 75.9
92 86.3
92 81.4
90 78.3
90 77.3
90 77.4
90 80.5
90 78.4
90 75.6
90 80.9
90 77.6
90 72.8
90 75.4
90 79
90 76.9
90 74.6
90 74.2
90 79.6
90 80.5
90 75.9
88 78.3
88 72.2
86 78.3
86 74.6
86 69.1
86 76.7
86 73
84 77.2
84 69.5
84 70.5
84 79.6
84 76.1
82 72.4
82 78.1
82 80.5
82 70.9
82 70.6
80 72.3
80 78.9
80 78.9
80 75.4
80 78.5
80 76.5
80 77.3
80 74.4
80 76.8
80 75.4
80 77.3
80 71.7
80 74.2
80 77.1
78 76.7
76 72.6
76 75
74 83.7
74 74.4
74 78.7
74 75.6
74 82
74 77.9
74 75.4
74 70.8
74 76.4
74 76.3
74 80.4