50 49.5
66 53.4
62 57.8
64 49.7
57 46.8
55 53.2
52 46.1
52 46.9
56 49.7
50 43.1
45 43.1
51 41.9
48 40.9
45 39.4
43 44.1
48 42.3
46 40.7
44 35.4
45 30.6
42 34.8
42 37.1
44 39.3
37 35.3
35 34.6
36 35.8
33 36
34 33.2
31 31
36 32.6
32 32.2
34 31
32 36.8
31 32.7
27 35.6
29 27.9
25 30.2
25 28.3
26 30.4
24 26.5
20 32
19 30.3
25 29
23 29.5
17 29.4
22 27.5
20 28
21 35.9
23 26.8
25 30.2
21 27.1
22 23.7
21 24.6
23 27.3
23 28.4
22 24.7
19 25.2
22 19.9
24 27.1
22 30.7
23 27.1
18 26.4
23 21.9
19 22.7
15 23.6
19 23.3
20 23.8
20 21.9
18 21.6
17 24.2
18 26.4
19 23.3
16 22.1
13 22.7
18 21.5
12 22.1
18 21.1
20 24.3
14 23.8
15 23.2
15 23.6
16 26
15 21.4
14 24.4
14 18
14 22.9
14 24.9
13 21.5
14 23.5
8 23
6 22.4
9 21.3
11 21.7
7 22.8
10 17.8
11 24.9
11 19.3
8 18.8
8 22.7
11 21.6
8 21.5
9 21.3