50 52.6
61 38.7
60 47
61 50
60 42.2
59 42.8
55 36.6
50 40.9
47 39.2
53 35.6
49 39.4
46 32.4
45 34.6
42 32.8
42 29.1
40 33.1
38 30.9
42 28.6
36 26.6
33 32.4
37 28.3
36 27.4
38 27.3
30 30.3
34 24
37 26.2
33 24.8
25 26.8
30 25.2
27 22.3
27 22
28 19.4
28 18.4
27 23.8
28 20.2
17 21.7
22 24
21 21.2
17 20.1
23 18.8
22 19.3
24 15.9
19 17.7
20 22.3
21 18
24 16.9
18 18.5
19 15.5
19 19.4
20 15.1
19 18.3
19 17.7
19 16
19 16.7
23 16.1
21 16.2
22 14
24 13.7
14 16.4
20 15.7
15 15
16 15
14 15.9
16 15.2
14 15.5
13 13.7
13 12.7
17 17.4
12 14.3
16 14
13 12.8
17 15.3
16 14.2
17 15.7
15 13
16 13.5
18 13.1
14 12.2
16 12.7
15 13.6
14 12.4
16 12.8
15 12.6
14 10.5
14 13.3
15 10.1
12 12.6
19 12
18 11.1
17 11
19 10.9
19 11.1
16 12
19 10.9
19 10.6
17 11.3
14 11.1
17 10.8
15 11
19 11.2
15 12.3