50 46.8
60 47.5
60 55.5
52 48.1
48 37.4
50 43.3
49 40.6
50 39.7
54 43.4
45 37.3
50 36.8
48 34.2
44 37.2
47 34.1
46 33
44 36.6
44 30.7
43 29.8
39 31.2
36 31.2
38 30.6
42 22.9
41 27.5
34 22.7
34 30.1
28 23
28 28.1
30 26.9
31 28.4
30 24.2
26 27.1
30 22.8
25 25.3
28 20.8
22 20.2
22 21.9
21 24.1
21 23.7
22 21.5
21 23.4
24 19.6
24 20.7
22 22
24 20.6
23 19.8
20 22.3
21 20.2
18 21.2
19 20.8
18 17.7
13 22.1
18 17.4
17 16.5
18 19.2
19 17.6
15 18.4
15 17.8
13 16.1
14 13.6
10 14.2
8 18
6 19
12 15.4
11 17.2
12 15.4
6 18.6
14 15.6
12 15.1
13 14.2
17 16.8
11 15.1
14 14.2
15 17.1
16 13.9
16 14.8
16 15.7
17 14.4
16 18.2
11 16.3
17 15.1
12 14.1
14 10.2
11 13
11 12.1
9 14.4
12 16.2
11 13.8
8 14.3
12 14.1
15 12.8
18 12.5
13 12.1
17 15.2
9 14.3
12 14.5
13 11.3
12 14.2
9 13.5
11 11.5
6 11.8
10 12.4