50 45.6
33 53
25 45.6
11 42.1
12 41.8
12 53.7
16 46.7
13 43.4
12 41.7
7 42.1
10 38.8
10 45.9
8 40.5
11 39
11 40.4
12 37
9 41
14 38.8
12 39.5
15 35.3
16 33.6
13 41.3
13 32.4
11 33.1
15 34
12 40
12 34.5
16 36.8
15 32.1
15 34.9
15 32.4
12 34.6
13 34.9
11 31
10 34.2
8 28
12 27.6
9 31.8
12 26.5
13 27.3
11 30
8 29.7
9 24.3
8 31.7
9 30.9
10 28.3
9 26.5
9 26.2
8 26.1
9 25.7
8 23.3
3 25.1
9 22.9
10 25.8
8 26
9 22.9
8 24.4
9 20.6
7 21.2
11 25.2
12 21.8
10 21.3
11 24.9
9 22.5
10 21.4
10 20.7
8 24.1
9 23.1
10 19.8
9 19.5
7 20
10 17.7
12 21.6
10 20.6
14 18.5
10 24
9 21.5
10 19.4
14 20.5
12 17
14 18
12 18.4
13 16.9
11 18.3
8 15.4
12 18.1
16 19.8
15 19.9
16 16.5
9 15.1
14 14.1
20 16.6
14 16.3
11 17.5
11 17.8
11 17.4
14 17.6
15 18.2
10 17.1
8 14.4
13 16.9