50 54.3
28 49.4
16 43.3
14 47.8
11 47.2
7 43.1
13 38.4
14 46.6
9 45.1
9 39.7
10 37.9
8 42.2
14 42.6
7 37
10 41.2
9 36.2
10 33.3
11 34.5
8 30.7
12 29.5
7 34.1
12 36
12 29.4
7 34.2
9 26.4
13 32.8
13 28.7
14 25.6
14 24.6
11 32
12 24.6
14 32
10 26
9 24.6
13 27.6
9 27.7
11 26.2
8 27.6
15 22.1
13 27.4
14 25.1
11 26.4
11 28.7
12 29.7
10 23.9
13 19.8
9 26.3
9 21
8 25.7
11 22
9 21
13 23.1
8 25
8 24.3
8 22
3 20.1
7 21.5
8 23
8 21.5
15 20.5
8 19.6
13 23.6
9 23.2
11 19.9
8 23.3
6 23.3
11 21.4
11 24.8
8 18.3
10 17.2
14 20.3
8 17.2
9 20.4
11 19.3
11 21
6 19
9 20.3
7 20
8 19
6 19.3
8 19.7
7 20.4
7 17.5
7 17.8
7 18.4
8 17.9
11 18.7
7 17.7
11 19.2
12 20.7
10 18.7
10 19.3
11 17.8
4 17.3
7 14.6
9 16.4
8 16
12 19.1
11 17
9 16.1
5 12.4