50 48.1
21 53.4
16 43.2
12 45.1
12 46.7
8 45.8
17 42.3
8 41.1
9 38
13 41.2
12 37
9 41.7
12 38.2
10 35.6
8 36.5
9 36.2
8 33.3
11 32
11 35.5
11 28.8
8 34
10 33.4
11 29.7
6 36.6
11 33
6 31.3
11 31.8
13 33.3
12 29.2
9 31.5
9 28.8
13 26.2
12 31.1
11 29.1
10 27.4
8 28.2
10 27.6
8 26
12 25.2
9 26.6
10 23.9
9 21.7
7 27
12 25.8
7 25.7
6 25.1
10 25.5
11 25.5
7 22.4
10 24.1
9 25.6
7 24.5
10 22.6
12 23.5
14 22.6
12 22.7
9 24.1
11 24.6
6 24.8
9 24.8
6 25.6
6 23.1
9 20.2
11 20
10 25.1
6 23.5
10 24.1
9 22.2
9 17.5
10 22.2
8 22.2
4 18.9
7 18.9
9 20.2
9 23.3
8 24.9
11 23.7
7 23
7 23.4
3 15.3
6 22.6
6 19.2
8 22.6
6 21.5
4 21.1
6 21.6
4 21.7
5 19.5
4 18.2
4 23.8
4 19.6
2 21.7
3 21.7
5 20.3
7 22
4 16.4
7 20.4
6 20.9
4 20.7
5 19.3
8 18.6