50 53.1
66 49.2
62 54.3
61 45.8
56 42.7
57 45.2
60 43.5
50 36.7
53 48.3
55 36.9
49 33
52 43.8
48 33.3
48 35.9
49 32.7
48 36.1
43 33.9
43 32.5
42 33.7
42 32.1
39 33.1
36 35.7
37 32.2
36 35
33 29.9
37 27.8
36 29.8
33 31.5
28 25.8
26 25.9
29 27.6
26 27.6
24 25.3
27 28.8
29 28.9
27 25.9
29 25.2
24 26.6
25 25.6
27 27.2
25 27.4
25 24.5
26 23.2
25 24.2
29 21.1
23 24
23 26.1
26 22.5
20 22.9
20 24.1
25 23.2
25 24
25 20.6
23 23.1
18 26
17 18.9
21 20.9
18 23.2
18 22
19 18.1
17 24.4
20 21.3
19 20.5
12 22.2
15 23.5
19 23.6
20 22.8
21 20.9
18 21.3
19 21.1
18 19.7
17 20.2
23 23.7
20 18.3
14 19.3
17 20.1
15 22.6
15 23.7
20 17.9
15 22.7
12 17.2
14 19
16 20.2
16 19.9
16 20.5
14 19.9
17 20.7
15 16
14 21.3
13 19.9
9 18.6
14 18.5
12 18.4
10 20.9
13 19.8
17 21.8
13 18
7 19.4
10 21
9 21.4
15 17.5