50 52.3
66 46.6
62 50.2
64 44.7
57 47.2
55 39.3
52 38.4
52 41.8
56 42.9
50 44.4
45 42.8
51 35.8
48 35.1
45 33
43 37.2
48 36.3
46 36.5
44 28.6
45 29.1
42 38.3
42 33.1
44 32.1
37 33.1
35 35.1
36 26.7
33 28.7
34 28.7
31 24.4
36 25.5
32 26.1
34 28
32 32.3
31 28.5
27 27.4
29 22.7
25 26.4
25 24
26 26.1
24 20.7
20 24.1
19 20.2
25 22.6
23 27.5
17 22.5
22 23.9
20 22.3
21 22
23 21.4
25 20.3
21 22.9
22 24.3
21 23.3
23 22.1
23 22
22 19.4
19 20.1
22 23.4
24 24.9
22 21.8
23 20.6
18 22.7
23 18.8
19 17.6
15 20.2
19 16.6
20 17.8
20 16.9
18 21.7
17 17.8
18 18.2
19 20.4
16 23.1
13 15.2
18 18.7
12 18.5
18 20.1
20 18.7
14 18
15 17.9
15 18.9
16 16.3
15 16.1
14 19.3
14 17.8
14 19.6
14 19.4
13 18.4
14 16.8
8 17
6 18.1
9 18.8
11 19.5
7 16.7
10 15.5
11 19
11 16.5
8 17.4
8 16.5
11 16.5
8 14.9
9 16.4