50 52.1
23 47.8
18 43.6
11 46.7
15 49.9
6 42.1
9 45
7 42.1
12 42.9
10 42
12 34.8
9 33.6
7 34.3
9 35.7
7 42.6
13 35.7
8 32.9
10 35.2
7 29.3
7 34.4
12 33.8
8 29.3
12 30.5
13 26.4
12 30.5
15 27
14 30.1
10 30.9
8 25.4
9 24.9
10 26.2
7 25.8
5 26
5 26.4
6 26.3
7 23.1
8 27.9
9 25.2
5 23.7
9 22.6
9 28.7
6 22
11 22.6
11 22.6
9 19.3
10 20.5
8 19.3
15 24
14 18.3
10 22.9
7 21.6
11 19.8
9 19.9
10 23.1
12 20
15 21
12 17
14 21
10 19.6
9 15.6
10 16.6
12 18.3
10 19.9
9 14.7
12 16.6
13 15.8
9 18.6
9 18.2
11 16.7
7 16.4
8 20.1
15 16.4
11 15.1
6 16
5 16
11 15.1
9 14.4
9 12
11 15.4
12 14.8
9 16.3
9 14.6
8 16.1
8 14.9
7 14.7
13 13.4
11 16.6
12 15.5
13 14.3
6 13.5
9 13.2
7 13.6
11 14.6
14 15.4
9 16.2
11 15.4
10 12.7
9 13.8
11 13.5
8 12.3
11 11