50 54.4
21 43.8
16 49.1
12 49.7
12 43.5
8 46.1
17 47
8 47.3
9 46.4
13 40.7
12 44.1
9 45.6
12 42.2
10 39.9
8 43.5
9 36.1
8 38.2
11 37.7
11 36.5
11 39
8 38.1
10 35.5
11 34.2
6 31.6
11 37.1
6 31.6
11 33.5
13 34.8
12 33.3
9 33.8
9 34.3
13 30.2
12 31.3
11 34.6
10 27.8
8 29.9
10 30
8 27.3
12 26.1
9 32.2
10 29.7
9 27
7 32.1
12 23.5
7 25.5
6 24.2
10 20.9
11 24
7 26.8
10 23.8
9 29.3
7 23.5
10 24.1
12 23.2
14 25.7
12 22.5
9 22.6
11 23.2
6 20.9
9 21
6 22.9
6 24.7
9 23.7
11 21.7
10 24
6 21.1
10 20.9
9 22.9
9 19.5
10 22.7
8 17.6
4 18.3
7 19.4
9 17.9
9 20.3
8 23.8
11 19.2
7 18
7 20.5
3 20.2
6 19.7
6 19.9
8 20.9
6 18.5
4 16.5
6 17.4
4 19.9
5 14.2
4 17.3
4 19.5
4 17.5
2 15.2
3 20.7
5 15.3
7 17.1
4 17.1
7 17.9
6 17.5
4 17.4
5 19
8 15.7