50 50.7
62 43.6
59 53
62 44.4
61 40.4
57 39.3
50 41.9
48 38.7
54 41.1
52 34.3
52 37.3
48 36.9
51 33.3
44 32.7
46 31.7
46 32
43 33
37 31.4
34 34.8
32 29.9
33 29.7
32 27.1
35 26.6
32 26.6
28 28.3
26 23.4
24 22.3
24 22.6
19 25.6
20 19.2
18 24.2
19 19.7
22 21.8
25 20.6
16 21.2
17 20.9
18 19.9
15 19.7
10 20
14 21.9
15 22.8
13 19.4
11 17.5
15 20
19 21.4
16 18.5
18 19
16 15.6
16 21.2
14 17.7
12 17.2
14 13.7
11 17.8
10 13.4
17 15
19 16.3
14 13.4
17 14.7
12 14.4
13 13.7
10 14.4
12 16.3
12 15
12 12.7
10 12.3
9 14.1
6 14.7
5 13.6
6 13
4 13.3
8 15
7 12.9
8 15.5
7 14
8 12
8 14.8
8 13.1
9 11
10 11.9
10 12.2
6 12.9
5 13.6
10 11.6
8 12.4
4 13
7 11.9
9 11.8
11 13.4
9 11
9 13.9
7 13.3
7 12.9
8 10.5
7 11.1
8 11.9
10 11.2
7 11.9
10 10.5
11 12.6
7 9.7
10 14.2