50 52.3
60 49.2
60 48.1
52 52.4
48 47.3
50 46.5
49 49.6
50 49.1
54 47.8
45 43.4
50 48
48 49.8
44 41.7
47 44.2
46 43.8
44 46.4
44 44.2
43 40.8
39 39.8
36 40.8
38 39.3
42 46.7
41 45.6
34 41.9
34 40.5
28 41.5
28 49.2
30 43
31 39
30 41.3
26 34.8
30 39.7
25 44.3
28 36.6
22 41.3
22 45.4
21 43.9
21 40.4
22 41
21 42.1
24 41.4
24 40.4
22 38.9
24 37.1
23 36.6
20 45.6
21 35.7
18 39.8
19 33.9
18 35.8
13 35.7
18 36.8
17 37.4
18 36.2
19 35.8
15 32.2
15 40.3
13 35.7
14 33
10 37.7
8 32.6
6 35
12 34.7
11 35.5
12 31.9
6 30.9
14 31.6
12 30.7
13 39.2
17 31.4
11 28.4
14 35.2
15 34.9
16 30.3
16 26.6
16 32.9
17 37.1
16 34.1
11 31.9
17 29.1
12 31.3
14 35.8
11 28.7
11 31.9
9 31.2
12 30.5
11 29.5
8 29.2
12 31.1
15 29.6
18 32.7
13 30.4
17 29
9 29.5
12 25.5
13 25.6
12 29.2
9 31.7
11 26.9
6 28.3
10 28.8