50 46.6
60 53.4
60 47
52 48.4
48 45.9
50 42.5
49 51
50 47.5
54 43.6
45 40.5
50 42.9
48 38.5
44 36.4
47 35.4
46 37
44 40.7
44 35.3
43 31.8
39 36.7
36 45.4
38 29.7
42 34
41 36
34 28.8
34 27.5
28 34.6
28 30.8
30 36.8
31 27.7
30 32.6
26 29.3
30 25.7
25 26.7
28 29.9
22 29.2
22 25.2
21 26.7
21 29.5
22 28.1
21 28.1
24 24.3
24 23.2
22 26.1
24 24
23 22.2
20 22.5
21 25.6
18 22.8
19 25.5
18 23.5
13 23.7
18 20.1
17 24.2
18 23
19 22.1
15 21.5
15 24.3
13 20.3
14 24.1
10 24.9
8 24.8
6 21.6
12 21.1
11 25.1
12 23.1
6 22.5
14 22.3
12 18.3
13 19.5
17 19.6
11 21.1
14 21.4
15 22.4
16 19
16 17.3
16 22.3
17 16.8
16 18.6
11 20.7
17 23.3
12 21.3
14 17.8
11 22.2
11 16.7
9 20.9
12 20.6
11 17
8 18.2
12 18.8
15 20
18 18
13 18.2
17 21.2
9 19.8
12 17.7
13 16.4
12 14.6
9 18.1
11 19.1
6 16.5
10 18.7