50 50.1
28 49.1
16 51.1
14 50.9
11 45.9
7 46.3
13 46.5
14 50.2
9 39.6
9 42.7
10 38.3
8 44.2
14 36
7 34.5
10 40.1
9 34.7
10 36.9
11 35.8
8 35.9
12 32.6
7 36.3
12 32.3
12 34.6
7 29.9
9 33.7
13 34.6
13 27.4
14 28.3
14 29.9
11 26.7
12 30.6
14 30.2
10 27.4
9 24.5
13 25.8
9 32.2
11 29.4
8 25
15 27.3
13 26.6
14 29.4
11 26.1
11 25.7
12 21.4
10 22.1
13 21.7
9 26.9
9 22.7
8 24.3
11 25.6
9 21.4
13 22.1
8 21.9
8 22.3
8 21.3
3 21.4
7 21.7
8 22.8
8 23.3
15 21.8
8 19.2
13 19
9 22.6
11 15.9
8 18.6
6 20.2
11 19.2
11 18.5
8 20
10 18.4
14 19.8
8 22.1
9 24.2
11 21.3
11 21.2
6 19.9
9 22.3
7 17.1
8 17.7
6 20.5
8 18.1
7 18.8
7 19.4
7 18.4
7 21.4
8 17.4
11 18.6
7 18.5
11 18.7
12 18.6
10 17.1
10 20.7
11 19
4 17.5
7 15.4
9 23.4
8 17.2
12 18
11 19.7
9 20.1
5 17.3