50 52.1
62 47.1
59 49.9
62 53.9
61 48.6
57 45.7
50 43.4
48 46
54 47.6
52 45.2
52 41.4
48 41.3
51 45.5
44 37.5
46 38.7
46 43.5
43 41.5
37 36.3
34 34.6
32 34
33 38.4
32 38.6
35 38
32 37.6
28 38.6
26 35.5
24 30
24 39.1
19 30.5
20 36.1
18 34
19 34.2
22 35.6
25 34.5
16 33
17 28.3
18 33.7
15 32
10 25.2
14 27.1
15 31.1
13 33.7
11 27.1
15 26.1
19 30.4
16 25.9
18 23.8
16 28.4
16 27.2
14 25.3
12 24.7
14 25.4
11 21.8
10 24.2
17 26.9
19 23.8
14 24.3
17 22.7
12 25.8
13 29.4
10 19.3
12 21.8
12 23.1
12 23.6
10 22.2
9 24.2
6 19.4
5 25
6 24.9
4 23.4
8 24.2
7 19.5
8 22.7
7 20.8
8 19.8
8 21
8 21.4
9 22.1
10 18.7
10 16.5
6 18.8
5 20.5
10 22.2
8 21.6
4 20.5
7 19.7
9 16.7
11 16.6
9 19.9
9 16.5
7 17.5
7 19
8 17.5
7 18.9
8 17
10 15.1
7 18.9
10 17.3
11 14.1
7 14.7
10 17.2