50 47.7
22 43
17 44.7
10 51.3
11 45.6
11 44
8 45.7
9 44.1
9 44.5
6 40
10 43.1
15 38.2
12 31.3
16 35.8
16 39.1
16 34.8
16 33.4
15 32.4
10 34.7
15 32.9
16 29.6
10 32.1
9 29.9
9 23.4
11 27.8
8 25.5
10 25.3
9 22.2
7 29.7
6 28.3
8 22.9
11 25.1
11 26.4
11 23.1
8 25.7
10 20.4
8 22.5
6 20
11 24.4
13 22
7 20.4
10 19.1
16 23.4
16 20.2
13 19.4
11 16.9
12 18.7
13 21.2
12 23
11 15.2
11 17.9
12 21.4
10 17.7
10 19.8
11 14.2
9 18
10 19
11 18.7
8 17.2
9 19.8
6 20.5
6 17.7
5 17.3
10 17.6
6 17.9
8 19.6
6 14.2
6 15.3
3 19.8
7 14.2
6 16.9
8 13.6
5 15.4
6 16.9
9 16.1
9 15.6
6 14.5
7 13.9
10 14.5
11 15
11 14.1
9 14.7
8 17.9
11 14.8
12 15.4
13 13.3
15 14.4
9 16.5
14 14.9
13 14.3
13 14.1
13 15.4
13 15.2
13 13.4
8 15.7
10 15.7
11 13.4
6 11.6
7 14.9
3 15.5
11 11.8