50 41.3
20 46.3
15 39.6
16 44.4
18 42.3
8 41.8
12 37.6
12 37.6
10 39.3
9 35.5
11 36.2
10 39.8
6 32.6
8 38.8
10 32.2
6 35.4
4 34.7
6 30.7
8 33.6
7 27.7
10 25
11 24.9
12 27.9
12 30
13 26.4
15 24.9
11 25.2
10 26.4
10 26.2
10 22.4
12 24.6
11 22.6
11 26.4
10 23.1
10 23
10 21.6
13 21.4
10 18.5
13 21.8
13 21.4
9 17.7
11 21.1
11 22.3
12 17.3
11 22.3
14 19.1
13 20.6
12 17.3
14 17.5
14 19.4
13 17.8
8 16.3
10 21
11 17.2
10 16.8
10 17.1
12 15.6
9 15.9
12 14.6
11 16.1
7 17.5
7 17
7 16.5
9 17.5
10 16.8
9 15.1
9 12.9
14 13.7
13 13.5
13 14
10 15.8
11 15.2
4 16.1
8 16.1
9 13.5
6 16.4
10 17.3
8 16.4
11 14.6
9 11.8
7 11.8
7 13.7
4 15.2
5 11.2
9 11.7
13 12.8
8 13.1
9 14.7
11 12.5
9 13.1
9 12.5
9 10.1
8 13.2
10 12.3
11 13.5
15 11.8
11 11.7
14 9
11 10.6
11 13.3
10 10.4