50 47.1
22 51.5
17 46.1
10 42.3
11 53.7
11 42.2
8 44.1
9 39.2
9 42.5
6 40.4
10 45
15 35.9
12 39.1
16 39.4
16 36.5
16 34.2
16 37.1
15 31.7
10 35.9
15 33.3
16 33.3
10 37
9 31.8
9 31.7
11 28.9
8 25.6
10 31.1
9 29
7 33.2
6 28.9
8 29.7
11 29.3
11 28.2
11 25.3
8 25.5
10 22.6
8 28.1
6 27.6
11 27.3
13 27.5
7 23.4
10 24.9
16 24.2
16 24.6
13 26.1
11 26.8
12 23.2
13 25.8
12 20.6
11 23.4
11 22.5
12 25.6
10 26.6
10 19.7
11 21.9
9 25.5
10 19.4
11 20.9
8 22.6
9 21.7
6 19.6
6 20
5 25.6
10 24
6 21
8 21.4
6 22.5
6 21.9
3 24.4
7 20.6
6 19.7
8 18.3
5 19.2
6 19
9 20
9 21.3
6 17.6
7 17
10 21.7
11 17.2
11 21
9 20.3
8 21.2
11 23.7
12 22.8
13 22.8
15 22.1
9 19.1
14 20.6
13 23.5
13 19.5
13 19.7
13 19.2
13 19.9
8 22.4
10 18.5
11 19.3
6 17.3
7 16.6
3 23.2
11 19.8