0 76
0.01 74
0.02 74
0.03 74
0.04 74
0.05 74
0.06 74
0.07 72
0.08 72
0.09 72
0.1 72
0.11 72
0.12 72
0.13 72
0.14 72
0.15 70
0.16 70
0.17 70
0.18 70
0.19 70
0.2 70
0.21 70
0.22 70
0.23 68
0.24 68
0.25 68
0.26 68
0.27 68
0.28 68
0.29 68
0.3 68
0.31 68
0.32 68
0.33 68
0.34 68
0.35 68
0.36 68
0.37 68
0.38 68
0.39 68
0.4 68
0.41 68
0.42 68
0.43 68
0.44 68
0.45 68
0.46 68
0.47 68
0.48 68
0.49 68
0.5 68
0.51 68
0.52 68
0.53 66
0.54 66
0.55 66
0.56 66
0.57 66
0.58 66
0.59 66
0.6 66
0.61 66
0.62 66
0.63 66
0.64 66
0.65 66
0.66 66
0.67 66
0.68 64
0.69 64
0.7 64
0.71 64
0.72 64
0.73 62
0.74 62
0.75 62
0.76 62
0.77 62
0.78 62
0.79 62
0.8 62
0.81 62
0.82 62
0.83 62
0.84 62
0.85 62
0.86 62
0.87 62
0.88 62
0.89 62
0.9 62
0.91 62
0.92 62
0.93 62
0.94 62
0.95 62
0.96 62
0.97 62
0.98 62
0.99 62
1 62
