0 30
0.01 31
0.02 30
0.03 33
0.04 32
0.05 31
0.06 28
0.07 32
0.08 31
0.09 31
0.1 26
0.11 23
0.12 25
0.13 26
0.14 29
0.15 29
0.16 26
0.17 27
0.18 25
0.19 29
0.2 26
0.21 26
0.22 28
0.23 25
0.24 23
0.25 21
0.26 27
0.27 25
0.28 24
0.29 20
0.3 22
0.31 25
0.32 27
0.33 27
0.34 26
0.35 24
0.36 20
0.37 19
0.38 20
0.39 23
0.4 22
0.41 24
0.42 18
0.43 22
0.44 21
0.45 22
0.46 21
0.47 19
0.48 18
0.49 23
0.5 20
0.51 18
0.52 21
0.53 18
0.54 20
0.55 19
0.56 16
0.57 20
0.58 19
0.59 16
0.6 18
0.61 18
0.62 21
0.63 19
0.64 21
0.65 14
0.66 17
0.67 21
0.68 17
0.69 16
0.7 18
0.71 20
0.72 21
0.73 21
0.74 15
0.75 20
0.76 13
0.77 15
0.78 19
0.79 19
0.8 17
0.81 16
0.82 17
0.83 14
0.84 15
0.85 16
0.86 13
0.87 14
0.88 15
0.89 15
0.9 10
0.91 12
0.92 17
0.93 16
0.94 12
0.95 16
0.96 12
0.97 13
0.98 17
0.99 17
1 16
