0 1374
0.01 1327
0.02 1290
0.03 1278
0.04 1237
0.05 1205
0.06 1204
0.07 1209
0.08 1169
0.09 1128
0.1 1116
0.11 1106
0.12 1100
0.13 1073
0.14 1053
0.15 1054
0.16 1024
0.17 1007
0.18 978
0.19 947
0.2 936
0.21 940
0.22 946
0.23 900
0.24 911
0.25 882
0.26 867
0.27 866
0.28 819
0.29 805
0.3 802
0.31 770
0.32 740
0.33 755
0.34 733
0.35 751
0.36 689
0.37 715
0.38 697
0.39 667
0.4 663
0.41 657
0.42 637
0.43 597
0.44 599
0.45 567
0.46 578
0.47 574
0.48 576
0.49 533
0.5 530
0.51 503
0.52 500
0.53 505
0.54 459
0.55 467
0.56 476
0.57 466
0.58 441
0.59 442
0.6 432
0.61 441
0.62 433
0.63 417
0.64 397
0.65 383
0.66 374
0.67 389
0.68 393
0.69 380
0.7 366
0.71 366
0.72 347
0.73 327
0.74 323
0.75 313
0.76 328
0.77 306
0.78 308
0.79 307
0.8 301
0.81 286
0.82 285
0.83 291
0.84 280
0.85 293
0.86 260
0.87 249
0.88 244
0.89 267
0.9 258
0.91 244
0.92 241
0.93 230
0.94 213
0.95 205
0.96 213
0.97 208
0.98 212
0.99 204
1 207
