0 109
0.01 105
0.02 105
0.03 105
0.04 103
0.05 103
0.06 101
0.07 97
0.08 97
0.09 97
0.1 97
0.11 97
0.12 97
0.13 97
0.14 97
0.15 97
0.16 97
0.17 97
0.18 95
0.19 95
0.2 95
0.21 95
0.22 95
0.23 95
0.24 95
0.25 95
0.26 95
0.27 95
0.28 95
0.29 95
0.3 95
0.31 95
0.32 95
0.33 95
0.34 95
0.35 95
0.36 95
0.37 95
0.38 95
0.39 95
0.4 93
0.41 93
0.42 93
0.43 93
0.44 93
0.45 91
0.46 91
0.47 91
0.48 91
0.49 91
0.5 89
0.51 89
0.52 89
0.53 89
0.54 89
0.55 89
0.56 89
0.57 89
0.58 89
0.59 89
0.6 89
0.61 89
0.62 89
0.63 89
0.64 87
0.65 87
0.66 87
0.67 87
0.68 85
0.69 85
0.7 85
0.71 85
0.72 85
0.73 85
0.74 85
0.75 85
0.76 85
0.77 85
0.78 85
0.79 85
0.8 85
0.81 85
0.82 83
0.83 83
0.84 83
0.85 83
0.86 83
0.87 83
0.88 83
0.89 83
0.9 83
0.91 83
0.92 83
0.93 83
0.94 83
0.95 83
0.96 83
0.97 83
0.98 83
0.99 83
1 83
