0 115
0.01 113
0.02 113
0.03 113
0.04 113
0.05 113
0.06 111
0.07 111
0.08 111
0.09 109
0.1 109
0.11 109
0.12 109
0.13 109
0.14 105
0.15 101
0.16 101
0.17 99
0.18 99
0.19 99
0.2 99
0.21 99
0.22 99
0.23 97
0.24 97
0.25 97
0.26 95
0.27 95
0.28 93
0.29 93
0.3 93
0.31 93
0.32 93
0.33 93
0.34 93
0.35 93
0.36 91
0.37 91
0.38 91
0.39 91
0.4 89
0.41 89
0.42 89
0.43 89
0.44 89
0.45 89
0.46 89
0.47 89
0.48 87
0.49 87
0.5 87
0.51 87
0.52 87
0.53 87
0.54 87
0.55 87
0.56 85
0.57 85
0.58 85
0.59 85
0.6 85
0.61 83
0.62 83
0.63 83
0.64 83
0.65 83
0.66 83
0.67 81
0.68 81
0.69 81
0.7 81
0.71 81
0.72 81
0.73 81
0.74 81
0.75 81
0.76 81
0.77 81
0.78 81
0.79 81
0.8 81
0.81 81
0.82 81
0.83 81
0.84 81
0.85 81
0.86 81
0.87 81
0.88 79
0.89 79
0.9 79
0.91 79
0.92 79
0.93 79
0.94 79
0.95 79
0.96 77
0.97 77
0.98 77
0.99 77
1 77
