0 32
0.01 27
0.02 25
0.03 23
0.04 23
0.05 23
0.06 18
0.07 19
0.08 17
0.09 18
0.1 14
0.11 14
0.12 13
0.13 15
0.14 11
0.15 11
0.16 11
0.17 9
0.18 13
0.19 13
0.2 14
0.21 9
0.22 6
0.23 12
0.24 12
0.25 9
0.26 8
0.27 10
0.28 13
0.29 13
0.3 12
0.31 13
0.32 9
0.33 12
0.34 14
0.35 10
0.36 12
0.37 11
0.38 10
0.39 11
0.4 6
0.41 9
0.42 10
0.43 8
0.44 13
0.45 10
0.46 11
0.47 11
0.48 13
0.49 12
0.5 13
0.51 13
0.52 11
0.53 10
0.54 13
0.55 10
0.56 12
0.57 7
0.58 7
0.59 5
0.6 6
0.61 6
0.62 11
0.63 8
0.64 7
0.65 5
0.66 5
0.67 8
0.68 9
0.69 6
0.7 7
0.71 8
0.72 7
0.73 3
0.74 6
0.75 6
0.76 8
0.77 2
0.78 2
0.79 4
0.8 4
0.81 3
0.82 4
0.83 5
0.84 4
0.85 3
0.86 8
0.87 4
0.88 1
0.89 1
0.9 4
0.91 11
0.92 7
0.93 7
0.94 10
0.95 6
0.96 7
0.97 6
0.98 7
0.99 8
1 8
