0 69
0.01 51
0.02 45
0.03 44
0.04 38
0.05 36
0.06 38
0.07 36
0.08 29
0.09 33
0.1 27
0.11 24
0.12 30
0.13 31
0.14 23
0.15 26
0.16 17
0.17 18
0.18 19
0.19 19
0.2 21
0.21 18
0.22 14
0.23 14
0.24 15
0.25 18
0.26 15
0.27 20
0.28 18
0.29 20
0.3 17
0.31 21
0.32 17
0.33 10
0.34 10
0.35 13
0.36 12
0.37 15
0.38 14
0.39 16
0.4 16
0.41 15
0.42 17
0.43 18
0.44 17
0.45 10
0.46 12
0.47 16
0.48 16
0.49 14
0.5 14
0.51 12
0.52 16
0.53 13
0.54 13
0.55 14
0.56 14
0.57 15
0.58 11
0.59 13
0.6 10
0.61 7
0.62 13
0.63 12
0.64 7
0.65 9
0.66 9
0.67 9
0.68 9
0.69 8
0.7 9
0.71 11
0.72 7
0.73 8
0.74 8
0.75 9
0.76 10
0.77 12
0.78 15
0.79 12
0.8 11
0.81 8
0.82 10
0.83 8
0.84 13
0.85 10
0.86 9
0.87 13
0.88 9
0.89 12
0.9 10
0.91 12
0.92 12
0.93 8
0.94 11
0.95 17
0.96 11
0.97 7
0.98 13
0.99 12
1 9
