0 29
0.01 24
0.02 21
0.03 18
0.04 19
0.05 20
0.06 22
0.07 22
0.08 20
0.09 14
0.1 13
0.11 14
0.12 17
0.13 14
0.14 14
0.15 13
0.16 15
0.17 15
0.18 16
0.19 13
0.2 15
0.21 14
0.22 13
0.23 13
0.24 9
0.25 5
0.26 6
0.27 6
0.28 7
0.29 10
0.3 7
0.31 7
0.32 10
0.33 8
0.34 7
0.35 6
0.36 4
0.37 3
0.38 3
0.39 5
0.4 6
0.41 3
0.42 4
0.43 7
0.44 6
0.45 4
0.46 3
0.47 6
0.48 3
0.49 3
0.5 4
0.51 9
0.52 4
0.53 3
0.54 2
0.55 4
0.56 5
0.57 2
0.58 4
0.59 2
0.6 4
0.61 2
0.62 3
0.63 3
0.64 3
0.65 5
0.66 3
0.67 3
0.68 3
0.69 6
0.7 3
0.71 4
0.72 5
0.73 7
0.74 2
0.75 1
0.76 3
0.77 2
0.78 2
0.79 1
0.8 2
0.81 2
0.82 1
0.83 3
0.84 2
0.85 3
0.86 1
0.87 2
0.88 2
0.89 2
0.9 2
0.91 2
0.92 1
0.93 4
0.94 3
0.95 4
0.96 2
0.97 3
0.98 2
0.99 3
1 2
