0 29
0.01 29
0.02 32
0.03 30
0.04 32
0.05 23
0.06 27
0.07 24
0.08 21
0.09 20
0.1 22
0.11 22
0.12 23
0.13 23
0.14 25
0.15 19
0.16 17
0.17 18
0.18 23
0.19 17
0.2 19
0.21 18
0.22 19
0.23 18
0.24 19
0.25 19
0.26 20
0.27 19
0.28 16
0.29 16
0.3 22
0.31 18
0.32 16
0.33 20
0.34 21
0.35 19
0.36 19
0.37 19
0.38 15
0.39 20
0.4 16
0.41 16
0.42 14
0.43 17
0.44 16
0.45 17
0.46 18
0.47 17
0.48 17
0.49 17
0.5 19
0.51 18
0.52 15
0.53 20
0.54 18
0.55 20
0.56 16
0.57 17
0.58 17
0.59 16
0.6 14
0.61 12
0.62 13
0.63 18
0.64 15
0.65 15
0.66 10
0.67 13
0.68 15
0.69 13
0.7 14
0.71 10
0.72 11
0.73 15
0.74 13
0.75 8
0.76 11
0.77 12
0.78 8
0.79 10
0.8 8
0.81 7
0.82 10
0.83 8
0.84 9
0.85 8
0.86 6
0.87 4
0.88 5
0.89 4
0.9 3
0.91 1
0.92 2
0.93 4
0.94 3
0.95 4
0.96 5
0.97 1
0.98 1
0.99 3
1 1
