0 114
0.01 112
0.02 112
0.03 112
0.04 112
0.05 112
0.06 112
0.07 112
0.08 112
0.09 112
0.1 112
0.11 110
0.12 110
0.13 110
0.14 110
0.15 108
0.16 106
0.17 106
0.18 106
0.19 106
0.2 106
0.21 106
0.22 106
0.23 106
0.24 106
0.25 104
0.26 104
0.27 104
0.28 104
0.29 102
0.3 102
0.31 102
0.32 102
0.33 102
0.34 102
0.35 102
0.36 102
0.37 102
0.38 102
0.39 102
0.4 102
0.41 102
0.42 102
0.43 102
0.44 102
0.45 102
0.46 102
0.47 102
0.48 102
0.49 102
0.5 102
0.51 100
0.52 100
0.53 98
0.54 98
0.55 96
0.56 96
0.57 96
0.58 96
0.59 96
0.6 96
0.61 96
0.62 96
0.63 96
0.64 96
0.65 96
0.66 96
0.67 96
0.68 96
0.69 96
0.7 96
0.71 96
0.72 96
0.73 96
0.74 96
0.75 96
0.76 96
0.77 96
0.78 96
0.79 96
0.8 94
0.81 94
0.82 94
0.83 94
0.84 94
0.85 94
0.86 94
0.87 94
0.88 94
0.89 94
0.9 94
0.91 94
0.92 92
0.93 92
0.94 92
0.95 92
0.96 92
0.97 92
0.98 92
0.99 92
1 92
