0 32
0.01 27
0.02 25
0.03 28
0.04 29
0.05 27
0.06 25
0.07 23
0.08 26
0.09 22
0.1 22
0.11 26
0.12 20
0.13 20
0.14 21
0.15 21
0.16 23
0.17 21
0.18 21
0.19 18
0.2 18
0.21 21
0.22 19
0.23 20
0.24 17
0.25 18
0.26 15
0.27 11
0.28 16
0.29 15
0.3 15
0.31 17
0.32 16
0.33 14
0.34 15
0.35 13
0.36 14
0.37 15
0.38 14
0.39 13
0.4 13
0.41 15
0.42 15
0.43 18
0.44 15
0.45 11
0.46 11
0.47 7
0.48 6
0.49 11
0.5 7
0.51 5
0.52 7
0.53 7
0.54 8
0.55 7
0.56 8
0.57 7
0.58 7
0.59 9
0.6 10
0.61 9
0.62 6
0.63 8
0.64 6
0.65 7
0.66 8
0.67 11
0.68 6
0.69 7
0.7 8
0.71 6
0.72 4
0.73 7
0.74 7
0.75 4
0.76 9
0.77 9
0.78 7
0.79 4
0.8 4
0.81 2
0.82 8
0.83 9
0.84 10
0.85 6
0.86 4
0.87 8
0.88 6
0.89 6
0.9 7
0.91 7
0.92 5
0.93 2
0.94 5
0.95 5
0.96 6
0.97 6
0.98 4
0.99 5
1 3
