0 1403
0.01 1371
0.02 1361
0.03 1335
0.04 1292
0.05 1242
0.06 1220
0.07 1216
0.08 1212
0.09 1178
0.1 1152
0.11 1097
0.12 1088
0.13 1080
0.14 1059
0.15 1037
0.16 1012
0.17 976
0.18 981
0.19 922
0.2 933
0.21 919
0.22 898
0.23 880
0.24 844
0.25 835
0.26 802
0.27 801
0.28 780
0.29 771
0.3 770
0.31 754
0.32 755
0.33 719
0.34 734
0.35 726
0.36 687
0.37 698
0.38 631
0.39 618
0.4 609
0.41 608
0.42 552
0.43 549
0.44 547
0.45 531
0.46 509
0.47 514
0.48 503
0.49 492
0.5 488
0.51 476
0.52 479
0.53 480
0.54 452
0.55 436
0.56 430
0.57 422
0.58 415
0.59 404
0.6 392
0.61 366
0.62 385
0.63 376
0.64 384
0.65 366
0.66 368
0.67 370
0.68 347
0.69 363
0.7 330
0.71 314
0.72 306
0.73 303
0.74 291
0.75 293
0.76 302
0.77 284
0.78 297
0.79 281
0.8 260
0.81 275
0.82 269
0.83 244
0.84 255
0.85 235
0.86 236
0.87 228
0.88 208
0.89 218
0.9 210
0.91 203
0.92 214
0.93 195
0.94 196
0.95 203
0.96 179
0.97 195
0.98 177
0.99 164
1 164
