-0.000614158359120026
-0.00155793922848719
-0.0033748023288098
-0.00624271989332257
-0.00986113805492768
-0.0133017233198248
-0.0153220354319179
-0.0150713687314241
-0.0126595016258959
-0.00908046738670931
-0.00556195508317243
-0.00290920571299119
-0.00129941856149569
-0.000495622917984231
-0.000161428932178475
-4.48992459210487e-05
-1.06641046792631e-05
-2.16290493167266e-06
-3.74608943102012e-07
-5.54046901085254e-08
-0.00135696583045955
-0.00344263932745001
-0.00745833351531316
-0.0137981141747569
-0.0217984356886749
-0.0294075323044553
-0.0338781351653676
-0.033327909196684
-0.0279978254315583
-0.0200848314804956
-0.0123038135596893
-0.00643633958160828
-0.00287518514134915
-0.00109678206287021
-0.000357274911888587
-9.93830589147804e-05
-2.36074922609448e-05
-4.78867109701459e-06
-8.29483629126319e-07
-1.22695401345165e-07
-0.00273337382446519
-0.00693540057870761
-0.0150269798259937
-0.0278035012862123
-0.0439293634038163
-0.0592704142612178
-0.0682886690421851
-0.0671872656012116
-0.0564485663994259
-0.0404992050940718
-0.0248123393977948
-0.0129812513320448
-0.00579953314675484
-0.00221257062550876
-0.000720823406031095
-0.000200534107079032
-4.76403832844554e-05
-9.66473331967109e-06
-1.67429558710676e-06
-2.47686319281782e-07
-0.00501613641029632
-0.0127288364201486
-0.0275826301388111
-0.0510399511119346
-0.0806514958108497
-0.10882839039986
-0.125400592261892
-0.123391309000297
-0.103680517701842
-0.0743939030013649
-0.0455832338401634
-0.0238506665933631
-0.0106567189233004
-0.00406606297945209
-0.0013248060146101
-0.000368602333960867
-8.75772834795106e-05
-1.77685692023212e-05
-3.0785133767368e-06
-4.5546732935505e-07
-0.00837981045727768
-0.0212665498388754
-0.0460879564846435
-0.0852914380779606
-0.134787926497619
-0.181896405985534
-0.209616185563997
-0.206278079360626
-0.173344039845829
-0.124391961876654
-0.0762260279722852
-0.0398879604729041
-0.0178241135336783
-0.0068014516743226
-0.002216270986142
-0.000616696768306506
-0.000146537254722225
-2.97339081914446e-05
-5.15209078947543e-06
-7.62329252121894e-07
-0.0127327634966953
-0.0323165859052371
-0.0700415603632728
-0.129632438263508
-0.204879782593586
-0.27651077331418
-0.318678339832145
-0.313632147664925
-0.263582233908089
-0.189164324074947
-0.115928406763524
-0.0606691677149798
-0.0271127607804056
-0.0103468221052942
-0.00337184619947976
-0.000938331002744406
-0.000222983079362869
-4.52496563536184e-05
-7.84126615559653e-06
-1.16033832920753e-06
-0.0175814852896955
-0.0446267029623233
-0.0967300803858019
-0.179042362917356
-0.282994215409006
-0.381967859469264
-0.440254281555641
-0.433319127558442
-0.364199743897564
-0.261395987015499
-0.160208553564978
-0.0838494052005677
-0.0374750116047015
-0.0143024707583045
-0.00466130867810257
-0.00129727533366616
-0.000308307407537784
-6.25695828944143e-05
-1.08435144257217e-05
-1.60473884047491e-06
-0.0220424218092294
-0.0559540571044619
-0.121291768873584
-0.224521819212538
-0.354905925059089
-0.47906607945836
-0.552211017341166
-0.543553362294613
-0.456884873151567
-0.327943362585753
-0.201010333611164
-0.105212028986072
-0.0470261992758741
-0.0179490652307301
-0.00585020741155628
-0.00162827653024857
-0.000387001397832137
-7.85460546244502e-05
-1.36133085351615e-05
-2.01479317167712e-06
-0.0250712744335763
-0.0636470822265354
-0.137977424393134
-0.255425948376734
-0.40378431168216
-0.545081338169067
-0.628348569952356
-0.618539435531673
-0.519950022306582
-0.37323576523928
-0.228787529986668
-0.119759201069995
-0.0535319266712103
-0.0204335724604806
-0.00666044388051938
-0.00185391358811504
-0.000440659608829857
-8.94426059637598e-05
-1.55029050099312e-05
-2.29461152161489e-06
-0.0258507042087774
-0.0656298338755181
-0.142284519486228
-0.263415555551852
-0.41644015915403
-0.562200475994676
-0.648122701020369
-0.638044069495048
-0.536378718132145
-0.385052385346865
-0.236045386383494
-0.123565898799605
-0.0552368833624435
-0.021085656031723
-0.0068734137308696
-0.00191330969288505
-0.000454805254877065
-9.23194253996403e-05
-1.60025107595328e-05
-2.36870283082298e-06
-0.0241456954084157
-0.0613045585056906
-0.132914761587564
-0.246082686869855
-0.389059746215005
-0.525265568962687
-0.605576430599998
-0.596192335994551
-0.501223250817396
-0.359835016647761
-0.220598742654531
-0.11548618532646
-0.051627896856553
-0.019709074227629
-0.00642503370360338
-0.0017885949024828
-0.000425183067084968
-8.63112338806892e-05
-1.49618770927022e-05
-2.21478836355749e-06
-0.0204173578439638
-0.051841107618082
-0.112402605460732
-0.208116186348034
-0.329050620627522
-0.444269954896772
-0.512222377121603
-0.504309935870428
-0.423998066107779
-0.304409078422074
-0.186628814846888
-0.0977073352754505
-0.0436820501443335
-0.0166765507611155
-0.00543671815072892
-0.00151354305840163
-0.000359815704340635
-7.30453913605498e-05
-1.26628918570712e-05
-1.87456432332318e-06
-0.0156207340826304
-0.0396639230844583
-0.0860037228481498
-0.15924514123049
-0.251792323328948
-0.339974336811664
-0.391991942903666
-0.385953959517586
-0.324504867684786
-0.232988392730819
-0.142848179358283
-0.0747898200003809
-0.0334377942074426
-0.0127661548255888
-0.00416207543801205
-0.00115874304820538
-0.000275481024355041
-5.59272660916858e-05
-9.69578204305601e-06
-1.43538846306256e-06
-0.0108074242844503
-0.0274431517486045
-0.0595076926865511
-0.110189338232134
-0.174234188426923
-0.235263480272003
-0.271270767532544
-0.267103029180811
-0.224585632004769
-0.16125472976062
-0.0988713110020667
-0.051767293704911
-0.0231455746471283
-0.00883706015502557
-0.00288121052209291
-0.000802175715030732
-0.000190717859988858
-3.87204643274797e-05
-6.71300676719132e-06
-9.93850246698382e-07
-0.00675871017381841
-0.0171629307961751
-0.0372174319820614
-0.0689173674017771
-0.108977860952444
-0.147155060912755
-0.169683436087697
-0.16708252152117
-0.140491456482393
-0.100877923080479
-0.0618542681339783
-0.0323869861882085
-0.0144810056287221
-0.00552909728364135
-0.00180275647026221
-0.000501934695907256
-0.00011933963177141
-2.42297811855067e-05
-4.20089293241482e-06
-6.21957996054456e-07
-0.00381901334646057
-0.00969824457774593
-0.0210311199079965
-0.038945651889495
-0.0615861232252438
-0.0831637504008301
-0.0958986683452037
-0.0944318281182488
-0.07940567254551
-0.0570179987139272
-0.0349622779711344
-0.0183068988920721
-0.00818572507646901
-0.00312555277065887
-0.00101911648517934
-0.000283758008438318
-6.74682953512434e-05
-1.36986779867778e-05
-2.37511632965292e-06
-3.51656317097912e-07
-0.00194907957440382
-0.00494976430018447
-0.0107341279387559
-0.0198781660889924
-0.0314349780877598
-0.0424499622297227
-0.0489518098817643
-0.0482044906004199
-0.0405353139561231
-0.0291076325058804
-0.0178487383838474
-0.00934620845955306
-0.00417917638592713
-0.00159578080820842
-0.000520335039494903
-0.000144883925839804
-3.44496359132706e-05
-6.99481713805691e-06
-1.21281732572182e-06
-1.79573280813404e-07
-0.000898177930843143
-0.00228102025729557
-0.00494678680741351
-0.00916103484151203
-0.0144874905268931
-0.01956451490495
-0.0225617245316086
-0.0222178888339028
-0.018683600624812
-0.0134166981774936
-0.00822731287327363
-0.00430821794182862
-0.00192648044631971
-0.000735628986896004
-0.000239872438918601
-6.67927240606277e-05
-1.58820021050144e-05
-3.22484340439996e-06
-5.59164124592731e-07
-8.27936934082666e-08
-0.000373618885050633
-0.000948869209426246
-0.00205783793292393
-0.0038110378591187
-0.00602702007339605
-0.00813934191989866
-0.00938649012920504
-0.00924367021203135
-0.00777343439211142
-0.00558224266900181
-0.00342319600259481
-0.001792594667894
-0.000801603701211991
-0.000306100900182602
-9.98152224962962e-05
-2.77943313678389e-05
-6.60910972211791e-06
-1.34201377031791e-06
-2.32701006327713e-07
-3.44561563746958e-08
-0.000140256155553072
-0.000356212629678366
-0.000772545324958945
-0.00143075705571393
-0.00226274230196807
-0.00305584673114213
-0.00352415752091044
-0.00347061410996409
-0.00291866745926925
-0.00209599468011603
-0.00128535475276827
-0.000673105456610497
-0.000301002765951196
-0.000114943689508487
-3.748237069946e-05
-1.04374940596723e-05
-2.48194813894388e-06
-5.03983635625745e-07
-8.73911468991182e-08
-1.29403407951798e-08