-5.47899035461455e-06
-1.39047614306499e-05
-3.01337899624393e-05
-5.57662166571676e-05
-8.81283862019065e-05
-0.000118928972039873
-0.000137052425402577
-0.000134869267876838
-0.000113335636817592
-8.13293299408334e-05
-4.98373700244383e-05
-2.6078959240634e-05
-1.16533989284047e-05
-4.44674465512622e-06
-1.44896865366851e-06
-4.03183741110386e-07
-9.58019288001595e-08
-1.94389462513884e-08
-3.36820417130868e-09
-4.98369349999169e-10
-1.28140728900524e-05
-3.25198280854836e-05
-7.04752467614221e-05
-0.000130422428626102
-0.000206108202250364
-0.000278141365453371
-0.000320525956608498
-0.000315419212980412
-0.000265057684201889
-0.000190204142800617
-0.000116553914124336
-6.09903424290961e-05
-2.72535198205051e-05
-1.03994757739887e-05
-3.38865702890701e-06
-9.42911872544636e-07
-2.24048434718444e-07
-4.54611111046269e-08
-7.8770844282247e-09
-1.16551610170025e-09
-2.700428386488e-05
-6.85331068701939e-05
-0.000148523631526104
-0.000274864139030497
-0.000434378166910464
-0.000586199277143413
-0.000675538263726937
-0.000664786226338026
-0.000558652127814785
-0.00040089282835255
-0.000245664556491775
-0.000128553558915884
-5.74451135424393e-05
-2.19204500632784e-05
-7.14287792906373e-06
-1.98757889629895e-06
-4.72283652305985e-07
-9.58316216360971e-08
-1.66051250104227e-08
-2.45698695261272e-09
-5.13505389674688e-05
-0.000130324300105623
-0.000282444566793724
-0.000522719229890058
-0.000826097216009056
-0.00111486240058232
-0.00128480970452775
-0.00126439793244729
-0.00106256663585177
-0.00076252836376584
-0.000467286527678073
-0.000244533265327774
-0.000109274811036462
-4.16993812859657e-05
-1.35883457365878e-05
-3.78121172410564e-06
-8.98509831752577e-07
-1.82323270254081e-07
-3.15928496705589e-08
-4.67479887327153e-09
-8.81920057823676e-05
-0.000223834080802559
-0.000485121655098842
-0.000897847476290039
-0.00141899847065627
-0.0019150880429198
-0.00220710511991689
-0.00217212466868828
-0.00182546677864493
-0.00131005815728994
-0.000802850484482065
-0.000420151799553883
-0.000187760934602569
-7.16525588968527e-05
-2.33499323843936e-05
-6.49780996589052e-06
-1.54410148451077e-06
-3.13337324774727e-07
-5.42970053873395e-08
-8.03465217298477e-09
-0.000136880919449515
-0.000347423348674065
-0.000753013150433113
-0.00139371376638502
-0.00220278489225568
-0.00297302156114107
-0.00342650601501519
-0.00337234818738623
-0.00283426717949987
-0.00203412031422696
-0.0012466368375186
-0.000652425225578926
-0.000291574139277981
-0.000111274263753174
-3.62633503499824e-05
-1.0091798983056e-05
-2.39826254958986e-06
-4.86689894768293e-07
-8.43403504050497e-08
-1.24809010963078e-08
-0.000192059300051916
-0.000487496987281152
-0.00105666179554943
-0.00195581399565337
-0.00309133854025052
-0.00417246845100919
-0.00480913566965262
-0.00473334838432704
-0.00397829868397172
-0.00285531334638674
-0.00174999834550779
-0.000915901930123767
-0.000409343391579401
-0.000156226270736714
-5.09152430237435e-05
-1.41699738521337e-05
-3.36757866259253e-06
-6.83429815706941e-07
-1.18439772987423e-07
-1.75278514092637e-08
-0.000243655365942308
-0.000618491425552923
-0.00134066063751578
-0.00248159843040633
-0.00392257833124436
-0.00529467388345145
-0.0061028722307539
-0.00600698864351294
-0.00504901679107138
-0.00362396746267405
-0.00222120803072169
-0.00116257679559306
-0.000519614828026567
-0.000198321085589762
-6.46373757251127e-05
-1.7989786524661e-05
-4.27558724653124e-06
-8.6774676834107e-07
-1.5038956583878e-07
-2.22571664963471e-08
-0.000279496298677219
-0.000709504055880934
-0.00153801711506556
-0.00284704884648695
-0.00450045198151133
-0.00607497940310459
-0.00700262630338116
-0.00689294089885798
-0.00579396172230417
-0.00415885856665126
-0.00254917789061211
-0.00133430034126927
-0.000596395712885796
-0.000227637019323829
-7.41956987225327e-05
-2.06510448014234e-05
-4.90831910167716e-06
-9.96210261079107e-07
-1.72661970194214e-07
-2.55546439154235e-08
-0.000289871204275844
-0.000735875932641687
-0.00159526037097405
-0.00295315340115
-0.0046683981643116
-0.00630198295966969
-0.00726463855658459
-0.00715118889533513
-0.00601132127960704
-0.00431508227559631
-0.00264506088170289
-0.00138455341503759
-0.000618886782966264
-0.000236232774543514
-7.70010315627816e-05
-2.14328727465138e-05
-5.09438398851599e-06
-1.03402351918364e-06
-1.79224181634623e-07
-2.65271286372255e-08
-0.000271771238136168
-0.000689958564933194
-0.00149578773174127
-0.0027691364907295
-0.00437770202435181
-0.00590983656054705
-0.00681290262713559
-0.00670681506699352
-0.0056380369592902
-0.00404731440873189
-0.00248103793653234
-0.00129875521269388
-0.000580562043854675
-0.000221614111308219
-7.22393148817135e-05
-2.01083882555035e-05
-4.77978477064808e-06
-9.70212477349749e-07
-1.68171657611346e-07
-2.4892366633044e-08
-0.000230299263222473
-0.000584697389883738
-0.00126764365263482
-0.00234687868919813
-0.00371032130839507
-0.00500910140017612
-0.005774781405829
-0.00568510772855137
-0.00477935478601642
-0.0034310517249032
-0.00210335550364545
-0.00110109685223727
-0.000492227396079796
-0.00018790289177056
-6.12531696744409e-05
-1.70510485629227e-05
-4.05322801907586e-06
-8.22769911786069e-07
-1.42620904620874e-07
-2.11113201586375e-08
-0.000176352526046132
-0.000447752852378298
-0.000970783634808026
-0.00179735531622862
-0.00284166476990933
-0.00383653490462494
-0.00442316226979091
-0.00435465745794158
-0.00366102363197451
-0.00262832141165799
-0.00161132008546526
-0.000843553389797309
-0.000377112332872335
-0.000143964794695985
-4.6932022990231e-05
-1.30650071820762e-05
-3.10582825190374e-06
-6.30481901856174e-07
-1.09293722403898e-07
-1.61787593592305e-08
-0.000122004019804781
-0.000309776029520245
-0.000671659050815377
-0.00124359030313316
-0.00196622482718143
-0.00265470591121881
-0.00306074430884833
-0.00301345754034849
-0.00253355592133192
-0.00181896065130529
-0.0011151762340567
-0.000583836305484664
-0.000261015369673864
-9.96479698690502e-05
-3.24861480932468e-05
-9.04389214756026e-06
-2.15000722477599e-06
-4.36467442442822e-07
-7.56643277269668e-08
-1.12010282084111e-08
-7.62379220588739e-05
-0.000193580059879108
-0.000419737302759578
-0.000777180495972106
-0.00122883506801343
-0.00165917684330315
-0.00191301835194255
-0.00188353186579354
-0.00158363169320134
-0.00113700604600743
-0.000697105870182391
-0.000364974129905615
-0.000163174691359671
-6.22975394379436e-05
-2.03103011532839e-05
-5.65443489008261e-06
-1.34427904029623e-06
-2.72908474452066e-07
-4.73120744765971e-08
-7.0041321946027e-09
-4.30203940317403e-05
-0.000109239266818084
-0.000236870258077445
-0.00043860103628526
-0.000693515444305691
-0.000936418497406043
-0.00107972011839788
-0.0010631138257085
-0.000893872756806867
-0.000641798944484139
-0.00039350445899308
-0.000206028679592956
-9.21155738906573e-05
-3.51694686173073e-05
-1.1466368957429e-05
-3.19237115985416e-06
-7.5897628491443e-07
-1.54088559092434e-07
-2.67140627838471e-08
-3.95491223884517e-09
-2.19173963734225e-05
-5.56553781440055e-05
-0.000120684824712216
-0.000223473247420452
-0.000353366818007674
-0.000477148256301087
-0.000550184391743828
-0.000541739545909879
-0.000455512356079035
-0.000327067305682642
-0.000200540204358413
-0.000105000924114203
-4.69474639980148e-05
-1.79249726518733e-05
-5.84429613168173e-06
-1.62717129033077e-06
-3.86866994634964e-07
-7.85447991504962e-08
-1.36175987781661e-08
-2.01609494930374e-09
-1.00791472288727e-05
-2.55949778433357e-05
-5.55025662716723e-05
-0.000102777655662504
-0.000162521823865003
-0.000219458296804251
-0.000253057759040139
-0.000249180841215568
-0.000209525542430668
-0.000150448075138914
-9.22494177051921e-05
-4.8302317351319e-05
-2.15973086987727e-05
-8.24629068992065e-06
-2.6887162954448e-06
-7.48615221747894e-07
-1.77991663655349e-07
-3.61383238752647e-08
-6.26561468310373e-09
-9.2765543945601e-10
-4.18304808156965e-06
-1.06227188142496e-05
-2.30359347842878e-05
-4.26582780008836e-05
-6.74571711770641e-05
-9.10920036384909e-05
-0.000105041208411213
-0.000103434754580935
-8.6976232520847e-05
-6.24542531648708e-05
-3.82957669045339e-05
-2.00524225037532e-05
-8.96623765442315e-06
-3.42358384722364e-06
-1.1162950908702e-06
-3.10816727978654e-07
-7.39021505736543e-08
-1.50050377366374e-08
-2.60162339918024e-09
-3.85193624724022e-10
-1.56644648040908e-06
-3.97804214820099e-06
-8.62681557357768e-06
-1.59756655991389e-05
-2.52635701370497e-05
-3.41159758967078e-05
-3.93412530535333e-05
-3.87405597738024e-05
-3.25769865386466e-05
-2.33928555160856e-05
-1.43444163323506e-05
-7.51120885414725e-06
-3.3586450363669e-06
-1.28246549482766e-06
-4.18171647282193e-07
-1.164369418853e-07
-2.76856235764078e-08
-5.62140843681973e-09
-9.74682760151769e-10
-1.44314091486908e-10