-1.73709282485208e-07
-4.41340083720822e-07
-9.57526730741518e-07
-1.77400821880821e-06
-2.80664533121924e-06
-3.79181054758358e-06
-4.37454524073829e-06
-4.30969346578653e-06
-3.62565968436359e-06
-2.60468303059027e-06
-1.59790115579703e-06
-8.37089950640897e-07
-3.74473881776814e-07
-1.43053380156775e-07
-4.66661424678603e-08
-1.29996861756562e-08
-3.09236693413067e-09
-6.2816879793406e-10
-1.08965467720862e-10
-1.61409317521845e-11
-4.53117526678501e-07
-1.15122763906811e-06
-2.49769118699281e-06
-4.627468405335e-06
-7.32108366663778e-06
-9.89086934430709e-06
-1.14109222689083e-05
-1.1241757584981e-05
-9.45746781779886e-06
-6.79426865229858e-06
-4.16809631145143e-06
-2.18353402083813e-06
-9.76808358706196e-07
-3.73152159011172e-07
-1.21727789972674e-07
-3.39094466526946e-08
-8.0663833085315e-09
-1.63856696651042e-09
-2.842344549506e-10
-4.21033290173145e-11
-1.06385756747245e-06
-2.70292399564371e-06
-5.86423502522533e-06
-1.08646587064117e-05
-1.71888964833129e-05
-2.32223994466856e-05
-2.67912744329383e-05
-2.6394099045651e-05
-2.22048323331163e-05
-1.59520073614748e-05
-9.78611627626981e-06
-5.12663725221644e-06
-2.29341153938029e-06
-8.76109893812133e-07
-2.85800091387793e-07
-7.96147120918331e-08
-1.89387574297109e-08
-3.847129639656e-09
-6.67343366857123e-10
-9.88528197511841e-11
-2.24823085904734e-06
-5.71204014753893e-06
-1.23927812815594e-05
-2.29600857517091e-05
-3.6324982486676e-05
-4.90754746250507e-05
-5.66175132602025e-05
-5.57781697339117e-05
-4.69250685407914e-05
-3.37110871890721e-05
-2.06808216393169e-05
-1.0834029315558e-05
-4.84662491763828e-06
-1.85146711308808e-06
-6.03976137992954e-07
-1.68248323865652e-07
-4.00229318165665e-08
-8.13006913620915e-09
-1.41028460653177e-09
-2.08903867081072e-10
-4.27644719151301e-06
-1.08650933014517e-05
-2.35727903534855e-05
-4.36732704004427e-05
-6.90951592945969e-05
-9.33483653548797e-05
-0.000107694369818693
-0.000106097821914693
-8.92579944649698e-05
-6.41231675797052e-05
-3.93377936530564e-05
-2.06078277294528e-05
-9.21895339793251e-06
-3.52174746827346e-06
-1.14884645794573e-06
-3.20031668089866e-07
-7.61291722664092e-08
-1.54645201067477e-08
-2.68255709620158e-09
-3.97364155055503e-10
-7.32166937675918e-06
-1.86020351329828e-05
-4.03587766963201e-05
-7.47726400336333e-05
-0.000118297242835954
-0.000159820953558306
-0.000184382627503447
-0.000181649191224742
-0.000152817863857193
-0.000109784737513155
-6.73499066492513e-05
-3.52824890501877e-05
-1.57836928077514e-05
-6.02955430907921e-06
-1.96693038708226e-06
-5.47923535334884e-07
-1.30340117461801e-07
-2.64766751981782e-08
-4.59278351002348e-09
-6.80323837802923e-10
-1.1282930297555e-05
-2.86663402835895e-05
-6.21941856326664e-05
-0.000115227066704436
-0.000182299893183897
-0.000246289279984577
-0.000284139617230612
-0.000279927303150529
-0.000235497291313798
-0.000169181846018373
-0.00010378839348885
-5.43714615059174e-05
-2.43231832282908e-05
-9.29173901386628e-06
-3.03110360705953e-06
-8.44367963021823e-07
-2.00858354102241e-07
-4.08014163710132e-08
-7.07762855010157e-09
-1.04840112912791e-09
-1.5650149414135e-05
-3.97620562002257e-05
-8.62673323482818e-05
-0.000159827346524307
-0.000252861667250314
-0.000341619058986266
-0.00039411990917801
-0.000388277158846844
-0.000326649877158565
-0.00023466609280751
-0.000143961171674128
-7.54167112613369e-05
-3.37378182538824e-05
-1.28882391408255e-05
-4.20433549522901e-06
-1.17119262756271e-06
-2.78603445193532e-07
-5.6594186587598e-08
-9.81712563896985e-09
-1.45419974103315e-09
-1.95388888571453e-05
-4.96421073223801e-05
-0.00010770298571291
-0.000199541146696681
-0.00031569257787239
-0.000426504351388912
-0.000492050580351788
-0.000484756027033493
-0.000407815636522735
-0.000292975778350414
-0.000179732554536807
-9.41562090120227e-05
-4.2120970458582e-05
-1.60907008280354e-05
-5.24902617768207e-06
-1.46220984699273e-06
-3.47830656871404e-07
-7.06566750536508e-08
-1.22564789434674e-08
-1.81553839290975e-09
-2.19566474297672e-05
-5.57848635158986e-05
-0.000121030243926426
-0.000224232536342426
-0.00035475664349273
-0.000479280359245363
-0.000552937333815971
-0.000544740146322943
-0.00045827908705265
-0.000329228848054439
-0.000201972812295972
-0.00010580717766069
-4.73330548385055e-05
-1.80817777081441e-05
-5.89854510026739e-06
-1.64314492566512e-06
-3.90871515469869e-07
-7.93997915672312e-08
-1.37731059764775e-08
-2.04019464360419e-09
-2.22083853905266e-05
-5.64244496743801e-05
-0.000122417883223077
-0.000226803413413496
-0.000358824009163395
-0.000484775417662384
-0.000559276886212933
-0.000550985716099377
-0.000463533361103475
-0.000333003531739528
-0.000204288476563883
-0.000107020281037388
-4.78757390866211e-05
-1.82890894055111e-05
-5.9661732625239e-06
-1.66198395626587e-06
-3.95352946368557e-07
-8.03101282512716e-08
-1.39310177716608e-08
-2.06358593960127e-09
-2.02186769752226e-05
-5.13692329005437e-05
-0.000111450138916164
-0.000206483491350139
-0.000326676010194046
-0.000441343096442543
-0.000509169779936869
-0.000501621437843339
-0.000422004172324394
-0.000303168858134182
-0.000185985727677771
-9.74320489329895e-05
-4.35864240700424e-05
-1.66505211593965e-05
-5.43164790469803e-06
-1.51308238572247e-06
-3.59932222593639e-07
-7.31149298968759e-08
-1.26829007741123e-08
-1.87870377741225e-09
-1.65681216108318e-05
-4.20943318296415e-05
-9.13274126378282e-05
-0.000169202149058053
-0.000267693473260839
-0.000361657001737654
-0.000417237331843847
-0.000411051870257068
-0.000345809790418892
-0.00024843062265348
-0.000152405330864159
-7.98403395777342e-05
-3.571673732454e-05
-1.36442092522017e-05
-4.45094420087623e-06
-1.23988988026164e-06
-2.94945156050338e-07
-5.99137644655677e-08
-1.03929570990781e-08
-1.53949700532037e-09
-1.22202081907608e-05
-3.1047665552677e-05
-6.73606834964404e-05
-0.000124799028905108
-0.000197443624050697
-0.000266748636851571
-0.000307743217961167
-0.000303180985131045
-0.000255060153020572
-0.00018323585504111
-0.000112410140164845
-5.88881222976468e-05
-2.63437205648734e-05
-1.00636077870892e-05
-3.28289869290958e-06
-9.14509974414288e-07
-2.17543744333404e-07
-4.41908076521345e-08
-7.66557021076831e-09
-1.13549226375597e-09
-8.1127618503848e-06
-2.06119497071828e-05
-4.47194658842998e-05
-8.28516818094731e-05
-0.000131079035299193
-0.000177089304119037
-0.000204304820295749
-0.000201276041417434
-0.000169329543873326
-0.000121646769939982
-7.46269361773444e-05
-3.90946949969599e-05
-1.74890908452352e-05
-6.68103620313609e-06
-2.17945348055948e-06
-6.07125632919577e-07
-1.44423119661109e-07
-2.93374296788974e-08
-5.08902504741172e-09
-7.53831536664931e-10
-4.84778824721249e-06
-1.2316689357506e-05
-2.67221576490928e-05
-4.95080980737407e-05
-7.83263971626675e-05
-0.000105819875283851
-0.000122082531811484
-0.000120272682228754
-0.000101183023467653
-7.26901383896082e-05
-4.45933938155533e-05
-2.33610706723296e-05
-1.0450622194702e-05
-3.99225928013998e-06
-1.30233441622614e-06
-3.62788475999621e-07
-8.63001669506271e-08
-1.75306078772713e-08
-3.04095156120506e-09
-4.50452722663004e-10
-2.60737409774215e-06
-6.6245089849301e-06
-1.43724639231283e-05
-2.66278405662984e-05
-4.21277103530325e-05
-5.69150275901737e-05
-6.56618678456257e-05
-6.46884435370182e-05
-5.44211052684682e-05
-3.9096258816036e-05
-2.39844758136756e-05
-1.25647094015668e-05
-5.62084815305687e-06
-2.14722939775538e-06
-7.00458198729847e-07
-1.95125122435922e-07
-4.64163879408872e-08
-9.42880558431044e-09
-1.63557027016058e-09
-2.42275178171053e-10
-1.26225716208281e-06
-3.20699431614008e-06
-6.95786060751898e-06
-1.28908170464357e-05
-2.03944666633427e-05
-2.75531621135794e-05
-3.17875992691833e-05
-3.13163543464279e-05
-2.63458281468207e-05
-1.89269091627161e-05
-1.1611136430645e-05
-6.08270767334491e-06
-2.72111157517436e-06
-1.03949628413449e-06
-3.39099164501177e-07
-9.44621193829874e-08
-2.24706604883182e-08
-4.5645837277391e-09
-7.9179673119698e-10
-1.17287956149491e-10
-5.50018290223548e-07
-1.39742168514175e-06
-3.03183115922801e-06
-5.61706866433291e-06
-8.88672294454131e-06
-1.20060662527411e-05
-1.38511877971824e-05
-1.36458466555542e-05
-1.14799802980933e-05
-8.24724670186547e-06
-5.05945824589169e-06
-2.65049038731725e-06
-1.18570223330349e-06
-4.52952049762962e-07
-1.47759702442422e-07
-4.11611000948434e-08
-9.79140751444423e-09
-1.9889802275874e-09
-3.45018984545867e-10
-5.11072727832345e-11
-2.15720397163283e-07
-5.48076975405384e-07
-1.18910195065488e-06
-2.20304725261199e-06
-3.48542482523146e-06
-4.70884955363458e-06
-5.43251703789158e-06
-5.35198103861053e-06
-4.50251555875499e-06
-3.23461849479025e-06
-1.98434917826316e-06
-1.03953786481747e-06
-4.65039365475759e-07
-1.77650448735216e-07
-5.79522213391352e-08
-1.61436247084227e-08
-3.84024741603591e-09
-7.80089702963666e-10
-1.35318467945597e-10
-2.00445719327819e-11