-1.06280789520565e-06
-2.69897072823444e-06
-5.85286949123481e-06
-1.08384397887104e-05
-1.71392558417744e-05
-2.31443195674704e-05
-2.66884981977885e-05
-2.62803483816038e-05
-2.20986306492477e-05
-1.5868170989679e-05
-9.73006279525919e-06
-5.09485323105711e-06
-2.27811149439347e-06
-8.69852339847318e-07
-2.83624249538938e-07
-7.89711471138111e-08
-1.87767660946011e-08
-3.81241710056769e-09
-6.61008865804127e-10
-9.78681599375545e-11
-2.62201025154901e-06
-6.65865027555759e-06
-1.44399366034337e-05
-2.67406295926606e-05
-4.22868398256932e-05
-5.71039425779831e-05
-6.58497632314323e-05
-6.48439709089647e-05
-5.4527080776542e-05
-3.91545424422379e-05
-2.40092901217409e-05
-1.25719818815939e-05
-5.62154166552574e-06
-2.1465172446554e-06
-6.99907408129731e-07
-1.94883046103529e-07
-4.63377336134494e-08
-9.40855175659834e-09
-1.63131574712022e-09
-2.41535259842654e-10
-5.83527305986948e-06
-1.48190765648002e-05
-3.21372238923441e-05
-5.9514506003942e-05
-9.41162394437272e-05
-0.000127096490008227
-0.000146564842609549
-0.000144328903794043
-0.000121367967274486
-8.71529519037988e-05
-5.34425758846997e-05
-2.79846527123999e-05
-1.25135265323968e-05
-4.77822695348115e-06
-1.55804890930794e-06
-4.33833073285587e-07
-1.03155285643864e-07
-2.09453476131512e-08
-3.63170794891628e-09
-5.37726597616706e-10
-1.17139312224663e-05
-2.97488705216067e-05
-6.45157200522696e-05
-0.000119477980035346
-0.000188945890180588
-0.000255160993055112
-0.000294251288316366
-0.000289767529242019
-0.000243673509270205
-0.000174982321231334
-0.0001073018684144
-5.61885274429723e-05
-2.51255323418977e-05
-9.59423051697283e-06
-3.12847206206861e-06
-8.71127388557742e-07
-2.07137299948478e-07
-4.20593162945754e-08
-7.29278418229392e-09
-1.07982100087652e-09
-2.12092813837794e-05
-5.38643385738491e-05
-0.000116816438572138
-0.000216338515260486
-0.00034212986095036
-0.00046203552598047
-0.00053282796652601
-0.000524717931815858
-0.000441257452594318
-0.000316873159041134
-0.000194314901305156
-0.000101754590733945
-4.5501862113701e-05
-1.73752707571761e-05
-5.66580005582793e-06
-1.57767724031588e-06
-3.75147735318663e-07
-7.61752258017854e-08
-1.32084672579161e-08
-1.95577256729294e-09
-3.46336286261029e-05
-8.79590743366501e-05
-0.000190761423750198
-0.000353287043422685
-0.000558717295684959
-0.000754542612109785
-0.00087016713578729
-0.00085693687789375
-0.000720646429095198
-0.000517514943983511
-0.000317358987193001
-0.00016619040945922
-7.43170332557837e-05
-2.83790609446352e-05
-9.25411574494968e-06
-2.57690900696796e-06
-6.12760116150497e-07
-1.2442542879117e-07
-2.15752110260314e-08
-3.19468621831618e-09
-5.10018376412228e-05
-0.000129531522071848
-0.000280926275142011
-0.000520279244034087
-0.000822825775727597
-0.00111123656372564
-0.00128154070595166
-0.00126207607933596
-0.00106136781292352
-0.000762208062216738
-0.000467421205125758
-0.000244776956666505
-0.000109461122735721
-4.18000222808204e-05
-1.3630769554612e-05
-3.79569655081535e-06
-9.02588596412641e-07
-1.83280156284282e-07
-3.17810541364086e-08
-4.70596179369686e-09
-6.77262039002315e-05
-0.000172009757436396
-0.000373058275355305
-0.000690919608035026
-0.00109271172417764
-0.00147574368249789
-0.00170193710857328
-0.00167611312738212
-0.00140958215275442
-0.00101228942998951
-0.00062079220747197
-0.000325098567869446
-0.000145382154544603
-5.55180738196233e-05
-1.81044328363945e-05
-5.0415340293104e-06
-1.19885794720439e-06
-2.43444515516237e-07
-4.22142918168353e-08
-6.25095346394714e-09
-8.10920823330523e-05
-0.000205959214694015
-0.000446695157449064
-0.000827310438600135
-0.00130843757148582
-0.0017671147463098
-0.00203799792839113
-0.00200710442245123
-0.00168796501034512
-0.00121222756263533
-0.000743416355051539
-0.000389320534098374
-0.000174104402094969
-6.64874131340031e-05
-2.16818513244437e-05
-6.03782512780335e-06
-1.4357933619785e-06
-2.91561780720808e-07
-5.05587687503816e-08
-7.48668613147315e-09
-8.75425696426828e-05
-0.000222345433838388
-0.00048224127611362
-0.000893156955697978
-0.00141259748826944
-0.00190781524426911
-0.0022002976739136
-0.00216697451909022
-0.00182244071550597
-0.00130882099916325
-0.000802665024062854
-0.000420354463948346
-0.000187985446510569
-7.17893519029115e-05
-2.34111677481744e-05
-6.51948605640218e-06
-1.55035403738682e-06
-3.14829665604957e-07
-5.45943439261421e-08
-8.08438326297271e-09
-8.52016997830787e-05
-0.000216402894632772
-0.000469358956771782
-0.000869309432216167
-0.00137489936513389
-0.00185692630583047
-0.0021416360240514
-0.00210922978650636
-0.00177390094768074
-0.00127397842492821
-0.000781307544845829
-0.000409175103220606
-0.000182988425604751
-6.98819922926446e-05
-2.27894672485482e-05
-6.34644184747226e-06
-1.50922390169952e-06
-3.06481511959274e-07
-5.31474125183486e-08
-7.87022606652803e-09
-7.4754126974488e-05
-0.000189869672553482
-0.000411816045844957
-0.000762742880352466
-0.0012063693539144
-0.00162933229162861
-0.00187917085847174
-0.00185076001546644
-0.00155654321543869
-0.0011178910845864
-0.000685590889033413
-0.00035905238645115
-0.000160574963831945
-6.13232386704094e-05
-1.99985988349065e-05
-5.56930867752538e-06
-1.32443376719527e-06
-2.68959219265891e-07
-4.66412156256607e-08
-6.90685791041266e-09
-5.91222198446088e-05
-0.000150167699497608
-0.000325708847864715
-0.000603267345822743
-0.000954151446250142
-0.00128870062983843
-0.00148632574937081
-0.00146387230863162
-0.00123117452984612
-0.000884226002656904
-0.000542293220218011
-0.000284009129386512
-0.000127015774009697
-4.85076516919117e-05
-1.58194024483481e-05
-4.40551953969966e-06
-1.04768667817259e-06
-2.12761451433679e-07
-3.68962051012904e-08
-5.46383641158706e-09
-4.21469909053413e-05
-0.00010705266736738
-0.000232196486054863
-0.000430071857030991
-0.000680226639733372
-0.000918741806717644
-0.00105964538941173
-0.00104364995175824
-0.000877761226409703
-0.000630412997852698
-0.000386634991028389
-0.000202490374405608
-9.05596721857387e-05
-3.45853783324317e-05
-1.12791780036042e-05
-3.14115669135784e-06
-7.47014414411882e-07
-1.51703497586923e-07
-2.63080970947752e-08
-3.89592429287871e-09
-2.70804155880135e-05
-6.87845867590556e-05
-0.00014919496567401
-0.000276340433193731
-0.000437081000013289
-0.000590346035151366
-0.000680892581280667
-0.000670621978453207
-0.000564032581079975
-0.000405095882747596
-0.00024844982520118
-0.000130120819718464
-5.81945231865655e-05
-2.22251482437775e-05
-7.24827141439287e-06
-2.01860552106186e-06
-4.80060192307084e-07
-9.74915917797469e-08
-1.69069728954635e-08
-2.50375471418737e-09
-1.5681609259192e-05
-3.98319068536765e-05
-8.63970261307676e-05
-0.000160027167016298
-0.000253113824946826
-0.000341873346622563
-0.000394313682069948
-0.000388370001518573
-0.000326645540607338
-0.000234603786332448
-0.000143886658556735
-7.53586767685714e-05
-3.37033621891284e-05
-1.28718336234172e-05
-4.19792653765793e-06
-1.16911296742864e-06
-2.7803876287361e-07
-5.64652745153746e-08
-9.79230127710781e-09
-1.450157978355e-09
-8.18365206531914e-06
-2.07870121918904e-05
-4.50883361994314e-05
-8.3514824650568e-05
-0.000132096150677298
-0.000178420181121187
-0.000205790354035811
-0.000202690445647171
-0.000170478166386062
-0.000122442299847259
-7.5096797337406e-05
-3.93313250980221e-05
-1.75906936561121e-05
-6.71822550220238e-06
-2.19105567733988e-06
-6.10210216804101e-07
-1.4512183480265e-07
-2.94722485492643e-08
-5.11117800442692e-09
-7.56930431480779e-10
-3.84858089228394e-06
-9.7757428747426e-06
-2.12044076039247e-05
-3.92762251362049e-05
-6.21241644583e-05
-8.3910943366795e-05
-9.67840674024105e-05
-9.53270950065413e-05
-8.01781572331812e-05
-5.7586807840747e-05
-3.53197127717358e-05
-1.84985864647008e-05
-8.27345954184397e-06
-3.15982458658608e-06
-1.03054277629634e-06
-2.87009515569242e-07
-6.82580364167619e-08
-1.38624026296712e-08
-2.40408849102352e-09
-3.5603247462995e-10
-1.63090159067868e-06
-4.14267577715877e-06
-8.98589531778687e-06
-1.66444322674236e-05
-2.63271494485517e-05
-3.55603406462449e-05
-4.10161797490757e-05
-4.03991031530992e-05
-3.39793808819474e-05
-2.44054275526703e-05
-1.49687177815078e-05
-7.83989058215344e-06
-3.50640941516144e-06
-1.3391908311722e-06
-4.36766712459731e-07
-1.21642074357924e-07
-2.8929792878815e-08
-5.87535418316913e-09
-1.01894326066177e-09
-1.50901366029854e-10
-6.22739375068184e-07
-1.58184294988733e-06
-3.43121253356247e-06
-6.35563716079869e-06
-1.00530488131435e-05
-1.35788723770067e-05
-1.56623469949067e-05
-1.54268478359084e-05
-1.29755199526099e-05
-9.31964915611988e-06
-5.71612314552024e-06
-2.99385532073298e-06
-1.33902060846835e-06
-5.1141202174185e-07
-1.66794537644092e-07
-4.64536597210106e-08
-1.10480406705874e-08
-2.24376729622197e-09
-3.89132570186399e-10
-5.76294627316838e-11