0 34
0.01 29
0.02 26
0.03 20
0.04 18
0.05 17
0.06 16
0.07 13
0.08 13
0.09 12
0.1 7
0.11 6
0.12 10
0.13 6
0.14 9
0.15 9
0.16 10
0.17 7
0.18 4
0.19 7
0.2 7
0.21 6
0.22 6
0.23 7
0.24 3
0.25 5
0.26 4
0.27 8
0.28 4
0.29 3
0.3 2
0.31 2
0.32 4
0.33 3
0.34 6
0.35 7
0.36 6
0.37 10
0.38 7
0.39 5
0.4 12
0.41 6
0.42 6
0.43 9
0.44 5
0.45 3
0.46 4
0.47 6
0.48 6
0.49 3
0.5 4
0.51 5
0.52 5
0.53 4
0.54 5
0.55 4
0.56 4
0.57 4
0.58 4
0.59 7
0.6 7
0.61 7
0.62 3
0.63 2
0.64 3
0.65 2
0.66 4
0.67 6
0.68 5
0.69 3
0.7 3
0.71 3
0.72 5
0.73 4
0.74 6
0.75 4
0.76 2
0.77 4
0.78 5
0.79 5
0.8 2
0.81 5
0.82 4
0.83 5
0.84 5
0.85 6
0.86 7
0.87 6
0.88 6
0.89 3
0.9 5
0.91 5
0.92 4
0.93 5
0.94 2
0.95 3
0.96 3
0.97 3
0.98 6
0.99 7
1 8
