0 56
0.01 31
0.02 31
0.03 24
0.04 27
0.05 28
0.06 25
0.07 20
0.08 21
0.09 16
0.1 19
0.11 17
0.12 12
0.13 13
0.14 20
0.15 12
0.16 18
0.17 15
0.18 18
0.19 14
0.2 11
0.21 15
0.22 11
0.23 12
0.24 11
0.25 10
0.26 13
0.27 13
0.28 9
0.29 9
0.3 9
0.31 12
0.32 7
0.33 8
0.34 8
0.35 12
0.36 11
0.37 13
0.38 10
0.39 6
0.4 13
0.41 12
0.42 7
0.43 9
0.44 12
0.45 12
0.46 13
0.47 14
0.48 7
0.49 8
0.5 8
0.51 8
0.52 9
0.53 9
0.54 11
0.55 8
0.56 6
0.57 7
0.58 2
0.59 6
0.6 6
0.61 4
0.62 9
0.63 11
0.64 12
0.65 9
0.66 11
0.67 13
0.68 9
0.69 13
0.7 7
0.71 10
0.72 7
0.73 7
0.74 7
0.75 10
0.76 6
0.77 8
0.78 3
0.79 6
0.8 5
0.81 4
0.82 3
0.83 3
0.84 5
0.85 4
0.86 6
0.87 7
0.88 3
0.89 5
0.9 7
0.91 5
0.92 5
0.93 6
0.94 8
0.95 6
0.96 4
0.97 5
0.98 4
0.99 9
1 9
