0 79
0.01 79
0.02 77
0.03 77
0.04 77
0.05 75
0.06 75
0.07 75
0.08 75
0.09 75
0.1 75
0.11 75
0.12 75
0.13 75
0.14 75
0.15 75
0.16 75
0.17 73
0.18 73
0.19 73
0.2 73
0.21 73
0.22 73
0.23 73
0.24 73
0.25 73
0.26 73
0.27 73
0.28 73
0.29 73
0.3 73
0.31 73
0.32 73
0.33 73
0.34 73
0.35 73
0.36 73
0.37 73
0.38 73
0.39 73
0.4 73
0.41 71
0.42 71
0.43 71
0.44 71
0.45 71
0.46 71
0.47 71
0.48 71
0.49 71
0.5 71
0.51 71
0.52 71
0.53 71
0.54 71
0.55 71
0.56 71
0.57 71
0.58 71
0.59 71
0.6 71
0.61 71
0.62 71
0.63 71
0.64 71
0.65 71
0.66 71
0.67 71
0.68 71
0.69 71
0.7 71
0.71 71
0.72 71
0.73 71
0.74 71
0.75 71
0.76 71
0.77 71
0.78 71
0.79 71
0.8 71
0.81 71
0.82 71
0.83 71
0.84 71
0.85 71
0.86 71
0.87 71
0.88 71
0.89 71
0.9 71
0.91 71
0.92 71
0.93 71
0.94 71
0.95 71
0.96 71
0.97 71
0.98 71
0.99 71
1 71
