0 1394
0.01 1373
0.02 1339
0.03 1299
0.04 1273
0.05 1271
0.06 1202
0.07 1208
0.08 1174
0.09 1132
0.1 1139
0.11 1127
0.12 1078
0.13 1077
0.14 1036
0.15 1049
0.16 1061
0.17 1039
0.18 1009
0.19 979
0.2 948
0.21 961
0.22 917
0.23 894
0.24 870
0.25 854
0.26 853
0.27 803
0.28 806
0.29 767
0.3 753
0.31 718
0.32 742
0.33 708
0.34 712
0.35 691
0.36 692
0.37 670
0.38 680
0.39 636
0.4 672
0.41 666
0.42 626
0.43 640
0.44 607
0.45 575
0.46 568
0.47 558
0.48 535
0.49 537
0.5 531
0.51 533
0.52 508
0.53 508
0.54 500
0.55 484
0.56 496
0.57 440
0.58 462
0.59 430
0.6 449
0.61 428
0.62 439
0.63 436
0.64 417
0.65 407
0.66 399
0.67 410
0.68 378
0.69 396
0.7 408
0.71 398
0.72 368
0.73 356
0.74 382
0.75 360
0.76 360
0.77 370
0.78 338
0.79 340
0.8 333
0.81 303
0.82 311
0.83 302
0.84 284
0.85 286
0.86 289
0.87 269
0.88 257
0.89 260
0.9 258
0.91 238
0.92 242
0.93 257
0.94 240
0.95 221
0.96 226
0.97 245
0.98 229
0.99 226
1 223
