0 51
0.01 31
0.02 19
0.03 18
0.04 19
0.05 11
0.06 15
0.07 17
0.08 11
0.09 11
0.1 12
0.11 11
0.12 15
0.13 15
0.14 16
0.15 15
0.16 12
0.17 10
0.18 14
0.19 14
0.2 13
0.21 13
0.22 12
0.23 10
0.24 13
0.25 10
0.26 10
0.27 10
0.28 9
0.29 12
0.3 10
0.31 14
0.32 15
0.33 16
0.34 8
0.35 12
0.36 7
0.37 6
0.38 3
0.39 2
0.4 7
0.41 7
0.42 9
0.43 8
0.44 8
0.45 9
0.46 8
0.47 8
0.48 9
0.49 7
0.5 11
0.51 6
0.52 5
0.53 7
0.54 6
0.55 8
0.56 12
0.57 9
0.58 5
0.59 8
0.6 11
0.61 13
0.62 13
0.63 6
0.64 8
0.65 10
0.66 8
0.67 5
0.68 6
0.69 6
0.7 11
0.71 14
0.72 9
0.73 9
0.74 6
0.75 7
0.76 10
0.77 7
0.78 6
0.79 8
0.8 8
0.81 11
0.82 7
0.83 9
0.84 9
0.85 5
0.86 7
0.87 7
0.88 9
0.89 9
0.9 7
0.91 7
0.92 7
0.93 5
0.94 6
0.95 5
0.96 5
0.97 4
0.98 3
0.99 3
1 2
