0 1253
0.01 1239
0.02 1211
0.03 1167
0.04 1161
0.05 1133
0.06 1132
0.07 1066
0.08 1065
0.09 1019
0.1 993
0.11 990
0.12 982
0.13 920
0.14 930
0.15 921
0.16 887
0.17 877
0.18 845
0.19 837
0.2 860
0.21 773
0.22 758
0.23 754
0.24 719
0.25 711
0.26 700
0.27 650
0.28 636
0.29 640
0.3 616
0.31 592
0.32 594
0.33 562
0.34 563
0.35 557
0.36 557
0.37 517
0.38 495
0.39 497
0.4 491
0.41 497
0.42 483
0.43 468
0.44 457
0.45 445
0.46 443
0.47 445
0.48 422
0.49 428
0.5 419
0.51 416
0.52 412
0.53 391
0.54 403
0.55 385
0.56 387
0.57 395
0.58 379
0.59 384
0.6 385
0.61 363
0.62 350
0.63 347
0.64 374
0.65 354
0.66 326
0.67 327
0.68 313
0.69 305
0.7 305
0.71 307
0.72 294
0.73 296
0.74 275
0.75 294
0.76 280
0.77 284
0.78 282
0.79 266
0.8 260
0.81 241
0.82 225
0.83 227
0.84 222
0.85 224
0.86 213
0.87 216
0.88 231
0.89 210
0.9 189
0.91 214
0.92 195
0.93 175
0.94 190
0.95 181
0.96 184
0.97 191
0.98 155
0.99 170
1 140
