0 45
0.01 40
0.02 39
0.03 34
0.04 33
0.05 28
0.06 30
0.07 29
0.08 30
0.09 33
0.1 30
0.11 30
0.12 25
0.13 24
0.14 19
0.15 19
0.16 24
0.17 18
0.18 20
0.19 23
0.2 18
0.21 21
0.22 13
0.23 15
0.24 16
0.25 14
0.26 12
0.27 17
0.28 15
0.29 14
0.3 15
0.31 17
0.32 15
0.33 16
0.34 14
0.35 14
0.36 11
0.37 13
0.38 11
0.39 12
0.4 11
0.41 11
0.42 13
0.43 11
0.44 11
0.45 12
0.46 14
0.47 9
0.48 12
0.49 14
0.5 10
0.51 10
0.52 8
0.53 11
0.54 11
0.55 11
0.56 9
0.57 10
0.58 13
0.59 15
0.6 13
0.61 14
0.62 10
0.63 13
0.64 12
0.65 9
0.66 7
0.67 7
0.68 7
0.69 10
0.7 7
0.71 4
0.72 6
0.73 9
0.74 8
0.75 9
0.76 5
0.77 5
0.78 9
0.79 8
0.8 12
0.81 10
0.82 10
0.83 12
0.84 10
0.85 8
0.86 5
0.87 6
0.88 7
0.89 6
0.9 3
0.91 3
0.92 7
0.93 5
0.94 4
0.95 8
0.96 8
0.97 6
0.98 3
0.99 5
1 6
