1 1 4 B
1 1 9 A
1 2 3 B
1 2 4 A
1 3 1 A
1 4 5 B
1 4 6 A
1 5 7 A
1 6 1 B
1 6 10 A
1 7 1 B
1 8 5 B
1 8 9 B
1 8 10 B
1 9 8 A
1 9 9 A
1 9 10 B
1 10 8 A
2 2 5 B
2 2 7 B
2 2 10 B
2 3 2 A
2 3 5 B
2 3 6 B
2 3 10 B
2 4 2 B
2 4 4 B
2 5 2 B
2 5 6 B
2 5 9 B
2 5 10 A
2 6 10 B
2 7 1 B
2 7 3 B
2 7 7 A
2 7 10 B
2 8 2 B
2 9 2 A
2 9 5 B
2 9 7 A
2 9 9 A
2 9 10 A
2 10 1 B
2 10 2 A
2 10 4 A
2 10 6 B
2 10 8 B
3 1 5 B
3 1 7 B
3 2 8 A
3 2 9 A
3 3 1 A
3 3 4 A
3 3 6 A
3 3 10 A
3 4 2 B
3 4 3 A
3 4 7 A
3 4 8 B
3 5 2 A
3 5 4 B
3 5 8 B
3 6 3 A
3 6 4 A
3 6 5 B
3 6 6 B
3 6 7 B
3 7 6 A
3 7 8 B
3 7 9 A
3 8 5 A
3 8 7 A
3 8 9 A
3 9 8 B
3 10 2 B
4 1 3 B
4 1 7 A
4 1 8 B
4 1 10 A
4 2 7 A
4 3 1 A
4 3 3 A
4 3 6 B
4 3 8 A
4 4 1 A
4 4 5 B
4 4 6 A
4 4 8 B
4 4 10 A
4 5 3 A
4 5 5 B
4 5 8 A
4 5 10 B
4 6 10 B
4 7 4 A
4 7 9 B
4 8 2 B
4 8 5 B
4 8 6 A
4 9 8 A
4 9 9 A
4 10 3 B
4 10 6 A
4 10 10 A
5 1 4 B
5 1 9 A
5 1 10 B
5 2 1 A
5 2 3 A
5 2 4 A
5 2 7 A
5 2 8 B
5 3 4 B
5 3 5 B
5 3 7 B
5 4 4 A
5 4 5 B
5 5 4 A
5 5 5 B
5 6 1 A
5 6 3 B
5 6 5 A
5 6 6 B
5 6 9 B
5 7 6 A
5 8 2 A
5 8 4 A
5 8 6 B
5 8 9 B
5 9 2 A
5 9 6 A
5 9 7 B
5 9 10 B
5 10 2 B
5 10 4 B
5 10 7 B
5 10 8 A
6 1 2 A
6 1 3 A
6 1 4 A
6 1 5 A
6 1 7 A
6 2 2 A
6 2 7 A
6 3 4 B
6 3 5 A
6 3 6 B
6 3 10 B
6 4 4 B
6 4 5 B
6 5 2 B
6 5 3 B
6 5 5 B
6 5 6 B
6 5 8 B
6 5 10 B
6 6 4 B
6 6 6 B
6 7 6 A
6 8 1 B
6 8 2 B
6 8 4 A
6 8 5 A
6 8 8 A
6 9 6 B
6 9 7 B
7 1 3 B
7 1 4 A
7 1 6 A
7 1 7 A
7 2 4 B
7 2 8 B
7 3 6 A
7 3 7 B
7 4 9 B
7 5 1 A
7 5 5 A
7 5 9 B
7 6 1 B
7 6 3 B
7 6 7 B
7 6 9 B
7 6 10 B
7 7 1 A
7 7 2 A
7 7 3 A
7 7 6 B
7 7 10 B
7 8 1 B
7 8 4 A
7 8 8 A
7 9 3 B
7 9 5 A
7 9 6 B
7 9 7 A
7 10 1 B
7 10 2 B
7 10 4 A
7 10 5 B
7 10 6 B
7 10 9 B
8 1 3 A
8 1 7 A
8 2 6 A
8 3 1 A
8 3 2 A
8 5 4 B
8 5 5 A
8 5 6 B
8 5 8 B
8 5 10 A
8 6 2 B
8 6 6 B
8 6 8 B
8 6 10 A
8 7 2 A
8 7 5 A
8 7 6 B
8 7 8 A
8 7 10 A
8 8 2 B
8 8 5 A
8 8 8 B
8 8 9 A
8 9 3 A
8 9 8 B
8 9 9 B
8 10 8 A
8 10 10 A
9 1 1 A
9 1 5 B
9 1 10 A
9 2 3 B
9 2 4 A
9 2 5 B
9 2 6 B
9 2 8 B
9 2 9 B
9 3 1 A
9 3 6 B
9 3 7 A
9 3 9 A
9 4 2 A
9 4 3 B
9 4 4 B
9 4 5 B
9 5 6 B
9 6 1 A
9 6 2 B
9 6 3 B
9 6 5 A
9 7 2 B
9 7 3 A
9 7 5 B
9 7 8 A
9 8 1 A
9 8 6 B
9 8 10 B
9 9 1 A
9 9 2 A
9 9 8 A
9 10 7 A
9 10 9 B
10 1 1 B
10 2 1 B
10 2 2 B
10 2 3 B
10 3 6 A
10 4 8 A
10 5 1 B
10 5 2 A
10 5 3 A
10 5 4 A
10 5 7 B
10 6 6 B
10 6 8 B
10 7 1 B
10 7 3 A
10 7 5 B
10 8 2 B
10 8 6 A
10 8 7 B
10 8 8 B
10 8 10 A
10 9 8 B
10 10 2 A
10 10 3 B
