1 2 4 B
1 3 1 A
1 3 9 A
1 4 2 A
1 5 2 A
1 5 3 B
1 5 9 A
1 6 5 B
1 7 1 B
1 7 2 B
1 7 5 B
1 8 3 A
1 8 5 A
1 8 6 A
1 8 9 A
1 9 3 B
1 9 8 A
2 1 4 B
2 1 7 A
2 2 1 A
2 2 7 A
2 2 8 B
2 2 9 A
2 3 1 B
2 3 3 A
2 4 5 A
2 5 2 B
2 5 3 B
2 5 6 B
2 5 10 A
2 6 6 A
2 6 10 A
2 7 7 B
2 7 9 B
2 8 3 B
2 8 6 B
2 9 4 A
2 9 6 A
2 9 8 A
3 2 5 B
3 2 7 A
3 3 7 B
3 4 3 B
3 4 5 B
3 4 7 B
3 4 8 B
3 5 5 A
3 5 8 B
3 5 10 A
3 6 2 A
3 7 2 A
3 7 5 B
3 7 7 B
3 7 8 B
3 8 5 A
3 8 9 A
3 9 2 B
3 9 6 B
3 9 10 B
3 10 3 A
3 10 9 A
4 1 1 A
4 1 4 A
4 1 6 A
4 1 8 B
4 3 1 B
4 3 6 B
4 3 10 A
4 4 2 A
4 4 3 B
4 4 4 A
4 5 3 A
4 5 4 A
4 5 6 B
4 6 2 B
4 6 6 B
4 6 10 A
4 7 1 A
4 8 3 B
4 8 9 B
4 9 4 B
4 9 6 A
4 9 8 B
4 9 9 B
4 10 9 B
5 2 5 B
5 2 9 B
5 4 2 A
5 4 3 B
5 4 10 A
5 5 3 A
5 5 4 B
5 5 8 B
5 5 10 B
5 6 6 B
5 6 8 B
5 7 1 B
5 8 6 A
5 8 7 A
5 9 3 A
5 10 1 B
5 10 2 B
5 10 4 B
6 1 1 A
6 1 6 B
6 2 5 B
6 3 1 A
6 3 3 A
6 5 3 A
6 5 6 A
6 5 7 B
6 6 2 B
6 6 8 B
6 6 10 B
6 7 5 A
6 7 6 B
6 8 1 B
6 8 4 A
6 8 6 B
6 9 3 B
6 9 6 A
6 9 10 B
6 10 3 B
7 1 4 A
7 1 6 A
7 2 1 A
7 2 2 A
7 2 6 B
7 2 8 A
7 2 9 B
7 3 5 B
7 3 6 B
7 3 10 B
7 4 3 B
7 5 1 A
7 5 4 B
7 5 9 B
7 7 1 B
7 7 6 B
7 8 3 A
7 8 4 A
7 8 5 A
7 8 7 B
7 8 10 A
7 10 4 A
8 1 1 B
8 1 5 B
8 1 9 B
8 1 10 A
8 4 9 A
8 5 2 A
8 6 3 A
8 6 4 A
8 6 9 B
8 7 4 B
8 7 10 B
8 8 2 A
8 8 9 A
8 9 1 B
8 9 7 A
8 10 1 A
8 10 2 A
8 10 6 A
9 1 2 B
9 1 7 A
9 3 1 A
9 3 3 A
9 3 8 B
9 4 4 A
9 4 5 B
9 4 6 A
9 4 10 A
9 5 5 A
9 5 7 B
9 5 10 B
9 7 3 B
9 7 7 B
9 7 8 B
9 7 9 B
9 8 1 B
9 8 10 B
9 9 2 B
9 9 5 B
9 9 8 A
9 10 3 A
10 1 6 B
10 1 8 A
10 2 1 B
10 2 6 A
10 3 1 B
10 3 2 A
10 3 5 B
10 3 7 A
10 3 9 B
10 3 10 B
10 4 7 B
10 5 1 A
10 5 8 A
10 6 2 B
10 6 5 B
10 6 10 B
10 7 6 B
10 8 5 B
10 8 6 A
10 9 4 A
10 9 6 B
10 9 8 B
10 10 4 B
10 10 5 B
