1 1 1 A
1 2 7 A
1 2 8 B
1 3 2 B
1 3 5 A
1 3 9 A
1 4 1 A
1 4 4 B
1 4 10 A
1 5 2 B
1 5 9 A
1 6 3 B
1 6 7 B
1 7 2 B
1 7 5 B
1 8 1 A
1 8 5 A
1 8 7 B
2 2 5 A
2 3 8 B
2 4 5 A
2 5 5 A
2 5 7 A
2 6 4 A
2 7 1 B
2 7 6 B
2 8 6 B
2 9 6 A
2 9 9 A
2 9 10 A
2 10 10 A
3 1 6 B
3 1 8 B
3 1 9 A
3 2 4 A
3 3 5 B
3 3 7 B
3 4 1 A
3 5 4 A
3 5 6 B
3 5 7 B
3 6 1 A
3 6 3 B
3 6 4 B
3 7 1 B
3 7 4 A
3 7 9 B
3 8 10 B
3 9 7 A
3 10 5 B
3 10 9 A
4 2 1 B
4 2 2 A
4 2 4 A
4 2 5 B
4 3 9 B
4 5 3 B
4 5 6 A
4 5 7 B
4 6 1 A
4 6 7 A
4 6 9 A
4 7 8 A
4 8 1 B
4 8 8 B
4 9 6 A
4 10 4 B
4 10 5 A
4 10 10 B
5 1 1 B
5 1 6 B
5 2 4 A
5 2 5 B
5 2 7 B
5 3 1 A
5 4 8 B
5 4 9 B
5 5 5 B
5 6 2 B
5 6 5 A
5 7 3 A
5 8 6 B
5 9 3 B
5 9 6 A
5 10 9 B
6 1 4 A
6 2 2 A
6 2 5 B
6 2 8 A
6 4 4 B
6 4 7 B
6 4 8 A
6 5 2 B
6 5 4 A
6 5 8 B
6 6 3 A
6 7 3 B
6 7 6 A
6 8 7 B
6 9 6 B
6 9 7 B
6 9 9 B
6 9 10 A
6 10 1 A
6 10 5 A
7 1 3 B
7 1 6 B
7 2 1 A
7 2 6 B
7 3 1 A
7 3 7 B
7 3 10 B
7 4 8 B
7 5 7 B
7 6 6 A
7 7 8 B
7 9 1 B
7 9 2 A
7 9 4 A
7 9 7 A
7 10 2 B
7 10 3 A
7 10 9 B
8 1 1 A
8 1 4 B
8 1 8 B
8 2 1 B
8 2 3 B
8 3 1 B
8 3 10 A
8 4 2 A
8 4 9 A
8 5 3 B
8 5 10 B
8 6 3 B
8 6 8 A
8 6 10 B
8 7 7 A
8 8 4 B
8 8 5 A
8 8 6 B
8 8 10 B
8 9 2 B
8 9 10 B
9 1 3 B
9 1 5 B
9 1 9 A
9 1 10 A
9 6 4 A
9 6 9 B
9 7 5 B
9 7 9 B
9 8 2 B
9 9 4 A
9 9 9 A
9 10 2 A
9 10 3 B
9 10 5 A
9 10 8 B
10 1 6 A
10 2 2 B
10 2 8 A
10 3 2 A
10 3 7 B
10 3 8 A
10 4 4 B
10 4 5 A
10 6 7 B
10 6 9 B
10 7 3 B
10 7 8 A
10 8 5 A
10 8 8 B
10 8 9 B
10 9 7 B
10 10 1 B
10 10 7 A
