1 1 9 B
1 2 7 A
1 5 4 A
1 6 5 B
1 6 7 A
1 7 1 B
1 7 6 B
1 7 8 A
1 8 6 B
1 8 9 A
1 9 1 A
1 9 5 A
2 1 8 A
2 2 7 B
2 3 3 A
2 3 10 B
2 4 1 B
2 7 7 B
2 8 4 B
2 8 9 A
2 10 9 A
3 1 2 A
3 1 7 B
3 2 4 B
3 2 6 A
3 2 10 A
3 3 2 A
3 4 1 B
3 4 3 B
3 5 2 A
3 5 3 A
3 6 9 A
3 7 1 B
3 7 4 A
3 7 6 A
3 9 1 B
3 9 2 B
3 9 8 B
3 10 7 A
3 10 10 B
4 1 1 A
4 2 1 B
4 3 2 A
4 3 8 B
4 4 3 B
4 4 8 B
4 5 3 B
4 5 4 B
4 5 6 B
4 6 4 B
4 6 9 A
4 6 10 B
4 7 7 B
4 8 5 A
4 9 5 B
4 10 3 A
5 1 3 B
5 1 4 B
5 1 6 A
5 2 5 A
5 2 7 B
5 2 8 B
5 2 9 A
5 4 3 B
5 4 4 B
5 5 3 A
5 5 4 A
5 5 8 A
5 5 9 B
5 6 4 B
5 6 9 A
5 7 4 A
5 7 5 A
5 7 8 A
5 8 6 B
5 9 4 B
6 1 8 B
6 1 10 B
6 2 5 A
6 3 7 B
6 3 8 B
6 4 2 B
6 4 6 B
6 5 10 A
6 6 3 A
6 6 5 A
6 6 8 B
6 7 2 B
6 7 7 B
6 7 10 B
6 8 2 A
6 8 9 B
6 9 2 A
6 9 6 B
7 1 4 A
7 1 6 B
7 2 1 B
7 2 9 B
7 4 1 A
7 4 8 A
7 5 3 A
7 8 6 B
7 8 7 B
7 8 10 B
7 9 4 B
7 10 1 B
7 10 7 B
7 10 8 A
7 10 9 B
8 1 3 B
8 2 10 A
8 4 3 B
8 4 4 A
8 4 6 A
8 6 4 A
8 7 3 B
8 10 2 B
8 10 5 A
8 10 8 A
9 1 4 B
9 1 7 B
9 2 3 B
9 2 8 A
9 2 9 B
9 4 3 B
9 4 10 A
9 5 8 A
9 7 7 B
9 7 10 B
9 8 2 B
9 8 6 B
9 9 9 B
9 10 3 A
9 10 10 B
10 2 4 B
10 2 9 B
10 3 1 A
10 3 3 B
10 3 7 A
10 4 2 A
10 4 9 B
10 5 3 B
10 5 6 B
10 6 7 A
10 6 8 A
10 7 5 A
10 7 8 A
10 8 9 B
10 9 2 A
10 9 4 A
10 9 6 A
10 9 7 A
10 9 9 B
10 10 7 B
10 10 8 B
