1 2 4 B
1 3 4 A
1 5 7 B
1 6 1 A
1 6 9 B
1 8 7 A
1 9 6 A
1 9 7 A
1 10 8 A
2 1 8 B
2 1 10 B
2 2 5 B
2 3 6 A
2 4 7 A
2 7 4 B
2 7 9 B
3 2 8 A
3 3 5 A
3 3 6 A
3 4 9 A
3 5 3 A
3 5 4 B
3 6 8 B
3 7 1 B
3 7 4 B
3 7 9 B
3 8 8 B
3 8 10 B
3 9 5 B
3 10 4 B
3 10 6 A
4 2 7 B
4 2 9 B
4 3 8 A
4 3 9 B
4 8 7 A
4 10 4 A
4 10 7 B
5 1 6 A
5 2 1 B
5 2 7 B
5 3 2 A
5 3 9 A
5 4 6 A
5 4 8 A
5 5 3 A
5 6 10 B
5 8 7 B
5 10 5 B
5 10 7 B
5 10 8 B
5 10 10 A
6 2 1 B
6 2 3 B
6 3 5 A
6 3 8 B
6 5 5 B
6 5 7 B
6 6 7 B
6 8 3 A
6 8 8 B
6 8 10 A
6 10 2 A
6 10 4 B
6 10 6 B
7 1 1 B
7 2 1 B
7 2 6 B
7 4 3 B
7 4 4 B
7 4 9 A
7 6 2 B
7 7 3 B
7 8 5 B
7 8 7 B
7 9 1 B
7 9 2 A
8 1 4 B
8 1 10 B
8 2 2 B
8 3 2 A
8 3 3 B
8 4 8 A
8 5 2 A
8 5 4 B
8 6 10 A
8 8 3 B
8 8 9 A
8 9 2 A
8 9 9 B
9 1 3 B
9 1 10 A
9 3 2 A
9 3 4 B
9 3 9 B
9 4 9 B
9 5 7 A
9 6 2 A
9 6 4 A
9 7 6 A
9 8 6 B
9 9 5 A
9 10 8 B
10 2 8 B
10 6 10 A
10 7 2 B
10 7 6 A
10 9 2 B
10 10 7 B
