250 250.1
249 200.5
247 157.3
245 142
241 135.4
236 142.2
230 139.3
224 143.8
216 142.8
208 140.5
200 142.8
190 147.6
180 148.8
170 145.2
160 146.5
150 150
139 148.3
129 141.8
119 138.3
109 142.6
100 150.4
91 146.9
83 143.5
75 142.5
69 143.5
63 146.7
58 140.2
54 145.7
52 138.4
50 140.1
50 139.5
50 131.6
52 138.9
54 139.2
58 150.1
63 145.4
69 137.3
75 134
83 144.2
91 136.1
99 137
109 147.6
119 137.2
129 142.7
139 140.8
149 138.1
160 140.5
170 136.6
180 142.6
190 134.8
200 134.7
208 136.9
216 135.4
224 133.4
230 136
236 140
241 137.7
245 141.9
247 140.3
249 129
250 129.8
249 141.7
247 138.1
245 129.2
241 134.2
236 137.4
230 137.4
224 138
216 133.5
208 132.6