250 256.3
249 219.8
247 175.2
245 155.9
241 139.5
236 129.2
230 116.8
224 109.3
216 102.7
208 90.8
200 89.1
190 78.6
180 78
170 74.9
160 72.8
150 66.7
139 65
129 66.1
119 68.1
109 66.6
100 62.1
91 69.5
83 69.6
75 78.6
69 83
63 90.3
58 101.1
54 116.3
52 151.9
50 186.5
50 187.9
50 180.7
52 167.4
54 167.6
58 160.3
63 163.4
69 175.8
75 175.4
83 175.9
91 175.3
99 168
109 170.4
119 174.8
129 174.5
139 169.9
149 173.1
160 167.2
170 165.8
180 165.1
190 167.4
200 168.7
208 166.7
216 168.5
224 169.7
230 166.7
236 165.9
241 156.5
245 176.1
247 165.4
249 169.9
250 169.6
249 165.8
247 173.5
245 166
241 161
236 165.8
230 161
224 159.8
216 161.3
208 164.2
200 159.7
190 164
180 163.1
170 163.2
160 165.7
150 165.1
139 162
129 154.6
119 164
109 163.6
100 160.2
91 161.1
83 161.5
75 163.3
69 160.6
63 159
58 165.2
54 159
52 165.6
50 157.1
50 154.1
50 160.1
52 161.3
54 162.9
58 161.1
63 157.2
69 166.8
75 155.7
83 156.3
91 156.1
100 165.9
109 155.3
119 164.5
129 160.2
139 152
149 160.4
160 163
170 160
180 162.3
190 159.9
200 155.8
208 151.4
216 152.2
224 154.8
230 159.6
236 154.1
241 152.4
245 153.4
247 154.2
249 154.3
250 154.5
249 153.5
247 151
245 149.7
241 156.5
236 151.1
230 153.3
224 150.5
216 156.5
208 154.9