250 254.5
249 197.9
247 150.4
245 123.8
241 119.6
236 119.7
230 125.3
224 127.9
216 138.2
208 137.4
200 137.9
190 140.6
180 141.5
170 141
160 139.4
150 148.7
139 143.4
129 140.5
119 140
109 138
100 145.5
91 145
83 146.1
75 141.9
69 139.9
63 138.1
58 151
54 142
52 143.6
50 135.6
50 140
50 141.5
52 130.6
54 138
58 142.1
63 141.7
69 143.9
75 139.3
83 140
91 137.2
99 136.3
109 135.9
119 143.8
129 146.8
139 137.6
149 137.2
160 144.9
170 134.3
180 132.6
190 140.8
200 136.6
208 141.4
216 140.9
224 138.8
230 134.7
236 131.7
241 133.3
245 140.3
247 136.5
249 133.4
250 127.8
249 132.4
247 134.8
245 137.3
241 133
236 129.1
230 130.7
224 131.5
216 136.5
208 131
200 131
190 131
180 134
170 133.3
160 134.4
150 133.6
139 133.1
129 132.7
119 124.6
109 129.3
100 136.8
91 130.1
83 131.3
75 136.7
69 138.2
63 132.4
58 128.5
54 138.3
52 132.8
50 133.2
50 131.7
50 129.2
52 134.9
54 128.5
58 130.8
63 126.6
69 134.6
75 130.7
83 131.4
91 131.2
100 123.4
109 133.8
119 136.1
129 128.3
139 132.3
149 128.8
160 133.5
170 130.3
180 130.8
190 133.3