250 247
249 200.4
247 158.3
245 145.6
241 137.1
236 150.2
230 149.2
224 153.1
216 153.2
208 159.6
200 158.2
190 156.5
180 152
170 160.4
160 162.1
150 162.1
139 162.1
129 156.2
119 153.4
109 161.2
100 150.9
91 156.4
83 155.6
75 156.4
69 156.6
63 156.5
58 157.2
54 155.5
52 154.3
50 154.5
50 153.6
50 155.1
52 151.4
54 155.6
58 156.4
63 150.8
69 156
75 152.1
83 149.2
91 149.6
99 157.4
109 152.6
119 146.2
129 153.9
139 153.5
149 148.9
160 153.5
170 150.1
180 152.1
190 150.5
200 152.8
208 146.6
216 154.9
224 147.4
230 149.6
236 152.7
241 151.4
245 152
247 146.5
249 153.8
250 147.4
249 149.2
247 149.9
245 143.6
241 146.5
236 150.4
230 141.2
224 148.6
216 156.7
208 146.6
200 149.7
190 142.4
180 147.8
170 148.8
160 149
150 142.5
139 143.7
129 147.9
119 142.9
109 141.9