250 253.3
249 200.5
247 151.1
245 127.7
241 129.6
236 131.7
230 142
224 146.9
216 144.4
208 148.3
200 147.2
190 149
180 145.8
170 144.3
160 148.3
150 149.9
139 147.5
129 146.8
119 147.8
109 147.5
100 141.6
91 142.6
83 142.3
75 144.9
69 142
63 139.8
58 151.2
54 144.3
52 143.6
50 140.4
50 140.7
50 141.9
52 145.5
54 135
58 142.3
63 142.9
69 138.9
75 136.3
83 134.3
91 136.4
99 143.2
109 140.3
119 137.5
129 137.8
139 145.5
149 142.7
160 137.4
170 140
180 137.3
190 141.8
200 138.8
208 138.2
216 132.1
224 139.5
230 136.5
236 141
241 135.7
245 140.8
247 139.7
249 139.9
250 134.4
249 138.2
247 143
245 137.4
241 136.7
236 136.5
230 133.8
224 132.5
216 138.1
208 137.3
200 138.7
190 140
180 136.7
170 139.5
160 133.7
150 133.1
139 135
129 130.8
119 138
109 135.8
100 136.2
91 135.1
83 137.1
75 134.5
69 134.5
63 135.8
58 133.6
54 135.5
52 132.8
50 130.8