250 245.4
249 222.8
247 190
245 176.1
241 156.5
236 146.5
230 138.6
224 128.7
216 112
208 101.4
200 88.7
190 79.1
180 76.3
170 73.1
160 73.4
150 76.6
139 92.3
129 104.1
119 124.2
109 148
100 168.2
91 180.7
83 187
75 194.7
69 193.9
63 198.1
58 188.3
54 186.9
52 169.6
50 166.9
50 158.6
50 163.2
52 179
54 192.4
58 203.3
63 192.5
69 188.1
75 171.2
83 166.2
91 165
99 165.4
109 176.7
119 189.2
129 187.1
139 191.4
149 182.4
160 174.3
170 161.1
180 158
190 156.3
200 168.3
208 184.8
216 185.5
224 190.5
230 177.9
236 167.6
241 171.9
245 162.6
247 164.6
249 174.8
250 187.3
249 187.7
247 189.6
245 181.1
241 167.6
236 158.7
230 154.6
224 160
216 171
208 182
200 185.5
190 183
180 172
170 164.5
160 155.3
150 154.3
139 164.3
129 163.7
119 179.2
109 174.7
100 178.3
91 178.2
83 161.6
75 161.6
69 153.3
63 161.8
58 168.6
54 180.9
52 178.6
50 171.6
50 172.1
50 161.3
52 164.3
54 156.1
58 156.6
63 164.5
69 179.7
75 174.1
83 177.5
91 166.8
100 164.1
109 153
119 155.1
129 156.6
139 157.8
149 169.2
160 171.3
170 172.7
180 165.7
190 161.9
200 158.7
208 154.4
216 152.4
224 157.4
230 168.5
236 176.6
241 172.4
245 164.1
247 160.4
249 154.7
250 146.4
249 150
247 150.4
245 169.2
241 177
236 167.9
230 166.5
224 160
216 150.8
208 148
200 149.1
190 161.8
180 172
170 179.1
160 169.6
150 166.6
139 159.7
129 151.9
119 146.6
109 146.1