250 245.5
249 206
247 170
245 121.6
241 111.5
236 131.5
230 163
224 205.6
216 184.1
208 133.7
200 96.5
190 115.6
180 134.9
170 188.8
160 201.9
150 158.3
139 117.9
129 112.1
119 128.9
109 171.8
100 207.7
91 179.2
83 127.3
75 97.6
69 114.4
63 135.1
58 190.9
54 197.9
52 157.8
50 118.9
50 111.7
50 127.1
52 165.4
54 199.8
58 175.8
63 130.5
69 98.1
75 108.9
83 138.7
91 188.9
99 197.6
109 154.1
119 114.8
129 111.7
139 133.6
149 164.1
160 200.7
170 176.5
180 131.8
190 94
200 115.1
208 138.3
216 182.7
224 185.3
230 148.9
236 103.4
241 111.1
245 129.8
247 161.1
249 201.4
250 162.4
249 119.6
247 97.8
245 107.5
241 130.7
236 188.3
230 188.6
224 143
216 107.1
208 107.6
200 132.6
190 168.7
180 191.1
170 161.3
160 117.9
150 94.3
139 110.8
129 140.2
119 187.5
109 181.9
100 135.3
91 99.8
83 109.9
75 126.3
69 162.3
63 199.1
58 158.8
54 112.4
52 97.4
50 111.8
50 150.9
50 183.6
52 175.8
54 118.3
58 94.8
63 100.5
69 134.1
75 175.2
83 189.3
91 147.4
100 105.2
109 95.2
119 107.9
129 152
139 198.1
149 164.8
160 119.6
170 90.2
180 97
190 126.7
200 165.5
208 186.4
216 146.2
224 105.2
230 94.8
236 118.4
241 145.3
245 198.8
247 170.5
249 119.5
250 88.3
249 101.8
247 131.4
245 164.2
241 178.8
236 147.8
230 104.5
224 91.9
216 110.6
208 151.7
200 184.1
190 159.8
180 113.6
170 87.2
160 95.6
150 117.3
139 161.7
129 177
119 134.9
109 100.1
100 91.6
91 111.5
83 150
75 180.9
69 158.6
63 110
58 85.2
54 97.1
52 121.1
50 164.4
50 181
50 135.2
52 99.9
54 98.7
58 111.8
63 147.9
69 179.9
75 152.5
83 108.6
91 82.1
99 97.3
109 122
119 164.7
129 166.6
139 134.1
149 95
160 92.1
170 111.2
180 143.9
190 174.7