250 252.6
249 222.8
247 198.4
245 181.8
241 167.2
236 156.8
230 155.9
224 164.7
216 202.2
208 213.2
200 208.2
190 210.1
180 206.2
170 195.7
160 194.7
150 193.1
139 188.1
129 184.8
119 192
109 192.8
100 199.7
91 198.1
83 198.8
75 193.1
69 186.3
63 184.4
58 189.7
54 189.8
52 186.5
50 197.6
50 198.7
50 190.9
52 188.6
54 187
58 185.8
63 182.5
69 189.3
75 187.3
83 186.5
91 190.5
99 189.2
109 186.5
119 181.6
129 182.7
139 189.6
149 182
160 183.4
170 189.5
180 196
190 184.2
200 188.2
208 181.5
216 196.6
224 182.8
230 188.2
236 184.8
241 193.6
245 181.8
247 182.2
249 181.3
250 185.4
249 181.3
247 179.1
245 189.1
241 180.2
236 176.7
230 183.4
224 190.4
216 182.1
208 187
200 186.8
190 189.3
180 181.5
170 178.6
160 182.1
150 179.4
139 185
129 190
119 176
109 178
100 179.3
91 178.9
83 185.2
75 181
69 180.5
63 178.5
58 175.6
54 178.5
52 176.3
50 182.5
50 176.8
50 187.3
52 184.3
54 173.8
58 183.3
63 178.8
69 175.8
75 176.9
83 183.8
91 176.2
100 179.9
109 184.1
119 177.9
129 175.8
139 173.2
149 181.4
160 176.4
170 175.7
180 180.1
190 179.3
200 174
208 179
216 176.9
224 173.3
230 175
236 171.8
241 176.8
245 175.3
247 176.7
249 175.5
250 175.2
249 170.9
247 175.6
245 173.7
241 172.5
236 167.6
230 167.5
224 164.8
216 175.9
208 167
200 168.3
190 170
180 177.9
170 169.9
160 167.2
150 169.2
139 168.5
129 167.7
119 167.8
109 172.7