250 249.5
249 203.3
247 172.2
245 148.2
241 159.3
236 153
230 156.8
224 162.6
216 162.2
208 164.1
200 162.3
190 165
180 165
170 163.5
160 159.7
150 160.4
139 159.9
129 158
119 153.6
109 161.8
100 160.8
91 161.6
83 163
75 158.7
69 155.9
63 158.1
58 162.6
54 159.2
52 154.7
50 160.8
50 161.3
50 162
52 154.6
54 157.5
58 164.6
63 159.2
69 157
75 151.9
83 155.4
91 156.7
99 161.8
109 161.6
119 149.5
129 158.5
139 155.7
149 157.6
160 150.2
170 158.5
180 153.1
190 150.1
200 150.1
208 153.5
216 157.7
224 160.3
230 158
236 147.9
241 157.3
245 150.9
247 149.8
249 153.3
250 154.8
249 152.9
247 154.4
245 154.5
241 145.3
236 148.6
230 150.8
224 143.6
216 153.5
208 147.6
200 151.6
190 160.4
180 150.3
170 158.5
160 150.3
150 148.1
139 154
129 156.9
119 152.7
109 150.1
100 149
91 155.9
83 150.7
75 148.3
69 152.2
63 151.1
58 150.8
54 152
52 148.9
50 155.2