250 254.9
249 236.7
247 221.6
245 205.4
241 188.6
236 180.5
230 177.1
224 179.4
216 176
208 179.8
200 182.8
190 192.6
180 202.2
170 202.6
160 193.2
150 203.4
139 201.4
129 204.3
119 208.2
109 202.7
100 212.5
91 205.8
83 198.9
75 211.4
69 212.2
63 210.1
58 210.8
54 209.8
52 212.3
50 204.3
50 205.4
50 204.3
52 202.1
54 210.4
58 206.3
63 205.1
69 204.4
75 202
83 201.1
91 203.7
99 204.3
109 196.6
119 202.4
129 211.6
139 196.5
149 205.5
160 204.5
170 203.5
180 202.2
190 199.4
200 200.6
208 203.3
216 198.7
224 201.7
230 201.2
236 202.5
241 196.2
245 193.9
247 207.1
249 201.1
250 211.3
249 198.4
247 199
245 195.7
241 201.6
236 210.7
230 201.4
224 198.4
216 201
208 197.6