250 253.1
249 192.1
247 157.1
245 143
241 128.3
236 121.2
230 104.4
224 88.2
216 80.8
208 69.7
200 66.6
190 75.5
180 76.5
170 78.6
160 82.4
150 84.5
139 91.7
129 88.2
119 97.4
109 100.7
100 109.6
91 118.9
83 127.2
75 144.2
69 156.8
63 174.2
58 194.1
54 183.8
52 187.5
50 183.3
50 176.1
50 168
52 182.3
54 179.3
58 165.2
63 146.5
69 116.9
75 106.9
83 93.6
91 84.5
99 77.5
109 76.6
119 79.5
129 82.6
139 91
149 95.3
160 106.8
170 114.7
180 127.5
190 146.1
200 154.6
208 172.1
216 179.4
224 180.2
230 177.3
236 177.8
241 167
245 179.8
247 176.1
249 167
250 144.9
249 116
247 102.9
245 88.1
241 82.5
236 74.9
230 77.1
224 78.8
216 80.9
208 92.5
200 102.7
190 105.5
180 113.5
170 122.9
160 147.3
150 158.6
139 171.4
129 176
119 185.8
109 174.6
100 167.4
91 162.9
83 173.8
75 169
69 159.8
63 138.3
58 116.6
54 103.9
52 83.4
50 77.1
50 73.9
50 74.5
52 78.6
54 79.4
58 88.6
63 91.6
69 105.2
75 104.7
83 125
91 135.9
100 142.4
109 161.2
119 167.2
129 178.3
139 167.1
149 165
160 162.9
170 160.7
180 163.1
190 156.5
200 134.3
208 117.5
216 101
224 89.8
230 76.4
236 74.9
241 68.6
245 69.4
247 74.1
249 83.7
250 90.4
249 95
247 105.9
245 113.5
241 134.4
236 146.7
230 156.3
224 163.7
216 167.6
208 167.1
200 155
190 155.9
180 160.5
170 165.4
160 162.4
150 128.2
139 114.8
129 100.4
119 87.6
109 77
100 72.1
91 66.7
83 71.4
75 81.1
69 78.3
63 82.7
58 91.8
54 103.5
52 116.8
50 133.9