250 250.4
249 204.5
247 165.4
245 137.8
241 119.3
236 116
230 108.7
224 116.9
216 111.5
208 123.7
200 123
190 131.4
180 138.9
170 136.3
160 134.4
150 139.8
139 137.4
129 139.9
119 131.2
109 141.1
100 141.4
91 137.2
83 144.2
75 142.2
69 136.5
63 134.4
58 133.1
54 144.1
52 130.6
50 141.9
50 131.4
50 134.3
52 137.4
54 134.5
58 136.6
63 131.3
69 141
75 135.7
83 133.3
91 141
99 136.8
109 131.9
119 130.1
129 136.6
139 140.8
149 135.7
160 128
170 129
180 134.5
190 132.8
200 129.5
208 134.9
216 131.7
224 135
230 138.3
236 130.9
241 134.5
245 131.7
247 135.7
249 129.6
250 131.7
249 134.4
247 132.2
245 129.1
241 134.3
236 130.7
230 130.8
224 130
216 130.4
208 129.6
200 129.6
190 130.2
180 135.2
170 130.5
160 132.6
150 126.7
139 126.4
129 130.6
119 128.8
109 134.3
100 128.3
91 126
83 134.3
75 130.9
69 123.8
63 131.6
58 132
54 132.8
52 124.6
50 123.7
50 125.5
50 125.1
52 129.1
54 123.5
58 128.1
63 129.6
69 123.9
75 127.8
83 122.9
91 126.8
100 127.2
109 121.9
119 131.1
129 129.9
139 127.1
149 125.6
160 125.8
170 124.4
180 126.1
190 125