250 254.1
249 249.2
247 240.9
245 229.9
241 229.6
236 232.8
230 227
224 222.6
216 220.6
208 213.7
200 211.3
190 208.4
180 193.8
170 195.5
160 188.9
150 174.7
139 173.6
129 173.6
119 163.3
109 161.6
100 158.5
91 149.4
83 144.3
75 148.8
69 133.7
63 137.3
58 125.4
54 120.9
52 115.5
50 113.2
50 116.1
50 111.6
52 110.1
54 109.3
58 104.7
63 107.5
69 106.6
75 108.3
83 107.9
91 111.3
99 117.8
109 118.5
119 119.9
129 118.9
139 129.3
149 128.5
160 123.7
170 137.7
180 139.2
190 141
200 141
208 143.9
216 133.5
224 136.9
230 134.4
236 141.5
241 136.9
245 141.6
247 136.8
249 132.7