250 246
249 205.2
247 152.6
245 137.1
241 117.2
236 126.5
230 118.2
224 135.6
216 136
208 140.2
200 142.6
190 146.3
180 144.3
170 144.5
160 146.4
150 148.2
139 146.3
129 143.6
119 148.8
109 146.8
100 146.8
91 133.1
83 149.1
75 147.2
69 144.5
63 138.9
58 142.5
54 142.9
52 147.9
50 143.3
50 136.6
50 140.8
52 143.5
54 136.1
58 139.6
63 145.2
69 143.8
75 139.5
83 131.3
91 142.5
99 152.5
109 137.7
119 142.1
129 136.1
139 138.2
149 140.4
160 137.2
170 137
180 138.8
190 138.6
200 137.3
208 140.5
216 137.9
224 140.3
230 138
236 139.5
241 139.6
245 139.4
247 133.7
249 141.8
250 138.6
249 135.7
247 135.7
245 140
241 132.4
236 138.4
230 134.7
224 140.4
216 134.4
208 132.4
200 132.2
190 137.1
180 129.4
170 133.9
160 131.9
150 138.8
139 136.1
129 134.6
119 132.5
109 133.1
100 144
91 137.6
83 131.8
75 136
69 134.8
63 134.8
58 135.4
54 130.7
52 140
50 136
50 134.4
50 129.7
52 130.8
54 134.7
58 132.5
63 124.2
69 137.7
75 135.4
83 134.5
91 132.7
100 128.4
109 134.2
119 129.2
129 130.3
139 128.4
149 133.1
160 126.4
170 135.3
180 129.1
190 131.2