250 248.1
249 199.1
247 168.6
245 128
241 106.2
236 122.8
230 153
224 194.9
216 194.3
208 145.9
200 112.6
190 111.4
180 138.8
170 181.8
160 201.7
150 172
139 127.2
129 101.6
119 119.8
109 136.5
100 181.9
91 202.8
83 169.3
75 125.6
69 104.3
63 123.7
58 150.8
54 184.2
52 189
50 153.3
50 115.3
50 110.7
52 135
54 168.3
58 201.9
63 173.1
69 133.2
75 96.7
83 109.1
91 139.3
99 170.9
109 203.4
119 166.1
129 122.7
139 96.2
149 112
160 132.2
170 181.4
180 197.6
190 158.3
200 114.2
208 109.4
216 130.5
224 147
230 192.8
236 175.9
241 130
245 99.8
247 113.5
249 123.1
250 160.7
249 197
247 169.2
245 120.2
241 93.4
236 108.4
230 133.9
224 165.1
216 191.6
208 161.7
200 114
190 92.1
180 109.6
170 135.1
160 179
150 181.7
139 144.4
129 109.7
119 110
109 119.9
100 162.5
91 188.4
83 170.1
75 120.3
69 93.6
63 102.3
58 132.9
54 160
52 187.5
50 155.8
50 123.5
50 93.6
52 105.3
54 130.1
58 169.1
63 183.9
69 141.7
75 109.8
83 98.6
91 113.9
100 151.1
109 186.6
119 170.8
129 121.6
139 88
149 102.9
160 119.9
170 162.8
180 187.8
190 155
200 110
208 86.8
216 104
224 120.4
230 164.7
236 181.7
241 150.2
245 108.3
247 93.5
249 113.8
250 129.8
249 176.6
247 169
245 136.9
241 101.7
236 103.7
230 115.5
224 150.1
216 188.1
208 153.5
200 111.2
190 89.2
180 96.3
170 122.8
160 153
150 181.5
139 151.8
129 105.2
119 84.6
109 96.5
100 127.2
91 162.3
83 176.6
75 141.5
69 94.1
63 96.8
58 111.1
54 146.7
52 177.6
50 159.2
50 121.4
50 87.6
52 94.9
54 113.7
58 147.7
63 170.1
69 159.8
75 106.1
83 85.9
91 98.8
99 118.2
109 154.4
119 176.4
129 142.6
139 105
149 89.6
160 105.6
170 124.9
180 175.5
190 161.5
200 123.7
208 94.3
216 94.8
224 111.4
230 143.1
236 174.2
241 142.7
245 109
247 83.9
249 94.2