250 254.4
249 203.4
247 167
245 148.8
241 139.9
236 123
230 135.3
224 178.3
216 213.9
208 184.5
200 140
190 130.2
180 123.9
170 136.2
160 190.7
150 195.9
139 173.4
129 137.9
119 124.5
109 122.4
100 137.4
91 179.5
83 200.9
75 170.4
69 137
63 132.3
58 122.6
54 135.5
52 183.8
50 203.6
50 164.1
50 135.7
52 126.6
54 119.8
58 136.4
63 192.9
69 188.5
75 169.2
83 133.7
91 126
99 121.5
109 134.7
119 179
129 191.3
139 170.5
149 138.4
160 119.5
170 117.6
180 130.5
190 182.4
200 189.4
208 166
216 139.9
224 122
230 118.6
236 135.3
241 176.5
245 188.5
247 163.8
249 132.7
250 125
249 114.9
247 130.9
245 182.1
241 187.1
236 155.2
230 128.4
224 119.2
216 111.7
208 135.5
200 186
190 187.8
180 157.7
170 134.6
160 120.6
150 120.6
139 134.3
129 185.5
119 170.7
109 152.3
100 126
91 123.6
83 119.1
75 135.4
69 187.3
63 183.3
58 156.4
54 123.4
52 113.1
50 113.3
50 132
50 179.3
52 176.3
54 147.4
58 129.9
63 111.9
69 114.3
75 131.9
83 186.3
91 178
100 149.7
109 121.5
119 115.5
129 111.7
139 134.5
149 187.7
160 175
170 141.9
180 115.4
190 112.3
200 117.4
208 145.1
216 198.3
224 171.2
230 133.8
236 116.4
241 112
245 115.5
247 144.9
249 191.5
250 162.7
249 127.5
247 117.7
245 114
241 115.3
236 149.9
230 182.8
224 153.8
216 128.4
208 112.8
200 106.6
190 121.6
180 154.7
170 178.4
160 154.1
150 121.4
139 112.7
129 102.8
119 117.7
109 159.4
100 177.8
91 154.5
83 122.9
75 112.4
69 114.1
63 121.3
58 162.4
54 172.4
52 157.9
50 128.8
50 114.9
50 103.7
52 116.9
54 160.2
58 174.6
63 151.4
69 125.6
75 111
83 101.2
91 123.6