250 249.7
249 201.1
247 165.1
245 125.9
241 105.7
236 125.2
230 154.5
224 202.5
216 188.1
208 142.1
200 111.2
190 120.8
180 137.9
170 170.6
160 209.5
150 184.1
139 123
129 97.8
119 109.7
109 138.6
100 176.6
91 208
83 178.7
75 126.3
69 101.2
63 118.2
58 138.1
54 174.2
52 195
50 167.6
50 118.2
50 96.5
52 117.1
54 140.6
58 189.3
63 189.6
69 155.2
75 118
83 112.1
91 123.8
99 161.7
109 201.6
119 183
129 130.7
139 97.7
149 112.1
160 132.9
170 165.7
180 197.2
190 174.2
200 128.9
208 95.9
216 107.5
224 130.2
230 173.4
236 198.8
241 162.9
245 122.6
247 95.5
249 109.7
250 129.9
249 175.1
247 186.7
245 156.6
241 116.2
236 99.8
230 109.8
224 140.9
216 188.3
208 184.1
200 139.2
190 107.3
180 104.8
170 119.7
160 158.5
150 194.8
139 175.3
129 114.4
119 96.6
109 104.3
100 121.6
91 156.2
83 191.4
75 166.9
69 120.3
63 92.1
58 105
54 132
52 168.9
50 188.7
50 160.9
50 118.8
52 95.5
54 109.5
58 131
63 169.5
69 186.8
75 151.5
83 107.1
91 98.9
100 118.3
109 136.6
119 177.3
129 167.6
139 122.1
149 96
160 103.3
170 120.9
180 151.2
190 183.5
200 162.2
208 113.6
216 88.5
224 101.2
230 120.9
236 157.1
241 188.2
245 161.4
247 113.3
249 88.3
250 104.1
249 117.5
247 156.3
245 183.5
241 154.8
236 107.7
230 93.1
224 106.7
216 126.5
208 167.3
200 180.5
190 134.5
180 100.3
170 100.7
160 114.8
150 139.1
139 175.9
129 162
119 112
109 88.2
100 97.4
91 116.5
83 153.8
75 179.9
69 151.1
63 115.4
58 79.5
54 104.6
52 113.3
50 154.6
50 176.4
50 151.6
52 105.7
54 84.3
58 99.5
63 116.2
69 153.1
75 176.2
83 143.4
91 101
99 91.7
109 100.8
119 125.1
129 164.8
139 167.1
149 127.5
160 98.1
170 97.4
180 117
190 144.1
200 168.2
208 159.9
216 112.6
224 86.3
230 95.2
236 104.4
241 139.7
245 172.7
247 153.3
249 105.9