250 252.9
249 206.4
247 163.6
245 144.7
241 134.6
236 125.3
230 118.2
224 118.4
216 115.6
208 114.1
200 114.5
190 110
180 117.7
170 115.9
160 120
150 115.5
139 120
129 116.9
119 121.2
109 127.1
100 124.8
91 122.8
83 133.3
75 132.9
69 139.3
63 147.2
58 153.4
54 161.7
52 153.1
50 156
50 158.7
50 157
52 158.5
54 161.1
58 154
63 161.4
69 153.7
75 151.8
83 151.8
91 156.8
99 151.9
109 155.5
119 154.4
129 153.5
139 157.4
149 153.7
160 151.4
170 153.1
180 144.8
190 147.8
200 155
208 147
216 152.6
224 154.5
230 157.2
236 147.9
241 158.1
245 153.7
247 147
249 146.2
250 154.2
249 144.6
247 145.1
245 154.3
241 151
236 151.2
230 147
224 147.7
216 151.5
208 151.1
200 151.3
190 147.7
180 156.5
170 145.1
160 148.1
150 155.5
139 143.7
129 147.8
119 144.4
109 150.2
100 144.1
91 149.2
83 144.4
75 149.9
69 137.7
63 149.5
58 148.2
54 139.8
52 144.2
50 141.2
50 143.6
50 146.2
52 141
54 142.4
58 142.4
63 136.3
69 149
75 149.9
83 145.7
91 145
100 142.8
109 144.3
119 142.3
129 144.3
139 140.5
149 146.4
160 140.7
170 144.4
180 140.7
190 142.3
200 141.4
208 146.3
216 142.3
224 141.4
230 140.2
236 142.7
241 146.3
245 142.9
247 141.6
249 146.3
250 147.1
249 138.4
247 143.5
245 141.6
241 144.8
236 142.3
230 143.5
224 140.8
216 138.9
208 142