250 249.6
249 238.9
247 240.1
245 227.2
241 213.9
236 195.2
230 196.7
224 179.5
216 174.4
208 153
200 145.1
190 141.5
180 127.8
170 124.5
160 112.7
150 108.6
139 105.1
129 100.3
119 98.3
109 82.2
100 84.8
91 85.3
83 81.1
75 79.5
69 80.2
63 78.7
58 82.7
54 82.2
52 87.7
50 96.9
50 93.6
50 102.5
52 110.7
54 108.4
58 109.8
63 113.7
69 114.8
75 124.7
83 125.8
91 123.4
99 134.5
109 131.7
119 137.4
129 139
139 142.6
149 141.4
160 150.2
170 149.6
180 154.2
190 156.6
200 151.6
208 157.1
216 160.3
224 159.6
230 162.5
236 173
241 165.6
245 167.4
247 162.1
249 171.5