250 254.6
249 201.1
247 145.9
245 131.4
241 118.4
236 119.6
230 123.2
224 134.8
216 134.7
208 138.6
200 136.2
190 143.7
180 139.1
170 140.7
160 142.1
150 142.8
139 138.1
129 141.1
119 134.3
109 138.5
100 138.1
91 137.6
83 134.6
75 133.2
69 140.5
63 139.2
58 139
54 144
52 130.5
50 138.6
50 140.6
50 138
52 139.6
54 129
58 139
63 135.1
69 140.2
75 137.1
83 132.5
91 143
99 138
109 136.4
119 136.8
129 138.1
139 135.9
149 136.1
160 129.6
170 138.3
180 137.2
190 137.7
200 130.8
208 127.8
216 135.2
224 137.3
230 131.4
236 136.8
241 132.9
245 135.7
247 132.6
249 131
250 128.8
249 129.3
247 135.5
245 134.9
241 127.6
236 134.4
230 130.6
224 132.7
216 121.2
208 139.6
200 128.9
190 129.9
180 132.4
170 127
160 132.1
150 132.7
139 128.3
129 131.3
119 134.9
109 135.6
100 129.2
91 126.3
83 126.7
75 132.5
69 132.9
63 130.2
58 128.5
54 127.6
52 122
50 129.4
50 124.4
50 124.7
52 126.8
54 132.3
58 125.7
63 129.4
69 128.4
75 132.9
83 122.2
91 127.8