250 251.3
249 247.7
247 243.6
245 239.1
241 228.4
236 223
230 213.6
224 211.5
216 202.3
208 202.4
200 198.3
190 194.6
180 178.1
170 177.9
160 169.8
150 167.6
139 154.9
129 161.8
119 148.9
109 147.6
100 148.5
91 142.1
83 140.9
75 137.8
69 130.9
63 132.9
58 125.7
54 123
52 116.5
50 119.7
50 124.8
50 123.4
52 119.5
54 128.7
58 124.5
63 123.3
69 122.4
75 133.2
83 137.8
91 133.8
99 139.6
109 136.6
119 140.8
129 143.8
139 142.6
149 145.2
160 139.4
170 147.8
180 149.9
190 150.1
200 143.9
208 147.6
216 144.2
224 142
230 140.9
236 143
241 137.6
245 141.2
247 135.1
249 132.4