250 243.1
249 198
247 163.7
245 146.7
241 138.8
236 153.1
230 142.4
224 150.7
216 152.7
208 150.8
200 153.5
190 156.5
180 153
170 151.7
160 151.4
150 151.8
139 152.5
129 150.4
119 154.6
109 155.1
100 160.9
91 153.1
83 148.7
75 152.1
69 154.6
63 154.1
58 147.5
54 151.4
52 147.7
50 142.7
50 154
50 147.4
52 150
54 153.7
58 139.7
63 144.2
69 144.6
75 144.6
83 155.5
91 148.6
99 150.4
109 147.8
119 140.2
129 148.1
139 146.6
149 145.9
160 143.4
170 147.8
180 146.2
190 146.3
200 148
208 149.6
216 148.8
224 144.2
230 145.2
236 137.9
241 146.5
245 148.7
247 146.4
249 142.4
250 146.8
249 147.9
247 141.2
245 141.7
241 143.8
236 141.2
230 147.9
224 146.9
216 136.5
208 143.1
200 148.9
190 141.8
180 143.7
170 144.7
160 141.5
150 143.4
139 144.9
129 142.5
119 142.4
109 136.7
100 142.2
91 147.7
83 144.6
75 131.9
69 140.6
63 146.2
58 140.2
54 137.1
52 126.9
50 138.9