250 251.4
249 207.9
247 160.6
245 150.3
241 155.4
236 158.2
230 166.1
224 162.2
216 162.6
208 163.2
200 160
190 163.2
180 159
170 163.9
160 163.5
150 156.1
139 160.5
129 158.4
119 163.4
109 159.9
100 155.4
91 162.6
83 161.1
75 158.6
69 160.5
63 160.1
58 155.6
54 156.5
52 158.5
50 151.2
50 156.4
50 161.4
52 160.4
54 160.3
58 157.6
63 152.4
69 160.1
75 159.4
83 152.9
91 151
99 157.3
109 151.5
119 151.7
129 154
139 152.4
149 159
160 154.8
170 159.3
180 154
190 156.1
200 158.5
208 151.7
216 154.2
224 150.8
230 150.2
236 147.1
241 150.7
245 150.6
247 152.4
249 153.2
250 153.6
249 148.3
247 153.7
245 150.4
241 149.9
236 152.1
230 155
224 145.5
216 158.6
208 159.1
200 150.8
190 152.2
180 146.3
170 150.5
160 144.7
150 153.9
139 150.2
129 148.5
119 154.6
109 150.8
100 149.3
91 150
83 155.7
75 145.7
69 152.4
63 142.5
58 154.1
54 151.5
52 154.9
50 150.4