250 257.7
249 254.5
247 244.3
245 251.4
241 237.3
236 230.7
230 233.2
224 227.6
216 231.8
208 224.4
200 215.1
190 218.5
180 212.8
170 216
160 211.1
150 197.1
139 203.1
129 198.7
119 190.5
109 190.6
100 178.5
91 177.3
83 173.1
75 168.7
69 161.6
63 164.5
58 151.8
54 145
52 138.6
50 133.9
50 131.8
50 123.8
52 122.5
54 112.9
58 110.4
63 104.7
69 90.6
75 92.7
83 92.7
91 95.4
99 87.2
109 88.6
119 84.4
129 88.5
139 92.7
149 94.8
160 98.8
170 99.5
180 105.1
190 107.7
200 112.1
208 123.5
216 116.5
224 121.4
230 135.5
236 137.2
241 135.6
245 138.1
247 145.2
249 148.7