250 249.5
249 208.4
247 160
245 128.3
241 110.8
236 126.4
230 156.8
224 208.2
216 186
208 139.3
200 112.9
190 120.3
180 137.2
170 182.6
160 203.6
150 169.1
139 124.4
129 97.6
119 116.4
109 146.9
100 190.1
91 197.2
83 153.8
75 120.9
69 114.3
63 133.5
58 173.4
54 212.9
52 172.3
50 130.4
50 100.4
50 117.8
52 143.3
54 182.3
58 195.6
63 155.3
69 114.2
75 110
83 130
91 159.9
99 199.6
109 182
119 142.6
129 94
139 113
149 138.2
160 175.5
170 196.6
180 160.2
190 120.7
200 96.2
208 114.9
216 140.6
224 192
230 197.7
236 147.7
241 112.5
245 111.9
247 128.4
249 167.7
250 196.2
249 168.6
247 122
245 98
241 111.8
236 133.5
230 182.1
224 194.2
216 155
208 114
200 107
190 119.2
180 157.2
170 198.5
160 172.5
150 130.4
139 99.2
129 106.4
119 131.2
109 170.6
100 198.3
91 157.6
83 112.5
75 91.1
69 110.7
63 140.8
58 184.8
54 184.3
52 137.6
50 104.3
50 104.3
50 125.4
52 160.6
54 194.1
58 165
63 122.2
69 92.7
75 106.5
83 133.2
91 174.8
100 188.7
109 145.2
119 110.8
129 96.3
139 117.3
149 147
160 189.7
170 168.1
180 123.3
190 93.6
200 104.3
208 125.4
216 165
224 192.5
230 156.5
236 108.1
241 94.1
245 106.6
247 133.7
249 174
250 173
249 137.4
247 96.7
245 103.2
241 127.9
236 153.4
230 182.1
224 155
216 121.1
208 93.7
200 109.7
190 124.6
180 172.8
170 181.5
160 135.8
150 107.6
139 93.6
129 115.9
119 142.7
109 180.4
100 164.4
91 121.9
83 84.9
75 96.7
69 121.1
63 154.8
58 176.1
54 142.8
52 110.3
50 88.7
50 100
50 130.4
52 168.1
54 177.1
58 131.1
63 95.5
69 96.5
75 115.5
83 152.4
91 180.1
99 152.5
109 112.6
119 86.4
129 102.2
139 126.9
149 165.4
160 169.2
170 133.3
180 91.2
190 95.4
200 110
208 140.1
216 180.7
224 155.2
230 106.8
236 80.2
241 93.8
245 116.7
247 154.1
249 174.4