250 258.1
249 227.9
247 204.4
245 189
241 168.5
236 160.7
230 158.9
224 170.3
216 162.1
208 178.9
200 174.9
190 169.6
180 174
170 181.8
160 185.9
150 176.1
139 186.7
129 182.6
119 187.7
109 183.4
100 187.8
91 181.7
83 182.8
75 182.2
69 179.1
63 177.2
58 180.2
54 174.3
52 180.3
50 172.5
50 175.8
50 182.5
52 175.3
54 174.9
58 178.5
63 186.9
69 175.8
75 175.2
83 173.4
91 177.2
99 177.7
109 177.1
119 171.1
129 175.1
139 178.2
149 179.2
160 175.4
170 177.4
180 173.5
190 181.9
200 175.4
208 172.2
216 177.3
224 178.1
230 181.3
236 171
241 177.1
245 175.5
247 164.8
249 176
250 174.4
249 174.3
247 167.6
245 171.7
241 172.2
236 170.8
230 174.8
224 167.8
216 173.8
208 175.4