250 241
249 193.8
247 148.5
245 117.9
241 123.3
236 169.5
230 213.4
224 190.3
216 154.6
208 123.2
200 131.3
190 176.5
180 221.6
170 186.8
160 139.3
150 113
139 134.5
129 178.5
119 215.6
109 183.1
100 141.2
91 104.4
83 125.8
75 187.5
69 210
63 186.5
58 146.2
54 110.4
52 129.4
50 178
50 210.3
50 178.9
52 145.2
54 107.4
58 129.3
63 169.9
69 217.6
75 181.3
83 142.7
91 109.3
99 121.8
109 173
119 205.8
129 178.7
139 142.7
149 110
160 124.6
170 178.4
180 211.2
190 185.4
200 141
208 102
216 126.6
224 170.2
230 206
236 177.5
241 133.3
245 100.7
247 116.8
249 179.1
250 205.7
249 184.9
247 133.7
245 111.9
241 117
236 166.1
230 205.5
224 178.2
216 142.2
208 106.9
200 119.1
190 169.7
180 209.1
170 176.3
160 135.9
150 96.4
139 125.8
129 165.7
119 203.9
109 178.1
100 132.1
91 108.5
83 122
75 164.5
69 210.3
63 174.6
58 135.6
54 103.1
52 120.7
50 166.5
50 204.7
50 175.6
52 141.5
54 105.8
58 118.7
63 167.7
69 200
75 179.7
83 137.2
91 97.3
100 118.8
109 166.5
119 199.4
129 175
139 130.1
149 102.7
160 119.7
170 158.6
180 194.1
190 166.4
200 130.4
208 100.6
216 113.1
224 161.2
230 191.2
236 168.1
241 134
245 96.4
247 111.3
249 159
250 192.8
249 162
247 128.7
245 97.9
241 114.5
236 161.2
230 188.8
224 164.4
216 129.1
208 103.9
200 117.3
190 155.6
180 184.6
170 168.3
160 124.5
150 97.5
139 110.7
129 155.9
119 185.9
109 162.3
100 130.3
91 98.9
83 113.7
75 156.1
69 186.2
63 167.3
58 127.9
54 98
52 109.7
50 157.5
50 180.7
50 164.8
52 119.9
54 90.9
58 112.6
63 154.1
69 181.7
75 162.6
83 122.9
91 89.7