250 251.9
249 207.1
247 173
245 137.6
241 113.2
236 138.8
230 194.1
224 212.2
216 197
208 142.7
200 106.9
190 128.1
180 165.4
170 215.4
160 198.6
150 156.2
139 126
129 111.2
119 136.1
109 189.6
100 208.1
91 179.4
83 134.6
75 102.8
69 124.4
63 158.5
58 211.2
54 202.3
52 157.6
50 124.4
50 120.8
50 142
52 199.5
54 198.5
58 167.2
63 132
69 105.7
75 124.1
83 164.3
91 211.9
99 189.9
109 157.9
119 120.2
129 119.5
139 154.1
149 207.3
160 194.1
170 158.8
180 127.3
190 116.1
200 135.3
208 185.9
216 204.8
224 173.9
230 132.6
236 108.7
241 109.7
245 151.6
247 205.2
249 193.1
250 151.7
249 118
247 110.4
245 144.1
241 193.9
236 197.9
230 170.3
224 128.8
216 98.4
208 119
200 159.4
190 197.9
180 186.2
170 145.1
160 118
150 113
139 144.1
129 190.8
119 194
109 160.8
100 120.7
91 105.1
83 126.9
75 167.7
69 207.4
63 178.9
58 138.1
54 107.2
52 115.5
50 139.3
50 199.5
50 185.3
52 151.9
54 114.4
58 106.1
63 131.1
69 177.9
75 193.1
83 164.9
91 125.6
100 101.1
109 111.8
119 145
129 198.9
139 183.3
149 143.6
160 112.3
170 109.3
180 137.2
190 181.5
200 188
208 163.4
216 115.4
224 96.8
230 116.3
236 154.7
241 192
245 180
247 134.5
249 102.4
250 107.3
249 144.3
247 187.7
245 175.4
241 151.4
236 106.7
230 102.4
224 124
216 166.8
208 184.3
200 167.4
190 120.1
180 96.2
170 105.2
160 136.4
150 191
139 176.7
129 147.6
119 108.1
109 103.4
100 125.2
91 177.8
83 178.3
75 156.9
69 116.2
63 94.2
58 109
54 142.1
52 190.6
50 172.4
50 136.9
50 100.7
52 101.8
54 129.7
58 176.1
63 172.6
69 150.1
75 107.4
83 94.2
91 116.8
99 157.3
109 177
119 158.6
129 124.8
139 99.6
149 101.5
160 137.1
170 177.2
180 169.8
190 145.5
200 106.4
208 99
216 123.8
224 168.9
230 181.9
236 152.3
241 119
245 89.8
247 105.9
249 134.8