250 253
249 240
247 234.3
245 220.5
241 217.9
236 195.1
230 181.5
224 175.7
216 160.2
208 144.4
200 137.1
190 120.1
180 118.2
170 105.3
160 100.2
150 96.1
139 88.9
129 88
119 82.1
109 83.7
100 81.2
91 82.8
83 86.7
75 93.3
69 94.4
63 97.5
58 99.4
54 108.7
52 102.9
50 111
50 116.2
50 116.2
52 116.5
54 122
58 122
63 128.5
69 125.3
75 130.7
83 125.9
91 130.9
99 130.2
109 139.1
119 138.2
129 140.3
139 146.7
149 139.1
160 147.3
170 147.9
180 154.8
190 148
200 158.8
208 160.8
216 160.6
224 153.2
230 158.2
236 166.1
241 160.2
245 167
247 158
249 165.6