250 246.7
249 187.3
247 170.3
245 144
241 127.6
236 120.9
230 151.2
224 212.8
216 192.4
208 166.6
200 139.7
190 122.5
180 131.6
170 182.5
160 209.5
150 181.8
139 144.1
129 131.9
119 122.3
109 145.5
100 199.5
91 200.4
83 173.9
75 136.6
69 119.4
63 124.6
58 149.9
54 208
52 194.5
50 154.1
50 130.3
50 113.2
52 134.2
54 174.7
58 201.4
63 175.6
69 141.1
75 120.5
83 121.3
91 146.2
99 198.8
109 190
119 168.5
129 130
139 124.8
149 122.8
160 157.6
170 203.8
180 180.6
190 141.4
200 120.8
208 113.5
216 134.7
224 176.4
230 189.9
236 166.4
241 137.4
245 113.2
247 112.6
249 148.7
250 202.7
249 173.7
247 153.5
245 126
241 119.2
236 124.6
230 155.4
224 204.2
216 179.2
208 145.2
200 126.7
190 116.5
180 134.6
170 184.2
160 186.9
150 163.6
139 133.5
129 121.1
119 117.7
109 139.1
100 197.2
91 180.1
83 148.8
75 128.2
69 115
63 124.1
58 160.4
54 194.5
52 163.9
50 134.4
50 112.2
50 113.4
52 131.5
54 180.5
58 180
63 161.6
69 125.5
75 113.1
83 116.1
91 140.3
100 198.3
109 169.5
119 139.7
129 121.6
139 107.5
149 121.3
160 165.3
170 191.3
180 167.8
190 127.2
200 111.6
208 117.5
216 134.7
224 179.8
230 173.8
236 156.9
241 119.2
245 111.4
247 113.6
249 143.4
250 192.1
249 167.1
247 137.3
245 115.1
241 106.2
236 121.7
230 165.5
224 178.4
216 158
208 125.8
200 111.9
190 109.1
180 130.2
170 185.8
160 169.6
150 144.6
139 117.8
129 107.8
119 115.6
109 143.2
100 192.5
91 163.2
83 128.6
75 116.1
69 111.5
63 120.4
58 170.1
54 169.6
52 155.6
50 121.7
50 111.1
50 105.2
52 133.4
54 184.2
58 163.4
63 141.1
69 117.1
75 105.9
83 116.1
91 153.1