250 252.8
249 238.1
247 231.1
245 220.5
241 213
236 198.8
230 191
224 170.3
216 165.8
208 148.7
200 139.8
190 129
180 123.5
170 114.8
160 106.3
150 100.2
139 95.6
129 92.3
119 83.2
109 80.1
100 82.2
91 84.6
83 79.3
75 84.6
69 83.7
63 85.5
58 92.4
54 93.2
52 96.3
50 102.3
50 105.3
50 112.9
52 116.1
54 116.7
58 121.7
63 120.4
69 126.8
75 128.7
83 130.6
91 133.2
99 132.7
109 136.8
119 138.8
129 143.8
139 142.1
149 142
160 146.2
170 150.5
180 157.6
190 155.7
200 156.5
208 158.7
216 160.9
224 162.8
230 168.4
236 165.8
241 161.7
245 166.9
247 167.1
249 169.8