250 257.7
249 211.7
247 187.3
245 167.7
241 154.6
236 141.6
230 125.8
224 113.2
216 98.2
208 90.5
200 77.7
190 78.9
180 74.2
170 64.8
160 68
150 63.9
139 62.1
129 62.8
119 59.7
109 58.5
100 63.9
91 65.1
83 71.2
75 79.1
69 86.2
63 96.6
58 108.4
54 133.3
52 158.7
50 181.5
50 188.1
50 182.5
52 178.5
54 168.4
58 153.7
63 142
69 131.1
75 117.8
83 115.5
91 103.3
99 88.5
109 79.5
119 72.4
129 72.4
139 65.8
149 62.5
160 65.7
170 66.7
180 69.3
190 80.1
200 93.8
208 109.5
216 123.2
224 159.9
230 186.1
236 186.2
241 180
245 177
247 162.3
249 147.3
250 136
249 124.2
247 115.6
245 109.3
241 96
236 87.7
230 75.4
224 68.4
216 68.9
208 66.9
200 63.5
190 65.3
180 67.2
170 73.2
160 82
150 92.6
139 110.3
129 133
119 164.6
109 171
100 186.3
91 174.3
83 163.3
75 149.8
69 138.1
63 129.4
58 117.3
54 109.7
52 103.5
50 83.6
50 74.5
50 64.1
52 64.8
54 60.7
58 66.4
63 59.6
69 68.1
75 68
83 76.2
91 86.8
100 94.1
109 114.2
119 145
129 178.3
139 173.8
149 168.7
160 165
170 151.6
180 143
190 133.9
200 123.9
208 117.6
216 107.4
224 91.9
230 85.5
236 71.7
241 67
245 62.2
247 61.9
249 62.6
250 59.9
249 64.7
247 72
245 81.8
241 83.3
236 102.7
230 120.7
224 150.2
216 167.9
208 164
200 169
190 154.9
180 149.9
170 134.8
160 127.6
150 120.4
139 107.1
129 93.2
119 86.8
109 75.1