250 256.9
249 200.4
247 164.2
245 153.5
241 140.3
236 124.6
230 116.8
224 99.4
216 103
208 112.7
200 130.1
190 140.3
180 166.8
170 180.9
160 176.5
150 182.9
139 179.6
129 193.8
119 192.1
109 183.4
100 173.6
91 150.1
83 140.8
75 138.3
69 139.1
63 180.8
58 190.8
54 185.6
52 183.2
50 162.6
50 143.2
50 136.1
52 135.4
54 173.1
58 195.8
63 184.1
69 176.1
75 165.2
83 148.5
91 135.7
99 135.3
109 162.7
119 188
129 183.5
139 169.5
149 156.1
160 147.7
170 133.9
180 138.3
190 167.3
200 187
208 177.5
216 168.7
224 157.5
230 142.7
236 134.3
241 141.8
245 176.4
247 192
249 177.1
250 167.6
249 147.4
247 132.9
245 129.4
241 141.8
236 169.4
230 184.4
224 180.1
216 166.7
208 152.3
200 141.7
190 130.2
180 135.9
170 164
160 174.8
150 180.3
139 166.2
129 154.4
119 142
109 136.5
100 140.3
91 168.4
83 181.5
75 172.8
69 163.5
63 143.4
58 136
54 127.3
52 132.6
50 155.7
50 182.7
50 168.8
52 162.2
54 147.8
58 137.9
63 132
69 128.1
75 159.5
83 191.3
91 170.5
100 158
109 146.4
119 137.4
129 125.2
139 131.9
149 162.5
160 176.8
170 167.7
180 161.1
190 147.7
200 133.9
208 128.2
216 132.3
224 162.5
230 173.6
236 161
241 155.9
245 148.2
247 130.3
249 125.9
250 128.3
249 153.9
247 165.5
245 163.2
241 159.9
236 147.7
230 129.2
224 126.3
216 125.7
208 152.6
200 168.9
190 154.3
180 156.4
170 149.5
160 131.7
150 128
139 125.7
129 153.8
119 174.2
109 163.4
100 157.5
91 138.4
83 131.5
75 117.6
69 119.7
63 148.5
58 174.1
54 157.9
52 153.2
50 137.7