250 241.5
249 207.3
247 179.5
245 161.9
241 144.5
236 132
230 122.1
224 109.9
216 97.4
208 96.4
200 90.2
190 83.3
180 79.6
170 78.2
160 78
150 76.1
139 77.5
129 71.8
119 75.3
109 83.2
100 79.5
91 83.7
83 93.2
75 104.8
69 119.3
63 140.7
58 177.7
54 183.2
52 182.9
50 167.6
50 157.3
50 161
52 166.2
54 171.7
58 166.4
63 176.6
69 168.9
75 163.5
83 168.8
91 163.6
99 164.1
109 168.2
119 164.5
129 166.5
139 162.7
149 166.4
160 170.6
170 168.3
180 172.8
190 159.1
200 168.4
208 165.3
216 161.2
224 161.7
230 168.4
236 163.6
241 166.2
245 158.8
247 160.7
249 161.6
250 168.5
249 165.6
247 167.5
245 168.3
241 160.4
236 163.3
230 160.1
224 165.1
216 163.5
208 161.7
200 163.6
190 158.6
180 157.9
170 155.7
160 159.4
150 160.3
139 163.9
129 164.9
119 160.2
109 158.7
100 162.5
91 157.4
83 163.1
75 158.3
69 156.1
63 151.6
58 155.1
54 157.2
52 164.7
50 155.1
50 158
50 157.8
52 157.7
54 156.3
58 157.7
63 150.9
69 153.7
75 158.8
83 161.5
91 155.7
100 155
109 156.7
119 158
129 159.7
139 155.5
149 156.7
160 160
170 149.6
180 152
190 154.8
200 156.7
208 153.8
216 150.5
224 146.3
230 155
236 151.8
241 152.4
245 153.1
247 154.7
249 152.3
250 156.5
249 149.9
247 152.5
245 154
241 156.6
236 147.8
230 146.4
224 145.1
216 152.9
208 155.5