250 250
249 218
247 179
245 157.1
241 146.7
236 135.3
230 120.3
224 105.8
216 98.9
208 88.5
200 83.3
190 82.2
180 81.8
170 72.2
160 72.9
150 72.2
139 75.1
129 65.5
119 65.7
109 63.6
100 67.1
91 71.7
83 71.3
75 79.7
69 79.9
63 91.5
58 106.8
54 122.2
52 145.6
50 190.8
50 180.9
50 173.1
52 172.8
54 167.3
58 157.9
63 171.3
69 175
75 177.1
83 173.5
91 169.1
99 167
109 165.1
119 166.7
129 165.8
139 171.6
149 170.3
160 169.2
170 169.8
180 164
190 163.7
200 160.2
208 166.6
216 175.7
224 166.6
230 164.4
236 171.8
241 168
245 168
247 166.8
249 167.1
250 170.4
249 165.9
247 165.2
245 164.9
241 165.9
236 163.8
230 167.2
224 157.9
216 166.3
208 167
200 169.4
190 162.8
180 167.8
170 165.6
160 160.4
150 161.7
139 166.9
129 162.9
119 169
109 161.4
100 159
91 171.5
83 161.6
75 162.2
69 159.9
63 161.9
58 165.7
54 167.6
52 156.7
50 157.6
50 160.2
50 157.9
52 157.7
54 160.2
58 163.7
63 158.7
69 161.1
75 151.7
83 152.5
91 157.6
100 157.2
109 165.2
119 159.4
129 154.8
139 156.5
149 154.9
160 159.7
170 154.5
180 160.4
190 155.8
200 153.9
208 154.9
216 156
224 154.7
230 154.9
236 163.2
241 157.4
245 151.6
247 161.6
249 154.6
250 153.9
249 159.4
247 156.3
245 147.6
241 150.4
236 158.9
230 156.5
224 154.5
216 148.5
208 158.1
200 154.3
190 156
180 150.4
170 156.6
160 150.5
150 157.9
139 157.8
129 157.9
119 150.7
109 152.5