250 253.5
249 207.4
247 168.5
245 137.3
241 118.9
236 120.6
230 121.1
224 122.9
216 125.7
208 135.8
200 146.6
190 154.6
180 154.7
170 155
160 156.8
150 146.5
139 153.5
129 155.6
119 145.2
109 158.5
100 160.2
91 153.9
83 149.1
75 157.1
69 156.8
63 157.7
58 151.1
54 149.4
52 155.6
50 150.5
50 155
50 154.7
52 151.5
54 150.3
58 152.7
63 157.6
69 146.3
75 148.5
83 149.5
91 150.4
99 155.6
109 147.7
119 149.9
129 155.3
139 143.7
149 154.7
160 152.6
170 150.5
180 145.3
190 147.9
200 147.5
208 145.1
216 147.4
224 149.3
230 147.7
236 148.9
241 149
245 147.2
247 154.7
249 147.5
250 144.2
249 146.3
247 147.1
245 142.9
241 149.9
236 143.8
230 144.7
224 145.6
216 147.7
208 144.9
200 143.9
190 148.4
180 147.1
170 139.6
160 147.7
150 139.7
139 144.1
129 148
119 138.5
109 140.4
100 143.8
91 142.5
83 142.5
75 148.5
69 146.3
63 146.5
58 142.1
54 146.2
52 135.7
50 144.4
50 145.7
50 150.6
52 139.2
54 144.4
58 137.9
63 143
69 136.1
75 139.9
83 145.5
91 143.1
100 143.3
109 139.3
119 135.2
129 143.9
139 142.1
149 135
160 144.4
170 139.4
180 144.8
190 142.3
200 140.5
208 138.4
216 141.9
224 137.6
230 136.1
236 136.3
241 140.3
245 141.4
247 134.8
249 147.3