250 250
249 200.8
247 156.9
245 135.4
241 132.1
236 134.9
230 142.6
224 149.2
216 151.9
208 151.5
200 144.5
190 144.3
180 146.4
170 143.1
160 140
150 148.4
139 148.4
129 144.6
119 147
109 146.8
100 143.6
91 142.4
83 143.9
75 146.2
69 146.9
63 138.3
58 142.4
54 146.1
52 144.1
50 144.7
50 146.6
50 140.6
52 151
54 141.5
58 145.5
63 143.4
69 143.4
75 146.9
83 139.1
91 141.2
99 142
109 143.5
119 135
129 139.1
139 140.6
149 135.6
160 138.9
170 144.5
180 136.6
190 149.9
200 137.9
208 139.1
216 135.1
224 134.4
230 145
236 142
241 142.9
245 138.6
247 138.4
249 141.1
250 144.4
249 129.8
247 140
245 141.8
241 135.3
236 135.6
230 137.9
224 132.5
216 138.7
208 137
200 140.7
190 137.3
180 134.7
170 141.9
160 130.8
150 135.1
139 136.9
129 134.2
119 135.3
109 134.9
100 136.4
91 125.6
83 130.9
75 138.9
69 138.7
63 129.9
58 135.6
54 132.6
52 133.2
50 136