250 249.2
249 197.7
247 153.7
245 111.1
241 117.7
236 151.6
230 203
224 200.8
216 153.9
208 104.9
200 121.3
190 146.5
180 215.9
170 194.8
160 150
150 112.1
139 125.9
129 154.9
119 200.9
109 192.4
100 147.5
91 111.3
83 120.3
75 152.8
69 211.8
63 196
58 148.4
54 106.1
52 117
50 146.8
50 206
50 195.6
52 145.6
54 108.9
58 121.4
63 154.2
69 203.5
75 186.2
83 148.1
91 98.3
99 117.3
109 157.1
119 209.4
129 186.8
139 147.4
149 97
160 116.9
170 146.5
180 198.3
190 189.3
200 138.2
208 100.3
216 111.4
224 150.6
230 202.5
236 189.1
241 141.7
245 103.1
247 110.9
249 143
250 204.8
249 180.3
247 142.3
245 101.6
241 119.4
236 147.9
230 202.6
224 187.5
216 137.9
208 101.4
200 110.2
190 147.2
180 201.2
170 186.6
160 142.9
150 99.5
139 113.4
129 149.2
119 199.2
109 185.3
100 135.1
91 99.8
83 111.8
75 137
69 198.6
63 181.3
58 132.5
54 95.2
52 108.2
50 145.2
50 194.6
50 182.1
52 134.9
54 97.1
58 105
63 141
69 197.8
75 180.4
83 135.6
91 93.7
100 115.1
109 142.6
119 193.4
129 181.1
139 131.8
149 91.2
160 109
170 137.7
180 193.9
190 177
200 134.1
208 96.9
216 112.8
224 134
230 190.1
236 176.5
241 135.4
245 96.8
247 105.8
249 134.4
250 187.5
249 182.9
247 131.3
245 90.6
241 102.3
236 136.2
230 192
224 171.1
216 132.6
208 94
200 105.2
190 133.4
180 191.2
170 168.6
160 124.1
150 88.5
139 99.4
129 132.6
119 186.7
109 172.3
100 131.6
91 89.8
83 103
75 127.8
69 189
63 170.5
58 130.1
54 94.5
52 107.3
50 131.7
50 186.2
50 165.9
52 121.6
54 91
58 103.9
63 130.9
69 187.6
75 167.2
83 122.6
91 94.1
99 103.4
109 131.2
119 169.4
129 165.6
139 123.5
149 88.5
160 102.9
170 129.5
180 181.1
190 167.4