250 256.7
249 199.2
247 148.6
245 126
241 122.1
236 119.6
230 117
224 129.9
216 133.9
208 135.9
200 137
190 136.8
180 141.7
170 142.2
160 144.5
150 135.4
139 143
129 134.2
119 132.2
109 139.2
100 142
91 138.1
83 138.1
75 140.1
69 136
63 133.8
58 140.3
54 142.9
52 137.1
50 140
50 135.4
50 132.5
52 138.4
54 140.3
58 132.4
63 139.7
69 144.4
75 135.1
83 133.7
91 138
99 135
109 138.9
119 140
129 133
139 132.4
149 134.2
160 138.4
170 136.9
180 137.7
190 136.5
200 135.7
208 134.3
216 133.5
224 129.7
230 132.9
236 130.6
241 131.5
245 132
247 133.9
249 134.7
250 135.1
249 128.2
247 131.3
245 133.9
241 133.3
236 133.8
230 130.2
224 126.8
216 135.7
208 132.5
200 127.8
190 132.3
180 124.3
170 128.7
160 125.8
150 130.6
139 131.7
129 127.6
119 130.5
109 129.1
100 137.3
91 133.8
83 132
75 131.2
69 124.3
63 132.3
58 127.1
54 121.7
52 129.5
50 128.5
50 129.4
50 131.4
52 128.7
54 129.5
58 127.4
63 125.5
69 125.2
75 126
83 127.7
91 123.4
100 133.5
109 125.3
119 130.4
129 126.4
139 126.7
149 121.2
160 121.2
170 121.1
180 129.9
190 126.7