250 255.6
249 210.3
247 179.8
245 157.6
241 144.4
236 133.6
230 130.1
224 137.9
216 178.7
208 201.1
200 197.9
190 206.1
180 195
170 175.3
160 166.4
150 157.1
139 157.8
129 169
119 200.4
109 195.9
100 189.8
91 182.2
83 157.1
75 150.1
69 153.7
63 167.6
58 205.2
54 187.4
52 191.6
50 179.2
50 160
50 153
52 156.4
54 165.9
58 201.9
63 185.2
69 181.7
75 173.3
83 162.9
91 149
99 153.7
109 168.3
119 201.6
129 189.8
139 182.4
149 169.8
160 157.6
170 154.5
180 157.8
190 177.7
200 192.1
208 184
216 177.4
224 161.4
230 149
236 149.9
241 148.1
245 182.1
247 181.1
249 188
250 173.5
249 154.4
247 144.9
245 145.4
241 148.6
236 185.4
230 183.2
224 183.2
216 169.1
208 163.3
200 146.8
190 147.2
180 153.7
170 190.2
160 183
150 181.2
139 169.7
129 158.6
119 153.8
109 137.8
100 155.7
91 184.9
83 183.5
75 171.4
69 163.8
63 153.5
58 145.2
54 141.2
52 148.1
50 186.7
50 182
50 176.8
52 158.5
54 155.1
58 148
63 143.3
69 155.4
75 187.8
83 178.5
91 165.7
100 155.3
109 148.4
119 140.3
129 146.2
139 159.1
149 190.2
160 170.9
170 163.2
180 152.9
190 148.2
200 141.5
208 140.7
216 169.1
224 186
230 170.4
236 159
241 151.6
245 135.8
247 127.5
249 143.1
250 168.7
249 171.8
247 165.8
245 163
241 141
236 137.1
230 133.7
224 153
216 175.1
208 170.4
200 163.8
190 159.3
180 148.1
170 136
160 138.4
150 143.7
139 174.7
129 167.4
119 167.2
109 164.6
100 147.6
91 136.4
83 128.8
75 138.6
69 169.8
63 165.3
58 161.7
54 150.1
52 141.4
50 135.3