250 249.4
249 239.2
247 233.4
245 227.9
241 216.1
236 192.2
230 192.3
224 178.4
216 164.5
208 152.8
200 143.8
190 138.8
180 123.5
170 116.4
160 100.1
150 102.9
139 95.2
129 93.5
119 86.9
109 83.1
100 84.2
91 81.3
83 81.1
75 82.8
69 79.2
63 85.4
58 90.2
54 90.5
52 96.8
50 102.5
50 104.6
50 103.8
52 112.1
54 114.8
58 123.2
63 114.9
69 120
75 122.3
83 134.2
91 124
99 136.9
109 135.1
119 135.8
129 142.3
139 143.4
149 148.2
160 146
170 148.6
180 156.7
190 156
200 155.1
208 163.3
216 153.8
224 165.3
230 159.7
236 160.4
241 165.1
245 167.8
247 173.2
249 175.7