250 245.3
249 214.6
247 173.6
245 156.9
241 140.5
236 123.5
230 116.8
224 106.4
216 101.3
208 103.4
200 92.2
190 91.3
180 86.1
170 87.5
160 82.4
150 81.1
139 82.2
129 83
119 87.4
109 94.7
100 100.9
91 108.7
83 110.2
75 134.1
69 142.4
63 171.7
58 172.9
54 175
52 167.5
50 162
50 160
50 168.1
52 156.6
54 169.5
58 168.6
63 170
69 161
75 159.3
83 166
91 168.8
99 172.8
109 163.7
119 166.2
129 166.2
139 159
149 168.8
160 165
170 163.2
180 162.6
190 168.3
200 166.5
208 163.4
216 163.1
224 159.6
230 160.7
236 160.2
241 170.1
245 154
247 166.7
249 163.1
250 159.3
249 168.7
247 167.1
245 159.4
241 164.4
236 166.2
230 159.6
224 161
216 162
208 150.3
200 156.6
190 163.6
180 161.9
170 167
160 157.7
150 167.6
139 159.2
129 155.2
119 154.6
109 161.1
100 157
91 159.6
83 158.6
75 160.8
69 164
63 154
58 162.3
54 152.2
52 152
50 155.4
50 154.1
50 151.1
52 151.3
54 155.6
58 149.3
63 150.9
69 157.5
75 156.1
83 159.6
91 147.8
100 152.9
109 160
119 156.4
129 149.5
139 147.7
149 158
160 152.2
170 148.6
180 150
190 153.2
200 148.1
208 152.4
216 153.3
224 152
230 149.8
236 147.4
241 152
245 151.7
247 152.5
249 154.3
250 146.1
249 153.1
247 143.9
245 151.5
241 154.5
236 150.9
230 144.4
224 149.6
216 143.7
208 149.4