250 252.8
249 190.1
247 154.2
245 150
241 139.2
236 126.3
230 113.3
224 104.9
216 96.4
208 85.8
200 75.7
190 70.2
180 71.5
170 72
160 79.5
150 82.4
139 93
129 96.1
119 97.2
109 110
100 131
91 140.5
83 167.4
75 173.8
69 182.6
63 176.3
58 180.1
54 188.2
52 179.5
50 140.3
50 122.9
50 113.4
52 103.7
54 92.2
58 78.7
63 72.4
69 71.9
75 71.6
83 78.1
91 77.6
99 84.2
109 91.5
119 99.6
129 111.2
139 126
149 145.8
160 168.6
170 176.8
180 182.4
190 182.8
200 179.6
208 186.2
216 163.7
224 130.4
230 111.2
236 105.6
241 93
245 82.3
247 73.1
249 66.3
250 70.2
249 67.4
247 70.8
245 83
241 82.3
236 90.3
230 99.3
224 110.9
216 130.2
208 156.8
200 163.7
190 178.8
180 172.2
170 169.5
160 170.9
150 170
139 148.7
129 122.9
119 111
109 99.9
100 87.7
91 78.4
83 70.2
75 63.1
69 62.7
63 72.9
58 70.6
54 81.9
52 80.7
50 90.1
50 103.9
50 110.8
52 125
54 145.2
58 163.3
63 173.1
69 167.6
75 172.6
83 170.2
91 164.3
100 146.7
109 116.5
119 99.5
129 94.9
139 88.8
149 74.2
160 67.3
170 63.8
180 64
190 67.2
200 76.8
208 79.5
216 82.9
224 96.2
230 103.8
236 117.1
241 131.2
245 145.7
247 158.4
249 164.6
250 157.6
249 168.5
247 173.2
245 154.4
241 127.1
236 110
230 100.5
224 83.5
216 78.6
208 69.7
200 60.8
190 56.5
180 63.3
170 72.8
160 70.8
150 75.2
139 78.7
129 87
119 100.8
109 117.4
100 138.3
91 153.8
83 156.9
75 161.1
69 157.1
63 160
58 160
54 144.6
52 118.9
50 108.6
50 93.7
50 84.5
52 72.3
54 64
58 60
63 60.9
69 64
75 69
83 73.8
91 78.7