250 259.3
249 194.9
247 160.9
245 131.2
241 130.8
236 139
230 143.7
224 143.9
216 150.3
208 146.4
200 150.5
190 150.5
180 147.1
170 147.3
160 148.4
150 150.9
139 150
129 145.4
119 150.3
109 146.2
100 150
91 137
83 136.5
75 146.9
69 143.9
63 154.4
58 143.5
54 144.6
52 144.1
50 145.5
50 143.9
50 140.5
52 145
54 138.8
58 146.6
63 142.9
69 144
75 141.6
83 148.9
91 140.6
99 149.6
109 142.6
119 140.2
129 135.7
139 141.1
149 139.2
160 145
170 141.2
180 142.4
190 142.2
200 141.3
208 142.5
216 133.5
224 142.5
230 143.7
236 141.8
241 142
245 143.3
247 135.7
249 141.7
250 140.3
249 138.1
247 139.2
245 138.9
241 134.9
236 138.9
230 136.4
224 138.9
216 141
208 134
200 135.9
190 142.3
180 136.4
170 142.6
160 140.6
150 141.1
139 138.2
129 134
119 131.2
109 139.5
100 137.7
91 141.5
83 143.7
75 132.8
69 131.2
63 138.4
58 139.8
54 135.7
52 140.4
50 136.3