250 245.9
249 209.2
247 184.8
245 169.4
241 156.5
236 136.7
230 120.5
224 110.2
216 102.6
208 89.3
200 89.1
190 79.5
180 72.1
170 68.6
160 68.6
150 64.4
139 62.9
129 62.6
119 58.7
109 58.5
100 60.7
91 67.2
83 65.9
75 70.8
69 74.1
63 89.6
58 98.2
54 120.9
52 148
50 179.9
50 188.6
50 185.9
52 177.2
54 165.8
58 152
63 143.8
69 144.4
75 139.8
83 146.8
91 162.9
99 176
109 178.3
119 179.2
129 175.7
139 155.4
149 154
160 137.1
170 145
180 152.2
190 166.3
200 179.9
208 180.3
216 167.6
224 159
230 154.4
236 149.9
241 144.2
245 153.5
247 162.9
249 182.9
250 181.2
249 166.3
247 161.7
245 165.8
241 150
236 146.1
230 150.4
224 158.8
216 174.9
208 172.7
200 164.1
190 157.3
180 156.1
170 151.3
160 150.4
150 146.6
139 158.2
129 163.4
119 173.8
109 168.1
100 162.9
91 148.5
83 143.8
75 141
69 143.3
63 155.6
58 170
54 171.2
52 167.5
50 160.6
50 154.6
50 141.9
52 149.3
54 141.7
58 152.9
63 167.4
69 176.4
75 159.9
83 157.2
91 150.4
100 142.8
109 144
119 142.7
129 160.4
139 160.3
149 161.1
160 161.9
170 148
180 141.9
190 139.5
200 144.4
208 142.3
216 156.8
224 167.9
230 164.4
236 154.5
241 157.3
245 143.1
247 144.7
249 144.8
250 142.5
249 148.7
247 162.2
245 159.5
241 156.6
236 147.7
230 140.4
224 137.2
216 141.6
208 141.7
200 157.5
190 161.3
180 159.1
170 151.3
160 151.8
150 138.8
139 140.9
129 139.1
119 146.1
109 153.7