250 245.7
249 201.1
247 156.6
245 130.8
241 109.8
236 120.8
230 116
224 130.6
216 136.2
208 135.7
200 136.9
190 135.6
180 140.3
170 137.8
160 144.6
150 139
139 146.1
129 141.3
119 138.5
109 140.7
100 132.5
91 134.4
83 138
75 140.3
69 138.8
63 132.7
58 135.7
54 136.9
52 139.5
50 138.9
50 140.2
50 136.4
52 141.8
54 136.9
58 142.6
63 141.4
69 137.5
75 132.1
83 139.9
91 130.1
99 133.2
109 137.7
119 136.6
129 133.5
139 135.6
149 137.5
160 137.9
170 139
180 135.3
190 130.5
200 133.6
208 130.6
216 137.3
224 134.5
230 128.7
236 133.3
241 135.1
245 135
247 134
249 131
250 129.1
249 131.3
247 132.1
245 128.5
241 132.5
236 135.5
230 129.9
224 134.2
216 133
208 124.4
200 128.4
190 132.6
180 127.8
170 132
160 131.3
150 134.2
139 128.6
129 128.1
119 137.3
109 129.4
100 131.5
91 127.4
83 129.8
75 124.5
69 129
63 125.4
58 131.4
54 126.3
52 130
50 133.1
50 126.3
50 128.2
52 133
54 129
58 121.3
63 129.3
69 127.8
75 127
83 124.8
91 121.7
100 130
109 127.6
119 124.7
129 125.1
139 129.8
149 125.3
160 133.4
170 122.1
180 124.7
190 129.2