250 248.3
249 202.6
247 160
245 132
241 119
236 109.3
230 114.6
224 116
216 124.7
208 123.3
200 127.8
190 137.8
180 133.2
170 135.9
160 136.4
150 136.8
139 134.2
129 138.4
119 134.1
109 142.9
100 140.1
91 139.4
83 142.8
75 144.3
69 134.4
63 139.1
58 134.4
54 138.1
52 142.8
50 140.9
50 135.9
50 138.1
52 143.4
54 141.6
58 142.3
63 142.9
69 134.6
75 132.3
83 131.6
91 129.5
99 133.9
109 137
119 133.5
129 136.1
139 131
149 134.4
160 133
170 141.2
180 134.4
190 136.4
200 132.4
208 137.5
216 137.6
224 136
230 137.4
236 130
241 132.1
245 134.5
247 138.9
249 133.7
250 131.5
249 130.7
247 127.1
245 134
241 132
236 132.1
230 134.7
224 130.2
216 136.4
208 132.3
200 130.2
190 133.5
180 133.8
170 126.5
160 135
150 135.6
139 130.8
129 134.4
119 133.8
109 132.2
100 130
91 127.1
83 129.6
75 130.1
69 134.2
63 133.5
58 132.3
54 124.8
52 126.7
50 128.6
50 133
50 129.4
52 131.4
54 131.8
58 127.6
63 135.4
69 125.9
75 130.8
83 124.1
91 125.2
100 130.5
109 128.8
119 124.9
129 128.5
139 122.6
149 118.6
160 126.3
170 130
180 132.3
190 129.2