250 244.3
249 203.1
247 168.2
245 140.2
241 133.1
236 119.2
230 116.1
224 124.6
216 128.9
208 137.4
200 143.2
190 159.4
180 161.8
170 161.2
160 162.3
150 158.5
139 162.2
129 157.6
119 155.8
109 153.5
100 154.9
91 153.2
83 155.3
75 152.3
69 156.4
63 153.6
58 152
54 150.4
52 157.5
50 160.5
50 156
50 152.4
52 150.5
54 155.6
58 154.4
63 153.9
69 153.1
75 153.8
83 153
91 147.8
99 155.3
109 152.3
119 158.8
129 151.2
139 157.9
149 156
160 153.4
170 161.8
180 158.7
190 151.5
200 147.7
208 151.4
216 151.4
224 152.5
230 148.4
236 154.7
241 153
245 155
247 152.4
249 149.6
250 150.3
249 152.7
247 142.8
245 148.3
241 154.8
236 151.7
230 144.2
224 149.5
216 154.8
208 144.2
200 142.3
190 145.6
180 148.7
170 148.4
160 150.2
150 145.7
139 152.9
129 145.4
119 141.9
109 150.5
100 146.5
91 139.4
83 144.2
75 148.6
69 148.9
63 148.4
58 145.7
54 146.5
52 149.6
50 142.4
50 138.2
50 150.7
52 153.8
54 144.1
58 149.1
63 142.8
69 146
75 145.8
83 139.8
91 148.5
100 146.7
109 148.2
119 148
129 142.6
139 143.4
149 142.7
160 141
170 143.5
180 144.2
190 146.8
200 141.3
208 143.3
216 144.2
224 143.5
230 136.1
236 141.5
241 138.5
245 139.5
247 140.1
249 142.4