250 248.6
249 205.1
247 171.5
245 160.5
241 139.9
236 135
230 120.8
224 127.2
216 139.2
208 195.7
200 180.6
190 191.3
180 192.1
170 185.9
160 183.2
150 156.2
139 146.6
129 150.1
119 159.2
109 200.2
100 191.1
91 190.7
83 177.9
75 158.4
69 144.6
63 144.7
58 157
54 197.2
52 186.2
50 182.4
50 177.5
50 163.6
52 143.2
54 135.6
58 144.6
63 184.3
69 186.6
75 187.3
83 177
91 158.4
99 150.2
109 147.5
119 152.2
129 194.6
139 189.4
149 185.6
160 174.7
170 162
180 148.2
190 142.2
200 151
208 186
216 186.1
224 183.8
230 174.1
236 155.6
241 147.8
245 139.9
247 152.3
249 182.1
250 189.3
249 186
247 171.8
245 155.9
241 139.3
236 134.5
230 145.8
224 184.5
216 180.8
208 179.8
200 165.5
190 159.2
180 145.6
170 137.6
160 146.7
150 176.2
139 182.9
129 180.4
119 169.4
109 160
100 145.3
91 137
83 146.8
75 178.1
69 179
63 177.6
58 166
54 150
52 142.4
50 137.5
50 145
50 175.5
52 181.7
54 173.9
58 166.4
63 157
69 146.9
75 136.5
83 143.9
91 175.6
100 183.6
109 176.4
119 166.9
129 149.6
139 135.3
149 138.1
160 138.8
170 167.6
180 171.4
190 169.9
200 163.7
208 149.5
216 135.5
224 131.8
230 136.8
236 169.9
241 181.1
245 169.9
247 159.2
249 160.3
250 128.3
249 132.1
247 136.5
245 169.8
241 174.3
236 170.1
230 159.2
224 151.9
216 131.1
208 134.6
200 135.3
190 168.9
180 173.4
170 166.6
160 156
150 143.8
139 132.5
129 131.3
119 137.6
109 171.4
100 176.6
91 174.1
83 157
75 142.8
69 129.6
63 125.1
58 128.4
54 158.4
52 165.7
50 157.3