250 248.1
249 198.9
247 145.9
245 127.1
241 127.7
236 119.4
230 130.2
224 134.1
216 135.6
208 144
200 140.8
190 143.5
180 136.7
170 137.3
160 141.9
150 146.8
139 145.1
129 135.4
119 139.4
109 136.4
100 138.2
91 137.3
83 140.6
75 131.9
69 136.2
63 136.3
58 139.7
54 138.2
52 137.1
50 134.1
50 136.7
50 128
52 130.6
54 133.4
58 136.1
63 138.2
69 140
75 136.2
83 133
91 133.3
99 135.4
109 130.6
119 134.7
129 133.9
139 133.2
149 136.2
160 131.9
170 132.4
180 128.7
190 135.4
200 135.3
208 138.2
216 133.9
224 131.4
230 136.2
236 133.8
241 134.7
245 135.6
247 135
249 137.1
250 134.6
249 135.2
247 133.9
245 134.7
241 130.7
236 129.6
230 140.8
224 133.5
216 136.6
208 132.5
200 131.9
190 133.4
180 137.6
170 127.5
160 132.2
150 134.8
139 132.2
129 133
119 127.2
109 131.4
100 130.9
91 134.3
83 135.4
75 129.3
69 123.7
63 134
58 134
54 126.5
52 123.3
50 126.6
50 126.4
50 124.6
52 122.5
54 129.4
58 124.8
63 129.8
69 131.5
75 122.2
83 127.2
91 127.1