250 253.8
249 203.6
247 172
245 132.5
241 116.9
236 133.4
230 174.6
224 217.6
216 193.7
208 140.5
200 106.4
190 119.7
180 152.8
170 200.4
160 200.8
150 160.3
139 120.6
129 111
119 139.8
109 193.6
100 207.2
91 171.8
83 126.2
75 107
69 124.6
63 162
58 219.3
54 191.9
52 150.9
50 114
50 129.2
50 144.1
52 200.8
54 194.1
58 154.2
63 119.4
69 113.6
75 141.1
83 182.3
91 204.3
99 160.9
109 124.4
119 102.2
129 120.4
139 161.7
149 205.5
160 177
170 135.2
180 104.9
190 112.9
200 136.9
208 194
216 188.8
224 156.8
230 115
236 112.1
241 140.6
245 182.6
247 192.8
249 171
250 124.7
249 105.2
247 123.8
245 153.6
241 204.3
236 180.9
230 136
224 102.6
216 117.8
208 141.3
200 196.8
190 187.6
180 153.6
170 114.3
160 106.4
150 128.7
139 179.9
129 195.7
119 154.1
109 121.8
100 98.8
91 123.2
83 149.7
75 198.6
69 174.7
63 129.6
58 97.1
54 106.4
52 138.1
50 188.7
50 183.8
50 145.9
52 114.1
54 104.6
58 130.9
63 183.7
69 189.3
75 167.6
83 119
91 92.3
100 116.8
109 144.3
119 196.8
129 176
139 127.5
149 105.5
160 112.7
170 136.1
180 183.2
190 183.2
200 143.7
208 108.5
216 106.2
224 126.5
230 166.7
236 188.6
241 150.4
245 111.6
247 93.9
249 111
250 144.9
249 191.5
247 172.8
245 129.5
241 98.5
236 103
230 137.8
224 178
216 183.4
208 142.4
200 105.3
190 104.6
180 128.7
170 165.6
160 180
150 152
139 115.5
129 93.4
119 110.5
109 147.2
100 182.4
91 168.9
83 130.9
75 93
69 112.8
63 127.6
58 176.2
54 179.8
52 139.3
50 97.9
50 101.8
50 117.2
52 161.9
54 184.2
58 146.6
63 115.9
69 91.2
75 104.9
83 136.5
91 182.5
99 166.8
109 129.6
119 99
129 101
139 118.8
149 176.1
160 166.1
170 140.3
180 99.8
190 92.1
200 116.3
208 160.7
216 184.1
224 156.3
230 107.1
236 89.6
241 105
245 140.7
247 185.8
249 160.1