250 255.5
249 191.3
247 151.9
245 109.4
241 123.4
236 154
230 216.3
224 193.2
216 149.5
208 109.1
200 124.9
190 161.2
180 226.8
170 189.5
160 155.4
150 104.7
139 122.9
129 160
119 215
109 196.6
100 142.1
91 97.7
83 122.2
75 160
69 216.5
63 191.1
58 139.4
54 103.1
52 122.2
50 165
50 208.3
50 187.9
52 143.1
54 103.3
58 120.1
63 165.1
69 216.8
75 190
83 145.9
91 99.1
99 120.1
109 155.6
119 220.6
129 186.7
139 134.3
149 102.7
160 119.3
170 158.9
180 205.5
190 187.9
200 139.7
208 98
216 121.8
224 158.2
230 213.5
236 186
241 132.4
245 103.4
247 115.1
249 159.7
250 205.4
249 176.3
247 140.1
245 99.2
241 119
236 161.3
230 213.9
224 181.6
216 137.6
208 96.2
200 115.8
190 149.9
180 204.1
170 183.9
160 137
150 99.7
139 112.2
129 150.1
119 208.6
109 174
100 131.8
91 95
83 115.6
75 153.5
69 203.6
63 183
58 138.5
54 99.5
52 112.4
50 154
50 195
50 180.6
52 127.8
54 95.8
58 108.8
63 151.6
69 196.8
75 171.6
83 127.1
91 94.4
100 109.9
109 147.4
119 202.6
129 176.9
139 128.4
149 91.3
160 110.1
170 146.4
180 204.9
190 173.9
200 131.8
208 92.3
216 113
224 149.2
230 192.6
236 169.7
241 126.3
245 87.2
247 113.1
249 141.9
250 193.7
249 168.8
247 133.3
245 94.3
241 105.1
236 148.1
230 195.1
224 165.3
216 121.7
208 88.6
200 107.9
190 144.1
180 191.5
170 164.1
160 136.5
150 86.9
139 101.8
129 149.4
119 184.7
109 165.5
100 119.1
91 88.2
83 109.3
75 146.6
69 194.7
63 165.6
58 125.1
54 90.8
52 109.9
50 145.6
50 188.4
50 166.1
52 126.8
54 92.3
58 106.2
63 141.4
69 191
75 164.3
83 129.9
91 87
99 103.4
109 139.5
119 186.1
129 161.9
139 131.6
149 89
160 105.6
170 142.9
180 188.8
190 161.9