250 243.7
249 210.4
247 164.7
245 139
241 125.7
236 117.1
230 117.8
224 118.4
216 127.8
208 122.8
200 133
190 149.3
180 156.2
170 159.6
160 159.5
150 163.2
139 156.2
129 152.2
119 155.9
109 154
100 161.2
91 157.8
83 154.1
75 161.8
69 160.9
63 155.9
58 156.2
54 150.5
52 153.2
50 156.9
50 163.3
50 151.5
52 160.6
54 156.6
58 154.5
63 152.2
69 150.9
75 160
83 155.8
91 153.4
99 156.8
109 148.9
119 148
129 152.2
139 149.1
149 154.8
160 145.7
170 156.6
180 155.7
190 150.1
200 149.7
208 151.1
216 146.7
224 153.6
230 149.2
236 158.2
241 151.6
245 148.8
247 149.3
249 150.7
250 152
249 146.4
247 152.2
245 149.5
241 147.4
236 154.4
230 153.5
224 144.9
216 145.6
208 152
200 145.1
190 149.6
180 147.4
170 151.4
160 149.8
150 143.1
139 145.6
129 147.1
119 149.8
109 143.1
100 143.9
91 149.5
83 140.2
75 146
69 143.5
63 148.3
58 147
54 148.5
52 148.5
50 144.9
50 150.1
50 146.8
52 144.4
54 140.1
58 154
63 144.9
69 144.1
75 146.1
83 145.7
91 145.9
100 146.3
109 142.2
119 140
129 140.9
139 144.3
149 149.2
160 144.5
170 141.3
180 144.4
190 136.3
200 144.8
208 140.4
216 147.9
224 149.4
230 144.2
236 139.2
241 140.2
245 142.7
247 142.8
249 139.7