250 253.1
249 237.4
247 225.9
245 224.9
241 205.8
236 190.1
230 174.4
224 165.3
216 151
208 135.6
200 126.8
190 117.4
180 115.5
170 105.5
160 94.8
150 87.4
139 83.1
129 84.7
119 85.4
109 83.8
100 79.3
91 89.9
83 83.7
75 90.7
69 96.9
63 94.1
58 98.2
54 105.1
52 109.3
50 114.4
50 109.7
50 116.7
52 120.9
54 123.3
58 120.8
63 125.3
69 134.5
75 122.6
83 124.6
91 131.2
99 133.4
109 134.5
119 127.6
129 135.3
139 139.8
149 136.8
160 134.6
170 139.8
180 142.5
190 141.9
200 142.4
208 137.4
216 146.7
224 144.6
230 142.5
236 148.2
241 151.7
245 152.4
247 152.1
249 148.9