250 247.2
249 196.7
247 152.7
245 111.7
241 127.8
236 164.2
230 219.8
224 194.3
216 161.3
208 118
200 128.7
190 178.1
180 224.9
170 194.3
160 144.6
150 105.1
139 126.7
129 180.6
119 219.2
109 178.1
100 142.1
91 109.6
83 133.7
75 180.8
69 207
63 184.6
58 151
54 110.5
52 135.6
50 176.5
50 209.8
50 185.7
52 134.8
54 103.4
58 122.2
63 177.9
69 208.6
75 182.5
83 137.2
91 106.8
99 132.5
109 174.2
119 211.8
129 185.5
139 141.4
149 105.7
160 121.1
170 174.4
180 209.4
190 177
200 136.3
208 109.3
216 126.9
224 173.9
230 202.9
236 188.1
241 139.8
245 102.5
247 135
249 170.1
250 200
249 178.2
247 133
245 98
241 123.7
236 175.5
230 210.8
224 180.1
216 140.3
208 100.6
200 121.6
190 167
180 209.5
170 178.1
160 137.8
150 107.6
139 120.8
129 170.4
119 203.6
109 174.3
100 136.3
91 99.5
83 115
75 163.7
69 204.8
63 182.1
58 135
54 103.1
52 117.1
50 167.6
50 202.2
50 170.7
52 135.7
54 104.5
58 117.4
63 162.5
69 203.5
75 175.2
83 130.1
91 102.8
100 115.4
109 165.8
119 193.6
129 175.7
139 135.7
149 105.4
160 110
170 156.3
180 197.5
190 175.5
200 135.1
208 95.2
216 118
224 154.4
230 196.6
236 176.6
241 125.5
245 96.7
247 117.3
249 164
250 195.2
249 165.3
247 129.8
245 100.5
241 111.4
236 160.8
230 187.3
224 176
216 130.3
208 98
200 109.7
190 157.6
180 191.6
170 162.2
160 126.7
150 98.3
139 114.9
129 152.3
119 185.6
109 163.7
100 129.3
91 93.5
83 112.7
75 157.6
69 185
63 163.5
58 123.2
54 93.2
52 107.2
50 153.9
50 194.1
50 160
52 121
54 92.7
58 117.9
63 154.2
69 186.2
75 160.7
83 120
91 97.1