250 260.9
249 196.4
247 170.2
245 154.6
241 155.6
236 163.5
230 161.6
224 166.7
216 160.9
208 162.6
200 162.7
190 157.3
180 160.7
170 161.8
160 158.3
150 159.4
139 165.4
129 164.5
119 160.4
109 154.2
100 162.1
91 163.3
83 161.1
75 159.4
69 164.1
63 157.3
58 166.3
54 162.9
52 158.9
50 161.1
50 158.8
50 157.5
52 160.2
54 158.5
58 163.4
63 156.5
69 158.6
75 152.8
83 160.9
91 158
99 159.1
109 152.4
119 156.6
129 148.2
139 156.1
149 157.1
160 146.9
170 155.8
180 155.9
190 155.8
200 154.9
208 156.5
216 159.8
224 152
230 155.5
236 150.4
241 149.4
245 158.2
247 157.3
249 151.5
250 149.1
249 155.5
247 147.1
245 151.3
241 148.4
236 155.7
230 154.4
224 156
216 150.6
208 158.3
200 150.7
190 155
180 145.3
170 153.1
160 152.5
150 157.9
139 150
129 152.5
119 152.5
109 144.9