250 248.9
249 203.9
247 161.3
245 144.7
241 134.4
236 119.5
230 100.4
224 93.1
216 83.9
208 80.4
200 82.4
190 90.9
180 99.2
170 104.8
160 122
150 135.1
139 143.7
129 166.6
119 186
109 194.3
100 191.7
91 194.6
83 195.2
75 180.9
69 172.9
63 187.8
58 180.9
54 174.2
52 155.9
50 138
50 132.1
50 124.2
52 131.6
54 183.3
58 185.4
63 180.1
69 173.1
75 161.2
83 135.6
91 123.8
99 115
109 136.1
119 176.5
129 181.2
139 178.5
149 171.4
160 148.5
170 139.6
180 121.9
190 124.4
200 139.1
208 179.5
216 171.8
224 180.2
230 168.1
236 151.6
241 129.2
245 123.5
247 122.6
249 128.9
250 173.4
249 178
247 176
245 170.8
241 153.5
236 132.4
230 115.5
224 118.9
216 134.1
208 172
200 178.4
190 173.4
180 165.8
170 149.8
160 140.6
150 130.1
139 117.3
129 135.3
119 170.8
109 179.3
100 169.7
91 169.9
83 148.4
75 134.8
69 120.5
63 122.7
58 132.7
54 169.8
52 172.5
50 165.3
50 169
50 143.8
52 128.9
54 123.9
58 120.4
63 131.5
69 173
75 165.2
83 174.9
91 158.9
100 144.7
109 119.7
119 114.8
129 117.7
139 128.2
149 172.1
160 174.8
170 164
180 155.7
190 143
200 130.1
208 118.6
216 112.3
224 122.9
230 162.6
236 169.7
241 161.9
245 154
247 141.1
249 126.9
250 122
249 107.7
247 123.5
245 158.8
241 166.3
236 167.9
230 154.9
224 136.9
216 118.7
208 108
200 108
190 119.8
180 160.7
170 164.6
160 166.5
150 158.8
139 139.3
129 127.3
119 110.8
109 106
100 121
91 159.7
83 159.5
75 164.6
69 151.1
63 132.2
58 124
54 109.8
52 109.5
50 121.6