250 249.4
249 199.3
247 160
245 119.4
241 109.5
236 129.2
230 158.6
224 206
216 180.9
208 136.4
200 100.8
190 111.9
180 138.4
170 184.3
160 206.2
150 164.5
139 120.9
129 103.8
119 125.7
109 150.2
100 200.2
91 189.7
83 130.8
75 108.9
69 112.6
63 135.4
58 174.6
54 204.8
52 165.4
50 122.8
50 105.5
50 125.1
52 146.9
54 194.6
58 189.8
63 145
69 106.5
75 117.9
83 135.1
91 173.8
99 203.3
109 161.7
119 115.5
129 102.8
139 117
149 138.9
160 193.7
170 187.8
180 146.9
190 104.5
200 110.6
208 129
216 167.5
224 201.2
230 166.1
236 123.9
241 94.2
245 111.4
247 132
249 187.1
250 186.8
249 141.3
247 107
245 110.7
241 133.9
236 171.2
230 193.6
224 170.4
216 116.4
208 92
200 108.2
190 134
180 179.2
170 183.6
160 133.9
150 101.8
139 112.5
129 124.1
119 154.8
109 198.2
100 163.5
91 117.4
83 95.5
75 110.6
69 131.8
63 177.7
58 184.2
54 148.7
52 107.7
50 108.1
50 119.9
50 155.7
52 189.3
54 165.2
58 118
63 91.8
69 103.9
75 136.3
83 172.1
91 190.2
100 156
109 106.9
119 93.1
129 113.1
139 138.4
149 185.5
160 175.8
170 123.5
180 93.4
190 107.4
200 118.3
208 168.9
216 190.4
224 162.7
230 102.9
236 92.6
241 108.9
245 138.8
247 182.8
249 177.2
250 129.4
249 87.9
247 105.3
245 118
241 160.9
236 185.3
230 149.1
224 109.9
216 92.7
208 105.1
200 128.5
190 179.4
180 174.7
170 132.6
160 96.6
150 110.1
139 121
129 161.8
119 187.7
109 153.2
100 106.8
91 88.6
83 100.9
75 124.5
69 172.4
63 165.9
58 133.2
54 99.5
52 104
50 116.3
50 155.3
50 180.6
52 152
54 108.1
58 82.1
63 103.6
69 130
75 161
83 171.5
91 126.8
99 91.4
109 95.6
119 117.5
129 146.5
139 171.3
149 148.9
160 106.7
170 78
180 99.9
190 121.7