250 246.2
249 213
247 176.2
245 150.3
241 146.2
236 148.4
230 141.8
224 152.4
216 149.5
208 158.4
200 156.9
190 159.1
180 153
170 153.9
160 153.3
150 159
139 156.2
129 156.3
119 150.1
109 156
100 157.8
91 157.9
83 156.5
75 153.2
69 154.6
63 146.7
58 156.3
54 152.9
52 150.4
50 147.4
50 152.7
50 149.1
52 146.9
54 142
58 154.6
63 152.3
69 148.8
75 146.7
83 151.3
91 146.4
99 148.9
109 151
119 156.4
129 156
139 142.4
149 145.7
160 145.6
170 148.6
180 152.9
190 147.3
200 150.9
208 138.1
216 154.6
224 144.1
230 144.9
236 144.4
241 146.1
245 147.1
247 149
249 148.4
250 152.3
249 143.9
247 147.4
245 140.5
241 154.6
236 145.9
230 144.1
224 146.2
216 143.8
208 139.6