250 246.7
249 212.1
247 179.1
245 168.4
241 153.8
236 143.2
230 149.2
224 176.6
216 209.3
208 204.7
200 202.2
190 191.6
180 191.9
170 171.7
160 160.2
150 169.2
139 177.2
129 194.7
119 195.1
109 197
100 188.4
91 171.9
83 172.9
75 160.9
69 178.2
63 198
58 195.5
54 190.4
52 172.4
50 169
50 158.4
50 165.2
52 179.4
54 203.5
58 199
63 191.2
69 181.4
75 160.6
83 158.2
91 163.4
99 187.5
109 196.2
119 195.3
129 178
139 173.4
149 160.3
160 161.9
170 175
180 191.6
190 196.4
200 178.7
208 169.3
216 169.9
224 159.8
230 154.1
236 178.1
241 195.8
245 185.3
247 186.3
249 171.8
250 160.6
249 159.7
247 167.4
245 188.3
241 190.7
236 187.4
230 176.7
224 167.3
216 159.7
208 152.7
200 163.6
190 182.2
180 188
170 182.6
160 170.8
150 168.9
139 159.2
129 155.9
119 169
109 190.9
100 185.3
91 185.1
83 170.8
75 158.7
69 156.4
63 156.9
58 176.6
54 184.2
52 183.3
50 171.6
50 168
50 161.1
52 147.9
54 158.1
58 176.4
63 182.3
69 179.5
75 170
83 154.1
91 153.9
100 153.4
109 168.2
119 176.2
129 176.5
139 163.4
149 158.9
160 156.5
170 147.2
180 150
190 165.6
200 181.4
208 177.4
216 174.5
224 155.6
230 149.6
236 151.3
241 153.2
245 175.2
247 184
249 175.2
250 162.4
249 155
247 139.9
245 147.6
241 153
236 179.2
230 172.5
224 170.5
216 159.1
208 157.1
200 145.5
190 144.6
180 161.7
170 182.9
160 177.8
150 164.6
139 162.1
129 143.6
119 146.4
109 150.1
100 166.6
91 173.4
83 165
75 166.7
69 157.8
63 140.6
58 142.4
54 156
52 171.2
50 172.8