250 246.5
249 211
247 152.7
245 132.3
241 128.3
236 133.6
230 140.1
224 145.1
216 148.5
208 149.9
200 146.1
190 140.6
180 139.7
170 146.5
160 144.9
150 146.8
139 143.9
129 136.5
119 140.1
109 146.8
100 145
91 147.6
83 141
75 139.9
69 143.5
63 146
58 140.3
54 142.3
52 144.1
50 140.1
50 146.9
50 142
52 141.6
54 144.1
58 148.4
63 150.9
69 141.8
75 145.5
83 138.8
91 135.6
99 134.2
109 141.8
119 142
129 141.3
139 142.5
149 143.5
160 143.4
170 134.3
180 138.2
190 129.8
200 145.7
208 136.1
216 146.2
224 139.9
230 138.6
236 143.3
241 143.7
245 133
247 130.1
249 134.3
250 141.3
249 134.3
247 140.5
245 139.8
241 134.6
236 140.5
230 135.8
224 133.5
216 136.7
208 135.7
200 140.8
190 145.7
180 131.4
170 134.2
160 137.1
150 130.4
139 135.6
129 135.1
119 132.3
109 131.7
100 132.6
91 135.6
83 139.7
75 136.4
69 133.1
63 135
58 134.2
54 126.9
52 134.4
50 135.9