250 253.2
249 210.2
247 171
245 144.9
241 133.3
236 122.7
230 124.4
224 119.8
216 114.2
208 112.8
200 113.5
190 119.1
180 123.2
170 118.2
160 123.6
150 127
139 129.1
129 133.6
119 146.6
109 150
100 153.8
91 155.9
83 158.3
75 158
69 160.5
63 154.8
58 162.1
54 160.5
52 152.7
50 150.8
50 156.1
50 150.7
52 148.8
54 162.8
58 153.8
63 153.8
69 160.5
75 151.8
83 158.5
91 156.3
99 152.9
109 147.2
119 157.3
129 154.6
139 146.1
149 150.8
160 151.3
170 148.9
180 162.3
190 152.3
200 156.5
208 151.4
216 147.5
224 155.8
230 151.8
236 152.3
241 154.8
245 147
247 150
249 155.3
250 142.6
249 146
247 157.1
245 154.2
241 147.8
236 153.2
230 150.6
224 147.9
216 148.5
208 148.8
200 155.6
190 148.3
180 146.1
170 148.2
160 146.2
150 151
139 150
129 152.5
119 148.8
109 147.4
100 142.1
91 144.9
83 146.9
75 141.9
69 140.2
63 141.7
58 144.8
54 145.7
52 143.5
50 146.5
50 142.5
50 148.4
52 139
54 139.8
58 141.7
63 147.7
69 146
75 144.6
83 147.3
91 144.4
100 138.5
109 144.2
119 141.1
129 143.5
139 141.8
149 148.4
160 144.5
170 138.4
180 146.4
190 143.3
200 144.5
208 139.1
216 142.3
224 141.2
230 141.5
236 142.9
241 135.7
245 147.2
247 134.1
249 145.2
250 139.7
249 140.2
247 152.2
245 139.4
241 143.3
236 136.8
230 143.2
224 141.7
216 142.6
208 138.1