250 258.8
249 193.8
247 156.1
245 117.4
241 114.3
236 154.6
230 206.5
224 198.2
216 152.7
208 112
200 120
190 147.7
180 208.5
170 197.5
160 153.5
150 110.7
139 120.8
129 150.1
119 209.2
109 197.1
100 153.6
91 110.7
83 113.3
75 144.1
69 204.1
63 195.3
58 146.9
54 107.3
52 116.9
50 151.1
50 202
50 189
52 150.5
54 101.8
58 121.3
63 143.4
69 207.7
75 195.1
83 139.4
91 109.3
99 115.5
109 142.2
119 204.4
129 188.3
139 147.5
149 103.2
160 115.7
170 151.8
180 206.3
190 194.1
200 143
208 100
216 115.1
224 145.7
230 197.4
236 181.6
241 143
245 102.2
247 110.8
249 150.7
250 196.8
249 188.3
247 140.5
245 98.7
241 120.3
236 148.4
230 196.1
224 180.6
216 146.2
208 105.4
200 116.4
190 148
180 199.7
170 180
160 139.3
150 94.4
139 114.7
129 138.7
119 197.4
109 186.4
100 134.4
91 94.7
83 114.8
75 146.7
69 197.2
63 183.9
58 137.6
54 102.7
52 113.7
50 136.9
50 195.6
50 177
52 132.2
54 97.6
58 105.7
63 139.8
69 192.5
75 178.6
83 138.3
91 95.4
100 106.6
109 144.9
119 196.6
129 175.4
139 135.1
149 94.3
160 108.7
170 140.2
180 193
190 178.8
200 134.3
208 94.2
216 111.1
224 134.6
230 185.4
236 170.5
241 138.1
245 94.5
247 107
249 140.5
250 188.8
249 180.6
247 133
245 91.7
241 104.5
236 134.9
230 182.3
224 173.2
216 134.7
208 91.2
200 103.2
190 128.3
180 184.1
170 169.5
160 132.8
150 95.4
139 102.7
129 128.9
119 191.7
109 169.8
100 128.3
91 90.8
83 106.1
75 130.2
69 185.8
63 166.2
58 132.6
54 92.4
52 104.5
50 133.1
50 184.3
50 170.4
52 126.4
54 90.1
58 101.7
63 137.8
69 176.7
75 170.7
83 130
91 89.4
99 97.6
109 131.5
119 174.9
129 166.5
139 127.9
149 93.7
160 106.1
170 134.4
180 172
190 164