250 260
249 189.4
247 174.7
245 160.7
241 150
236 141.2
230 133.1
224 137
216 131.4
208 128.7
200 128.3
190 129.7
180 139.5
170 172.4
160 186.5
150 149.7
139 139.1
129 136.5
119 126.8
109 131.8
100 125.8
91 118
83 134
75 141.3
69 163.4
63 185.2
58 153.8
54 144.9
52 137.3
50 128.5
50 123.5
50 119.4
52 122.1
54 124.1
58 132.8
63 161.4
69 177.7
75 164
83 135.7
91 127.4
99 134.8
109 127.6
119 122.8
129 125.5
139 129.7
149 132.6
160 153.7
170 179.4
180 171.2
190 138.1
200 129.3
208 129.5
216 123.1
224 118.2
230 113.4
236 122.1
241 124.2
245 145.1
247 183.4
249 172.2
250 139.2
249 137.1
247 129.9
245 123.4
241 121.8
236 115.6
230 116
224 131.8
216 138.7
208 170.4
200 169.8
190 132.6
180 134.2
170 127.6
160 116.9
150 123.3
139 117.4
129 113.5
119 129.2
109 138.2
100 165.3
91 167.9
83 138.5
75 130
69 123.2
63 124.5
58 117.8
54 122.6
52 117.5
50 121.5
50 136.6
50 155.6
52 164.3
54 142.3
58 126.4
63 125.1
69 119.2
75 118.9
83 118.7
91 115.1
100 126.7
109 128.8
119 155.6
129 172.1
139 140.2
149 128.8
160 122.9
170 118.7
180 112.9
190 114
200 115
208 115.3
216 125.6
224 147.5
230 168.5
236 144.5
241 132.1
245 124.5
247 121
249 116.7
250 107.6
249 108.2
247 114.2
245 118.4
241 138.6
236 165.5
230 150
224 127.3
216 123.9
208 117.3
200 113.9
190 117.3
180 108.5
170 113.4
160 117.5
150 141.3
139 160.8
129 153.6
119 126.9
109 124.7
100 114.5
91 110.5
83 106
75 111.8
69 110.5
63 117.3
58 130
54 161.1
52 154.4
50 122.7
50 123.6
50 112.2
52 113.4
54 108.4
58 111.9
63 104.8
69 116.2
75 125.6
83 155.4
91 151.2