250 253.3
249 206.7
247 158.1
245 138.1
241 142.8
236 149.3
230 143.1
224 151.8
216 156.3
208 152.4
200 153.3
190 157.6
180 152.7
170 155.5
160 155.3
150 162.3
139 144.6
129 147.6
119 146.6
109 150.5
100 150.3
91 156.6
83 150.2
75 149.8
69 147.8
63 148.7
58 145.9
54 150.8
52 152.3
50 154.1
50 148.6
50 150.5
52 146.6
54 148.8
58 143.4
63 151.8
69 149.3
75 141.4
83 150.9
91 146.5
99 145.3
109 156.7
119 154.8
129 143.1
139 156.2
149 148
160 149.5
170 149.3
180 150.1
190 147.6
200 140.4
208 150.3
216 142.7
224 143.2
230 148.8
236 146.1
241 138.4
245 144.7
247 152.9
249 139.7
250 144.8
249 149.8
247 143.2
245 144.4
241 138.2
236 141.2
230 142.2
224 147.3
216 140
208 139.5
200 140.7
190 149.5
180 139.9
170 144.2
160 147.6
150 148.6
139 139.3
129 142.6
119 140.4
109 145.6
100 140.1
91 137.5
83 144.1
75 142.5
69 145.6
63 134.8
58 142.7
54 143.3
52 143.2
50 144.8