250 251
249 202.8
247 172.5
245 137.9
241 109.2
236 130
230 183.3
224 223.8
216 199.6
208 154.9
200 114.7
190 128.8
180 160.2
170 218.2
160 207.4
150 168.5
139 127.1
129 115.7
119 143.3
109 192.6
100 213.4
91 181.9
83 137.5
75 109.6
69 121.9
63 163
58 212.7
54 195.9
52 162
50 123.1
50 114.7
50 139.4
52 194.6
54 205.1
58 184.2
63 139.6
69 107.5
75 123.1
83 154.1
91 205.7
99 199
109 154.6
119 122.6
129 108.1
139 137.8
149 184.1
160 198.7
170 184.2
180 136
190 101.1
200 118.2
208 155.1
216 200.8
224 189.4
230 161.4
236 118.3
241 109.8
245 132.4
247 189.3
249 203.1
250 178.3
249 135
247 101.5
245 119.8
241 147.2
236 199.6
230 189
224 161.4
216 119.8
208 110.3
200 132
190 183.4
180 192.4
170 173.9
160 142.5
150 100.7
139 117.5
129 142.5
119 204.1
109 189.9
100 153.2
91 117.7
83 107.4
75 136
69 179.1
63 203.2
58 172.5
54 130.5
52 100.4
50 112.7
50 151.6
50 194.8
52 187.2
54 153
58 106.1
63 103.9
69 130.6
75 174.8
83 184.7
91 171.2
100 124.4
109 98.6
119 113.4
129 143.1
139 192.7
149 189.4
160 143.2
170 111.7
180 105.2
190 122.9
200 177.7
208 195.2
216 166.7
224 134.4
230 98.8
236 113.6
241 144.9
245 192.6
247 183.5
249 144.3
250 116.3
249 104.3
247 122.8
245 172.5
241 182.5
236 162.7
230 125.9
224 100.1
216 108.8
208 138.5
200 184.7
190 179.1
180 154.5
170 115.2
160 97.5
150 119.5
139 175.6
129 184.8
119 167.6
109 130.5
100 93.5
91 107.2
83 140.3
75 191.7
69 174.4
63 147.3
58 113.3
54 98.5
52 122.6
50 166.9
50 180.3
50 155.6
52 119.1
54 92.4
58 104.8
63 138.9
69 181.6
75 170.1
83 146.6
91 107.5
99 96.7
109 122.2
119 165.6
129 179.2
139 160.5
149 120.9
160 98.4
170 105.9
180 140.2
190 178.2
200 174.9
208 140.3
216 112.1
224 95.9
230 126.4
236 168.8
241 184.8
245 154.5
247 119.4
249 91.1