250 251.5
249 195.9
247 165.2
245 147
241 135.4
236 128.5
230 123.6
224 144.9
216 184.3
208 198.7
200 156.2
190 145.5
180 131.5
170 126.4
160 132.8
150 164.4
139 216.8
129 182.6
119 144.9
109 130
100 121.6
91 121.2
83 140.3
75 196.9
69 191.9
63 159
58 143.1
54 127
52 119.5
50 136.9
50 174.2
50 206.5
52 174.4
54 145.1
58 126.2
63 124.3
69 129.5
75 149.7
83 202.1
91 176.7
99 145.6
109 132.9
119 117.8
129 123.6
139 137.4
149 181.7
160 191.4
170 157.2
180 125
190 123.2
200 122.3
208 128.1
216 160.5
224 204.9
230 178.1
236 136.8
241 130.7
245 124.3
247 123.8
249 143.2
250 194.8
249 171.7
247 143.6
245 133.3
241 123.5
236 114.4
230 130.3
224 168.7
216 188.6
208 167.2
200 130
190 129.3
180 120.8
170 117.5
160 148.1
150 197.6
139 174.6
129 138.6
119 127.3
109 119.4
100 118.8
91 142.6
83 168
75 171.5
69 151.2
63 130.2
58 116.5
54 113.2
52 116
50 154.5
50 194.8
50 160.7
52 132.6
54 125.7
58 117.7
63 114.4
69 141.7
75 188.6
83 173.1
91 137.5
100 127.5
109 113.1
119 115.2
129 125.7
139 169.3
149 179.4
160 149.7
170 134.2
180 118.7
190 112.3
200 113
208 144.7
216 185.2
224 164.7
230 130.8
236 123
241 111.5
245 117.8
247 131.7
249 172.6
250 173.9
249 140.5
247 127.3
245 111
241 106.2
236 118.6
230 150.5
224 188.6
216 163.3
208 129.7
200 128.1
190 105.2
180 111
170 128.6
160 183.1
150 166.4
139 136.6
129 125.6
119 109.9
109 108.3
100 121.9
91 162
83 175.5
75 144.1
69 120.6
63 115.6
58 106.2
54 112.3
52 139.7
50 190.4
50 165.3
50 122
52 115.6
54 107.6
58 107.8
63 121.7
69 162.1
75 165.3
83 139.3
91 117.7