250 246.4
249 202.2
247 164.9
245 138.6
241 143.8
236 145.5
230 149.7
224 151
216 150.7
208 153.7
200 156
190 158.9
180 155.2
170 149.9
160 156.6
150 153.2
139 150.4
129 156.3
119 147
109 154.6
100 149.1
91 154.1
83 161.8
75 152.3
69 150.3
63 147.6
58 151.9
54 148.9
52 153.2
50 150.8
50 144.1
50 143.9
52 145.7
54 150.3
58 150.1
63 139.2
69 148.9
75 148.9
83 146
91 144.8
99 144.4
109 143.4
119 143.7
129 148
139 147.1
149 144.9
160 145.5
170 147
180 149.6
190 151.5
200 141.6
208 145.4
216 142.4
224 146.4
230 148.3
236 144.7
241 145.2
245 146.9
247 141.9
249 143
250 151.7
249 142.9
247 146.4
245 143.2
241 146.2
236 143.6
230 143.3
224 139.7
216 140.7
208 146.5
200 147.2
190 138.3
180 142.2
170 139.4
160 146.6
150 142.7
139 142.6
129 146.2
119 141.4
109 142