250 248.6
249 203.3
247 172
245 132.1
241 118.9
236 132.3
230 181.4
224 209.6
216 190
208 145.5
200 109.4
190 128.6
180 157.1
170 205.5
160 207.5
150 155.5
139 119.9
129 112.3
119 149
109 194.3
100 199.9
91 174.2
83 131.8
75 107.4
69 121.3
63 168.5
58 212.2
54 192.7
52 143.2
50 109.1
50 120.8
50 149.5
52 205.5
54 190.7
58 154.5
63 118.9
69 113.7
75 139.6
83 193.7
91 197.3
99 165.7
109 127.2
119 108.9
129 127.7
139 161.3
149 206
160 184.1
170 138
180 107.4
190 120
200 146
208 197.8
216 194.3
224 152.7
230 113.5
236 113.4
241 136.7
245 182.7
247 203.6
249 163
250 126.5
249 99.2
247 119
245 161
241 207.1
236 177.5
230 141.1
224 106.9
216 111.7
208 143.2
200 193.2
190 188.7
180 149.5
170 116.1
160 109.7
150 142.9
139 176.1
129 197.9
119 151.5
109 118.8
100 101
91 117.9
83 155.4
75 201.5
69 185.1
63 130.3
58 102.7
54 115.1
52 140.4
50 189.3
50 186.4
50 146.7
52 112.6
54 102.9
58 127.2
63 181.1
69 187.3
75 156.6
83 116.2
91 95
100 120.4
109 150.9
119 196.8
129 169.7
139 131.1
149 103.5
160 108
170 138.4
180 194.2
190 176.5
200 146.8
208 104
216 106.6
224 127.5
230 170.1
236 191.1
241 156.2
245 116.3
247 99.3
249 113.4
250 148.6
249 192.7
247 180.7
245 127
241 98.1
236 110
230 137
224 175.1
216 175.7
208 143.8
200 109.9
190 96.8
180 126.4
170 175.5
160 178.1
150 152.7
139 112.2
129 99.3
119 110.8
109 147.1
100 191.6
91 166.1
83 128.6
75 93.1
69 98.1
63 131.1
58 183
54 169.9
52 138.6
50 103.1
50 102.7
50 123.5
52 163.7
54 177.5
58 145.1
63 111
69 87.1
75 103.3
83 142.5
91 193.1
99 165.2
109 126.5
119 95.3
129 98.9
139 129.6
149 170.8
160 171.4
170 134.4
180 98.4
190 95.1
200 118.7
208 167.8
216 179.1
224 141.4
230 112.8
236 91.8
241 108.7
245 136.1
247 181.8
249 160.7