250 248.3
249 221.6
247 206.2
245 181.3
241 159
236 152.5
230 163.2
224 194.4
216 208.8
208 206.6
200 218.8
190 206.5
180 213.1
170 207.5
160 190.3
150 197.5
139 204.3
129 194.3
119 193.2
109 199.8
100 195.8
91 203.8
83 199
75 199.4
69 201.8
63 199.2
58 194.8
54 188.9
52 201.4
50 195.5
50 190.6
50 200.4
52 192.3
54 186.6
58 197.8
63 203.2
69 189.6
75 197.4
83 197.1
91 191.7
99 189.4
109 190.7
119 187.7
129 190.4
139 193.4
149 190.1
160 192.6
170 186.5
180 188
190 197
200 190.6
208 182.6
216 191.3
224 193.1
230 181.9
236 193
241 192.9
245 186.5
247 184
249 193.5
250 187.8
249 187.9
247 184.5
245 184.4
241 183.4
236 190.3
230 189.9
224 177.2
216 190.5
208 189.4
200 185.8
190 185.2
180 177.4
170 177.5
160 181.7
150 192.9
139 182.3
129 186.6
119 182
109 181.2
100 185.7
91 181.5
83 185
75 182.6
69 186.3
63 175.6
58 182.6
54 184.3
52 180.3
50 186.9
50 181.3
50 186
52 186.7
54 180.7
58 176.3
63 186
69 178.6
75 183.5
83 178.1
91 179
100 185.3
109 186.4
119 176.6
129 179.8
139 181.6
149 178.7
160 179.1
170 176.7
180 181.8
190 180.3
200 175.5
208 182.8
216 175.4
224 177.9
230 179.4
236 182.7
241 175.4
245 179.5
247 176.9
249 176.3
250 183
249 173.8
247 179.8
245 185.2
241 169.9
236 169.6
230 171.4
224 175.9
216 169.6
208 170.7
200 172.5
190 176.2
180 178.4
170 178.1
160 172.7
150 177.1
139 175.3
129 172.5
119 174.7
109 174.9