250 253.3
249 202.8
247 155
245 139.4
241 131.9
236 142.2
230 141
224 150.9
216 143.1
208 158.6
200 150.3
190 148.5
180 149
170 150.3
160 158.2
150 144.8
139 148.2
129 155.8
119 149.7
109 145.6
100 149.6
91 145.7
83 149
75 145.4
69 147.6
63 145.3
58 140.2
54 140.6
52 140.7
50 148.7
50 140.8
50 139.7
52 148.2
54 139.2
58 145.2
63 142.3
69 148
75 145.7
83 143.8
91 143.9
99 145.2
109 143.2
119 141.1
129 146.1
139 139.8
149 140.8
160 138.2
170 141.9
180 146.9
190 138.8
200 141.8
208 138.6
216 144.1
224 139
230 145.3
236 141
241 140.2
245 140.1
247 146.5
249 141
250 140.8
249 144.5
247 143.9
245 144.4
241 140.5
236 141.6
230 144.4
224 140.4
216 139.1
208 143.1
200 142.7
190 138.2
180 139.4
170 140
160 139.7
150 138.9
139 141
129 135.9
119 141.1
109 140.2
100 136.2
91 138.8
83 132.1
75 135.9
69 140.9
63 137.6
58 137.5
54 141
52 133
50 132.2