250 250
249 186.8
247 164.1
245 151.4
241 150
236 135.1
230 129.1
224 125.6
216 115.5
208 118.8
200 104.4
190 106.2
180 105.4
170 93.8
160 82.7
150 76.7
139 80.7
129 82.6
119 86.7
109 92.8
100 103.3
91 129.3
83 148.8
75 173.6
69 186
63 183
58 190.2
54 172.7
52 141.6
50 128.2
50 119
50 117.2
52 103.5
54 105.5
58 100.9
63 95.4
69 86.9
75 77.6
83 74.5
91 76.3
99 81.5
109 91
119 103
129 124.7
139 142.9
149 170.3
160 187.7
170 183.6
180 180.8
190 164.8
200 145.7
208 129
216 115.7
224 111.8
230 110.2
236 102.3
241 92.7
245 94.9
247 86.1
249 75
250 71.5
249 75.1
247 79.6
245 89.9
241 100
236 112.5
230 139.5
224 165.8
216 178.9
208 175.2
200 176.9
190 174.9
180 146.8
170 122.4
160 118.9
150 114.5
139 109.6
129 105.2
119 100.9
109 89.6
100 82.2
91 74.5
83 71.7
75 70.2
69 75.1
63 83.5
58 89.9
54 110
52 124.4
50 152.4
50 173
50 177
52 168.8
54 176.1
58 145.8
63 125.7
69 120.4
75 110.1
83 106.8
91 100.6
100 92.2
109 88.2
119 84.2
129 76.1
139 71.2
149 66.7
160 70.2
170 75.4
180 86.9
190 106.4
200 115.9
208 149.5
216 167.2
224 165.9
230 163.1
236 171.5
241 145.6
245 120.6
247 112.9
249 105.5
250 99.3
249 98.3
247 94.2
245 87.4
241 75.2
236 78.2
230 66.7
224 66.9
216 69.1
208 75.4
200 84.8
190 96.9
180 113.8
170 136.8
160 153.8
150 162.1
139 162.6
129 162.3
119 152.2
109 123.6
100 119.3
91 107.7
83 102
75 98.7
69 94.3
63 89.7
58 84.6
54 72.9
52 68
50 69
50 64.3
50 73.3
52 82.8
54 93.8
58 104.8
63 125.1
69 151.7
75 153.3
83 154.5
91 165.9