250 250.3
249 246.5
247 245.7
245 241
241 245.3
236 231.1
230 229.8
224 226.5
216 218
208 217.1
200 222
190 218.3
180 207.7
170 202.1
160 192.1
150 205.5
139 197
129 189.4
119 184.8
109 173.6
100 170
91 173.6
83 165.7
75 160.5
69 158.6
63 151
58 149.6
54 135.5
52 134.2
50 134.8
50 122.4
50 117.8
52 111.9
54 108.6
58 102.8
63 101.2
69 98.7
75 95.5
83 90.8
91 90.4
99 93.1
109 91.8
119 94.8
129 98.3
139 98.9
149 102.8
160 107.4
170 109
180 115.5
190 114.8
200 116.8
208 126.4
216 135.9
224 133.4
230 137
236 141.6
241 138.5
245 149.5
247 136.3
249 145.8