250 263.5
249 195
247 154.5
245 129.7
241 127
236 133.8
230 133.1
224 141.2
216 139.5
208 147.2
200 142.8
190 139.5
180 143
170 143.6
160 139.4
150 143.2
139 149.3
129 143.4
119 142
109 146.3
100 144.1
91 145.2
83 143.4
75 140.4
69 144.9
63 143.6
58 144.6
54 140.8
52 140.8
50 141.8
50 137.7
50 141.3
52 139.9
54 143.7
58 139.6
63 144.2
69 133.8
75 136.9
83 140.4
91 137
99 141.1
109 133.7
119 140.8
129 134
139 138.9
149 138
160 138.7
170 141.2
180 135.2
190 141.7
200 140.8
208 137.9
216 138.6
224 137.5
230 136.7
236 139.5
241 141.5
245 138.7
247 137.7
249 135.4
250 139.6
249 135
247 139.5
245 134
241 136.5
236 138.9
230 137.5
224 137
216 132.8
208 137.7
200 128
190 129.8
180 139.2
170 139.5
160 131.1
150 133.8
139 129.8
129 135.7
119 134.8
109 137.1
100 132.7
91 129.6
83 134.7
75 125.7
69 134
63 128.7
58 134.3
54 132.9
52 136.2
50 128.8
50 136.6
50 124.6
52 138.4
54 129.7
58 131.2
63 135.8
69 132.6
75 128.3
83 130.7
91 132.7