250 247.8
249 194.4
247 167.4
245 125.5
241 109.7
236 121.1
230 158.6
224 195.1
216 192.4
208 139.2
200 102.9
190 118.8
180 136.4
170 174.8
160 208.7
150 167.1
139 127.8
129 97.9
119 116.9
109 142.6
100 175.8
91 205.4
83 158.9
75 118.7
69 101.9
63 118.5
58 144.7
54 194.1
52 194.4
50 142.9
50 105
50 116
52 130.9
54 163.7
58 210.7
63 175.8
69 115.6
75 100.7
83 111.8
91 130.3
99 174.5
109 196.9
119 155.4
129 119.5
139 98.3
149 110.9
160 140.8
170 181.4
180 196.7
190 150.2
200 110.1
208 111.3
216 130.3
224 155.9
230 197.7
236 177
241 125.5
245 95.1
247 107.3
249 133.3
250 166.3
249 191.1
247 169.3
245 122.8
241 93.7
236 108.6
230 128.6
224 171.5
216 191.1
208 150.6
200 107.3
190 95.8
180 117.7
170 140.2
160 177.7
150 183.1
139 134.3
129 104.5
119 108.9
109 125.2
100 156
91 195.4
83 169.6
75 120.8
69 85.8
63 109
58 122.1
54 172.7
52 192.1
50 157.9
50 108.3
50 94.1
52 109.9
54 136
58 181.2
63 178.7
69 135.2
75 105.4
83 103
91 122.1
100 158.3
109 197.4
119 155.2
129 122.5
139 96.1
149 104
160 122
170 154.5
180 194
190 153.5
200 114
208 93
216 103.7
224 131.6
230 165.8
236 177.4
241 144.6
245 106.4
247 96.1
249 116.5
250 137
249 181.5
247 169.8
245 125.9
241 93.6
236 100.4
230 121.2
224 150.5
216 188.8
208 153.4
200 109.9
190 88
180 101.1
170 119.3
160 156.5
150 181.4
139 154.7
129 106.3
119 92.4
109 109.5
100 127.1
91 171.7
83 169.6
75 127.4
69 94.5
63 107.1
58 113.1
54 141.6
52 178.8
50 156.1
50 108.8
50 85.3
52 97.2
54 114.3
58 147.6
63 170.7
69 147
75 103.6
83 87.3
91 101.9
99 120.2
109 166.8
119 169.8
129 132.7
139 99.4
149 92.7
160 101.5
170 139
180 172.7
190 155.6