250 256.3
249 195.8
247 157.4
245 131.5
241 128.8
236 126.9
230 136
224 139.9
216 144.9
208 141.8
200 138.7
190 148.5
180 144.8
170 138.5
160 143.6
150 135.7
139 141.8
129 152
119 144.8
109 141.7
100 142.7
91 146.6
83 135.7
75 140.9
69 143.7
63 143.6
58 138.8
54 138.1
52 142.2
50 137.4
50 149
50 136.4
52 137.6
54 144.1
58 130
63 139.4
69 146.8
75 142.1
83 136
91 138
99 136.7
109 134.1
119 139.6
129 137.1
139 145.2
149 146.2
160 138.4
170 134.2
180 143.5
190 139.3
200 141.2
208 135.2
216 136.6
224 134.5
230 140.7
236 138.6
241 141
245 131.8
247 129.4
249 137.9
250 144.8
249 139.9
247 133.9
245 135
241 140
236 135.8
230 135.9
224 138.5
216 131.8
208 137.3
200 139.1
190 140
180 130
170 138.7
160 142.2
150 138.4
139 139.2
129 128.9
119 127.1
109 133.4
100 137
91 137.9
83 126.2
75 137
69 133.8
63 135.4
58 138
54 133.9
52 133.8
50 130.1
50 133.6
50 131.9
52 129.2
54 135.5
58 125.6
63 130.9
69 129.3
75 138
83 132.9
91 131.6