250 245.4
249 198.5
247 149.9
245 111.5
241 127.1
236 162.4
230 213.9
224 201
216 150.8
208 114.9
200 124.6
190 153.2
180 209.9
170 189.7
160 150.9
150 106.6
139 118.2
129 157.7
119 220.7
109 190.1
100 145.4
91 100.6
83 119.2
75 158.4
69 219.5
63 191.1
58 149.4
54 101.6
52 116.7
50 162.1
50 214.1
50 187
52 141.4
54 100.3
58 116.9
63 154
69 210
75 191.5
83 144.4
91 101.9
99 120.4
109 155.3
119 214.2
129 185.2
139 139.3
149 99.6
160 120.2
170 151.1
180 210.6
190 187.6
200 139.2
208 95.9
216 116.9
224 151.1
230 209.7
236 180.7
241 135.9
245 98.3
247 114.2
249 153.8
250 206.4
249 181
247 145
245 104.4
241 116
236 150.6
230 205.2
224 188.5
216 141.1
208 100.2
200 114.3
190 147
180 198.3
170 179.1
160 135.2
150 100.2
139 116.3
129 145.1
119 200.2
109 178.8
100 139
91 98.3
83 114.8
75 144.8
69 200.3
63 178.5
58 136.3
54 96.3
52 115
50 152.7
50 202.5
50 175.3
52 133.9
54 97.1
58 107.1
63 147.9
69 200.3
75 181
83 137.6
91 95.1
100 108.4
109 142.1
119 195.7
129 176.2
139 130.3
149 95.1
160 111.7
170 143.2
180 194.1
190 178.7
200 135.4
208 92.5
216 108.2
224 142.7
230 187
236 176.3
241 127.8
245 92.7
247 109.5
249 143.4
250 194
249 170.8
247 129.3
245 92.8
241 108
236 138.6
230 192.6
224 176.5
216 127.4
208 93.3
200 102.1
190 140.1
180 194.7
170 170.3
160 130.7
150 93.2
139 108.9
129 130.6
119 189.2
109 175.4
100 130.2
91 94.9
83 101.2
75 140.1
69 184.2
63 168.1
58 130.6
54 87.3
52 109.6
50 141.7
50 188.8
50 159.5
52 122.3
54 89.9
58 102.8
63 134.8
69 187.1
75 171.5
83 129.5
91 89.6
99 104.6
109 137.2
119 185
129 171.8
139 127
149 93.2
160 100
170 137.3
180 186.4
190 169