250 249.6
249 201.5
247 153.5
245 121.1
241 122.7
236 124.2
230 129.6
224 140.3
216 132.8
208 137.4
200 140.9
190 142.2
180 143.1
170 139.9
160 139.5
150 141.5
139 138.4
129 141.7
119 135.7
109 134.6
100 137.1
91 137.5
83 141.3
75 134.2
69 134.3
63 147.2
58 145.1
54 137.1
52 136.1
50 135.9
50 141.2
50 137.1
52 135.6
54 141.2
58 138.2
63 135.3
69 137.8
75 136.3
83 140.4
91 139.5
99 135.5
109 135.2
119 138.3
129 135.1
139 130.5
149 140.2
160 132.6
170 137.4
180 137.2
190 135
200 131.3
208 132
216 135.9
224 135.8
230 133.4
236 139.3
241 139.7
245 137.7
247 138
249 134.2
250 133.9
249 133.3
247 131.2
245 139.8
241 128.4
236 136.8
230 129.5
224 137.4
216 136.1
208 135.4
200 136.7
190 135.5
180 131.7
170 126.9
160 139.5
150 129.4
139 130.7
129 130.7
119 139.1
109 131.4
100 137.1
91 133.1
83 135.1
75 132.8
69 133.7
63 129.9
58 133.2
54 131.7
52 126.4
50 131.8
50 132.2
50 134.5
52 126.7
54 132.6
58 119.3
63 127.5
69 133.4
75 130.2
83 125.5
91 132.6