250 250.2
249 214.4
247 165.2
245 148.8
241 130.6
236 125.6
230 120.4
224 113.4
216 116.4
208 111.2
200 112.6
190 111.4
180 108.4
170 108.6
160 115
150 116.8
139 115.8
129 112.1
119 113.8
109 115.4
100 122.2
91 113.3
83 123.2
75 125.5
69 128.9
63 134.9
58 143
54 149.5
52 155.4
50 167.8
50 165.6
50 159.3
52 154.1
54 160.8
58 170.1
63 158.9
69 153.4
75 153.3
83 154.6
91 156.6
99 158.5
109 156.3
119 156.1
129 152.8
139 156.1
149 161.9
160 160.4
170 153.3
180 164.9
190 154.5
200 148.6
208 157.4
216 155.8
224 153.1
230 154.7
236 157.9
241 153
245 154.8
247 157.2
249 154.3
250 154.8
249 149.8
247 156.2
245 157
241 156.1
236 154.1
230 148.1
224 158.6
216 150
208 154.3
200 145.9
190 146.8
180 153.1
170 144.2
160 152.2
150 149
139 161.1
129 153.7
119 151.7
109 148.4
100 148.2
91 156.2
83 155.8
75 152.6
69 153.2
63 144.2
58 144.6
54 148
52 150.2
50 154.5
50 146.3
50 151.3
52 146.6
54 150.6
58 149.5
63 147.4
69 149.6
75 152.1
83 148.9
91 151.9
100 143
109 146.6
119 147.3
129 146.9
139 145.1
149 155.3
160 141.5
170 149.1
180 145.2
190 142.9
200 140.6
208 144
216 153.5
224 147.9
230 143.2
236 140.5
241 146.9
245 139.8
247 144.2
249 144.4
250 141.7
249 144.4
247 140
245 141.8
241 143.8
236 144.8
230 145.9
224 145.8
216 144
208 139.6