250 246.7
249 207.6
247 162.6
245 141.2
241 139.2
236 136.1
230 143.1
224 146.7
216 147.3
208 141.1
200 146.5
190 145.4
180 150.5
170 145.2
160 144.1
150 143
139 142.8
129 146.7
119 142.8
109 143.7
100 145
91 144.4
83 148.5
75 143.9
69 140.1
63 133.6
58 141.5
54 139.7
52 142.5
50 146.4
50 145
50 147.8
52 143.4
54 137.6
58 141.6
63 139.4
69 146.3
75 145.6
83 147.4
91 142.4
99 144
109 135.9
119 139.4
129 143
139 137.8
149 132.2
160 133.4
170 142.4
180 142.6
190 141.9
200 141.8
208 139.4
216 140.8
224 135.5
230 138.3
236 132.2
241 134.5
245 140
247 136.8
249 135.7
250 136.6
249 136.4
247 133.6
245 137.7
241 136.8
236 130.6
230 135.9
224 131.8
216 138.6
208 137.3