150 152.6
160 164.5
170 180.3
180 176.3
190 160.8
200 142.1
208 130.2
216 130.7
224 122.8
230 121
236 118.1
241 124.4
245 124.9
247 114.5
249 120.9
250 115.4
249 122.1
247 122.4
245 126.6
241 117.5
236 128.2
230 122.1
224 116.2
216 120.7
208 119.7
200 118.4
190 113.7
180 119.7
170 116.9
160 118.6
150 125.4
139 123.2
129 122.8
119 115.9
109 114.8
100 112.8
91 126.9
83 120
75 113.9
69 119.1
63 114.7
58 114.8
54 114.2
52 117.3
50 116.5
50 119.6
50 116.9
52 114.4
54 115.7
58 115.6
63 113.1
69 113.3
75 108.4
83 113.8
91 113.1
100 110.3
109 113.5
119 115.3
129 112.1
139 114.3
149 109.9
160 110.8
170 113.7
180 111.1
190 114.2
199 112.8
208 114
216 114.7
224 115.5
230 116.2