150 147.9
160 236.9
170 220.6
180 146.7
190 120.1
200 112.2
208 112.7
216 159.4
224 203.3
230 147.7
236 123.6
241 109
245 128.4
247 172
249 215.2
250 132.8
249 112
247 105.9
245 121.1
241 167.5
236 202.4
230 132.5
224 115.2
216 98.3
208 125.6
200 171
190 206.1
180 132.7
170 115.4
160 98.1
150 114.8
139 172.6
129 204.8
119 133.7
109 114.9
100 100.3
91 116.3
83 167.1
75 197.6
69 132.5
63 112.8
58 107.7
54 119.7
52 161.4
50 198.3
50 134.6
50 116
52 102.2
54 118.7
58 162.4
63 200.6
69 129.7
75 111.2
83 110.2
91 123.8
100 160.5
109 200.9
119 125.8
129 105.5
139 102.5
149 107.6
160 164.1
170 183.7
180 120.2
190 113
199 107.5
208 112.6
216 163
224 199.2
230 130.3
236 114.1
241 101.6
245 113.9
247 165
249 197
250 127.4
249 107.5
247 102.4
245 107.3
241 162.7
236 193.8
230 122.4
224 106
216 99.7
208 112.3
199 161.5
190 197.1
180 121.7
170 102.9
160 100.3
150 115.5
139 156.4
129 189.1
119 121.6
109 107
99 96.4
91 110
83 159.4
75 191.9
69 119.1
63 104.5
58 98.4
54 117.2
52 158
50 199
50 119.1
50 104.7
52 101.4
54 112.6
58 155
63 192.2
69 116.9
75 110.3
83 91.3
91 108.4
100 151.9
109 189.3
119 126.2
129 104.5
139 89.6
149 108
160 156.1
170 182.1
180 123.2
190 97.8
199 95.3
208 106.9
216 154.7
224 186.4
230 120.9
236 96.5
241 95.5
245 101.5
247 150.1
249 183.8
250 122.1
249 98.5
247 90.1
245 104.4
241 150.9
236 178.3
230 116.2
224 99
216 94.8
208 105.7
200 148.5
190 179.3
180 111.2
170 95.8
160 97.5
150 106.1
139 155.7
129 188.7
119 113.3
109 99.2
100 86.5
91 103.5
83 146.5
75 179.3
69 111.8
63 97
58 86.5
54 100.2
52 146.6
50 180.3
50 113
50 96.2
52 92.1
54 98.4
58 140.8