150 151.8
160 232.4
170 233.2
180 169.7
190 130.9
200 109.3
208 111.9
216 157.1
224 208.4
230 178.2
236 134.2
241 104
245 118.4
247 165.7
249 202.2
250 167.6
249 121.3
247 109.8
245 122.6
241 166.2
236 201.3
230 157.3
224 120.6
216 108.7
208 128.3
200 178.4
190 212.3
180 148
170 122.2
160 109.5
150 125.8
139 173.6
129 202.8
119 145.4
109 120.5
100 111.9
91 118.7
83 166.2
75 201.5
69 158.8
63 124.2
58 113.6
54 119
52 163
50 201.9
50 147.2
50 118
52 105.8
54 116.4
58 164.6
63 197.2
69 147.2
75 116.3
83 102.7
91 118.7
100 162.3
109 200.5
119 146.7
129 112.8
139 103.9
149 120.3
160 168.2
170 205
180 143.4
190 114.7
199 101.8
208 122.3
216 162.8
224 200.2
230 142.7
236 119.8
241 98.1
245 121
247 167.9
249 195.7
250 147.2
249 120.2
247 103.9
245 115.2
241 168.4
236 197
230 144.3
224 110.1
216 100.7
208 120.3
199 160.4
190 192.3
180 139.9
170 117.2
160 98.5
150 109.7
139 157.1
129 191.8
119 135.7
109 111.4
99 94.6
91 118.8
83 167.3
75 190.5
69 136.4
63 107.6
58 96
54 111.4
52 156.1
50 191.8
50 139.2
50 107.4
52 91
54 107.5
58 158.6
63 190.6
69 141.4
75 109.5
83 93.3
91 112.5
100 155.6
109 187.5
119 133.6
129 109.4
139 87
149 118
160 150.5
170 188.7
180 139.3
190 102.5
199 90.5
208 107.3
216 147.5
224 182.9
230 129.9
236 108.3
241 98.3
245 113.7
247 160.3
249 187.2
250 133.7
249 106.9
247 93.4
245 111.2
241 155.1
236 185.4
230 131.9
224 105.3
216 95.4
208 109.9
200 155
190 181.4
180 133.8
170 101.6
160 95.9
150 107.6
139 153.2
129 181.3
119 130.1
109 103.2
100 80.7
91 112.8
83 147.6
75 184.6
69 129.9