150 150.6
160 230.4
170 240.6
180 191.3
190 139.6
200 133
208 126.6
216 143.8
224 193.9
230 235.9
236 152
241 141.5
245 138.2
247 123.5
249 162.7
250 222.5
249 194.8
247 134.6
245 141.5
241 124.7
236 137.6
230 193.6
224 235.1
216 144.3
208 135.6
200 131
190 118.1
180 165.2
170 221.8
160 183.9
150 137.7
139 136.2
129 126.6
119 137.5
109 200.4
100 224.5
91 150.5
83 130.8
75 127.3
69 116.3
63 157.4
58 228.7
54 181.8
52 130.5
50 128.1
50 123.8
50 128
52 194.2
54 222.3
58 140.9
63 133.7
69 128.4
75 115.2
83 151.7
91 223.8
100 177.6
109 133.4
119 130.1
129 121.8
139 125.1
149 186.5
160 215.1
170 139.8
180 129.3
190 121.4
199 116.7
208 152.8
216 216.6
224 176
230 132.5
236 120.9
241 120.2
245 126
247 193.9
249 219.1
250 140.5
249 130.4
247 118
245 119.6
241 144.6
236 219.2
230 176.5
224 127
216 121.4
208 117.6
199 127.3
190 190.1
180 203.2
170 131.8
160 134.1
150 124.1
139 115.8
129 148.7
119 217
109 178.8
99 129.6
91 118.4
83 115.8
75 127
69 183.8
63 218.1
58 137.4
54 121.8
52 118.3
50 119
50 146.6
50 203
52 166.7
54 124.6
58 118.5
63 115.6
69 121.4
75 185.3
83 210.6
91 133.4
100 120.5
109 114.7
119 115.3
129 141.7
139 211.4
149 160.2
160 121.1
170 115.1
180 112.8
190 121.7
199 174.5
208 202.8
216 129
224 125.3
230 118.3
236 110.6
241 143.1
245 201.9
247 167.7
249 123.3
250 114.9
249 114.1
247 116.3
245 180.8
241 204.2
236 126.2
230 110.8
224 111.3
216 109.5
208 130.3
200 193
190 160.1
180 119.6
170 112.2
160 109.5
150 121.9
139 174.9
129 202.4
119 129.7
109 117.6
100 108.2
91 110.6
83 132.9
75 205.9
69 161.2
63 118.8
58 110.7
54 104.4
52 112.6
50 173.2
50 204.7
50 123.6
52 112.5
54 109.6
58 105.9
63 133.1
69 193.9
75 159.8
83 114.2
91 113.3
99 106.7
109 115.4
119 168.1
129 191.6
139 117.9