150 143.8
160 197.7
170 214.6
180 205.4
190 184.5
200 175.5
208 159.9
216 161.2
224 149.1
230 150.2
236 149.8
241 156.4
245 156.1
247 146.7
249 145.7
250 154.4
249 156.2
247 144.9
245 145.6
241 148.9
236 151.7
230 150.3
224 152.3
216 150.3
208 147.7
200 149.9
190 139
180 147.5
170 148.6
160 147.5
150 149.6
139 149.7
129 140.3
119 149.4
109 145.3
100 140.4
91 147.4
83 145
75 143.1
69 147.2
63 141
58 140.6
54 149.5
52 146.2
50 142.5
50 147.2
50 138.8
52 139.1
54 144.1
58 143.3
63 146.1
69 146.5
75 136.5
83 140.9
91 147.3
100 143.7
109 144.8
119 139.7
129 145.9
139 141.5
149 148.7
160 139.1
170 140.1
180 140.5
190 141.9
199 137.2
208 144.1
216 143.9
224 144.6
230 135.3
236 137.8
241 139
245 146.2
247 148.9
249 144.9
250 140.8
249 142.8
247 133
245 133.9
241 138.1
236 137.9
230 141.1
224 139.4
216 140.8
208 142.1
199 136.6
190 134.7
180 138
170 138.2
160 136.6
150 137
139 138
129 141.3
119 139.3
109 139.6
99 136
91 132.7
83 135
75 137.7
69 134.7
63 139.1
58 137.9
54 128.6
52 131.5
50 135.8
50 132.3
50 131.5
52 133
54 136.2
58 137.6