150 148.1
160 232.7
170 219.8
180 148.9
190 122.2
200 109
208 113.9
216 163.2
224 202.3
230 154.5
236 126.2
241 106.3
245 126.6
247 180.3
249 211.9
250 127.5
249 116.9
247 99.1
245 121.7
241 166.9
236 215.7
230 138.1
224 112.7
216 103.5
208 120.9
200 176.9
190 199.9
180 135
170 117.5
160 108.7
150 115.7
139 169.3
129 200.1
119 126.8
109 107.1
100 105.7
91 122.1
83 165.3
75 202.5
69 135.6
63 113.8
58 105.6
54 124.7
52 166.9
50 200.2
50 132.8
50 114.7
52 101.5
54 118.6
58 172.4
63 190.9
69 128.3
75 111.6
83 100.8
91 114.5
100 162.3
109 198.2
119 128.3
129 111.7
139 108.9
149 113.6
160 157
170 194.6
180 126.1
190 107.9
199 103.9
208 115
216 162.6
224 203.2
230 129
236 110.6
241 98.5
245 116.6
247 168
249 199.5
250 126.2
249 107.7
247 98.8
245 115.5
241 166.3
236 191
230 125.5
224 103.6
216 98
208 111.2
199 165.9
190 194.2
180 119.4
170 109.9
160 104.2
150 115.7
139 156.6
129 196.3
119 121.8
109 111.3
99 105.3
91 110.2
83 155.7
75 189.8
69 118.1
63 109.8
58 98.1
54 112.2
52 152.9
50 186.2
50 128.9
50 98.8
52 92.9
54 113.9
58 153.8
63 189
69 122.1
75 106.1
83 99.9
91 106.8
100 154.8
109 183.2
119 120.2
129 101.7
139 97
149 107.6
160 153.7
170 183
180 120.3
190 101
199 97.7
208 109.1
216 148.6
224 187
230 113.1
236 100.9
241 94.5
245 108.4
247 143.2
249 182.2
250 114.7
249 100.5
247 94.1
245 107.8
241 147.2
236 183.6
230 118.3
224 102.1
216 94.6
208 108.5
200 156.4
190 177.4
180 112.1
170 93.7
160 98.1
150 106.7
139 143.9
129 187
119 116
109 97.7
100 90.3
91 103.5
83 144.9
75 189.1
69 115.4
63 98.3
58 92.2
54 109.6
52 144.5
50 172.5
50 113
50 93.8
52 90.3
54 105
58 146.8