150 151.1
160 230.6
170 258.7
180 260
190 257.8
200 241.3
208 227.4
216 209.8
224 163.1
230 125
236 94.1
241 84
245 76.6
247 70.1
249 66.7
250 64.6
249 70.2
247 64.3
245 62.9
241 60.3
236 65.7
230 62.2
224 64.8
216 64.3
208 65.4
200 74.2
190 77.8
180 88.7
170 95.7
160 107.4
150 121.7
139 143
129 170.1
119 193.3
109 202.6
100 200.8
91 176.7
83 147.1
75 127.6
69 103.9
63 98.9
58 98.6
54 109.6
52 123.9
50 149.5
50 175.4
50 198.1
52 203.1
54 187.1
58 167.1
63 133.3
69 106.5
75 100.1
83 95.6
91 107.4
100 121.3
109 135.2
119 161.6
129 183.6
139 200.9
149 194.6
160 166.9
170 142.4
180 108.9
190 98.3
199 90.9
208 101.2
216 113.1
224 124.5
230 137.1
236 160.9
241 198
245 195
247 184.9
249 165.1
250 135.2
249 106.1
247 98.2
245 90.8
241 102
236 118.7
230 133.2
224 149.8
216 177.7
208 196.2
199 194.2
190 170.8
180 148.2
170 121.9
160 99.9
150 87.8
139 94.8
129 109.2
119 119.1
109 139.5
99 158.7
91 186.1
83 184.5
75 182
69 160.7
63 129.4
58 105.4
54 92.9
52 91.7
50 97.7
50 113.6
50 128.5
52 152.6
54 174.6
58 188.9
63 188.1
69 180.1
75 139.9
83 116.3
91 93.5
100 88.7
109 92.4
119 102.6
129 119
139 142.6
149 149.3
160 176.5
170 182.9
180 171.5
190 157.9
199 126.5
208 104.6
216 90.3
224 84.4
230 93.2
236 105.6
241 116.2
245 142.8
247 168.5
249 181.5
250 182.6
249 166.2
247 138.4
245 116.5
241 94.7
236 84.6
230 89.7
224 98.7
216 108.4
208 126.8
200 152.9
190 168.5
180 182.7
170 170.2
160 152.9