150 150.6
160 186
170 205.8
180 205.8
190 191.4
200 176.9
208 168
216 165.5
224 164.7
230 164
236 164.6
241 169.1
245 163
247 165.5
249 163.8
250 164.2
249 164.8
247 168.9
245 166.4
241 174.7
236 165.3
230 161.6
224 165.5
216 164
208 169.3
200 165.4
190 159.6
180 163.7
170 163.8
160 163.3
150 164
139 161
129 163.8
119 162.1
109 163.7
100 159.5
91 153.4
83 159.1
75 162.7
69 163.6
63 162.7
58 164.2
54 161.4
52 160.1
50 158.2
50 160.9
50 157.1
52 163.1
54 161.5
58 162.9
63 160.8
69 162.8
75 158.5
83 161.8
91 159.9
100 163.2
109 154.9
119 161.5
129 159.9
139 159.4
149 162.8
160 158.2
170 161.8
180 159.7
190 159.1
199 162.6
208 153.7
216 159.3
224 153.6
230 149.4
236 157.8
241 160.8
245 154.9
247 155.6
249 152.5
250 152.6
249 155.9
247 153
245 159.6
241 153.3
236 145.8
230 149.6
224 155.1
216 157.3
208 146.9
199 152.3
190 155.1
180 153.4
170 160.5
160 157
150 149.2
139 157.9
129 156
119 151.8
109 158.1
99 147.5
91 150.2
83 154.9
75 147.8
69 150.8