150 149.7
160 165.9
170 165.1
180 180.4
190 187.4
200 193.5
208 191.1
216 200.4
224 200.4
230 192.2
236 193.5
241 196
245 197
247 197.7
249 194.8
250 201
249 195.7
247 198
245 200.3
241 196.5
236 200
230 200.3
224 192.3
216 190.3
208 187.4
200 180.4
190 178.9
180 175.2
170 174.2
160 173
150 167.4
139 167
129 157.6
119 158.4
109 150.9
100 144
91 148.4
83 141.1
75 139
69 142.6
63 133.3
58 133.6
54 144.4
52 135.6
50 138.3
50 139.8
50 132.6
52 141.8
54 135.6
58 144.1
63 148.6
69 144.1
75 151.3
83 150.2
91 153.2
100 153.2
109 159.2
119 156.2
129 162.5
139 157.2