150 150.1
160 189.5
170 216.6
180 227.2
190 229.3
200 223.6
208 224.8
216 210
224 197.1
230 197.1
236 191
241 173.7
245 165.5
247 145.8
249 135.7
250 114.7
249 105.1
247 99.7
245 102.7
241 115
236 125.7
230 134.9
224 150
216 153.1
208 172.6
200 177.6
190 181.2
180 178.9
170 173.7
160 146.7
150 147.7
139 146.4
129 159.6
119 164.9
109 172.8
100 171.1
91 164.2
83 163.4
75 145.1
69 142.5
63 156.2
58 163.6
54 168.2
52 174.6
50 170.8
50 168.2
50 160.8
52 149
54 142.8
58 153.4
63 157.2
69 165.6
75 170.9
83 176.4
91 167.8
100 159.4
109 150.6
119 143.4
129 147.6
139 152.8
149 158
160 164.3
170 169.5
180 164.1
190 163.2
199 138.9
208 144.8
216 139
224 156.2
230 161.1
236 164.2
241 168.3
245 163.8
247 153.6
249 146.9
250 146.8
249 148
247 157.9
245 163.6
241 157.6
236 166.1
230 160.7
224 154.2
216 141.8
208 139.7
199 147.6
190 150.1
180 156.3
170 158.1
160 166.6
150 165.5
139 146.8
129 142.2
119 140.3
109 143.9
99 149
91 156.5
83 159.2
75 158.1
69 154.1
63 143.6
58 143.3
54 131.9
52 143.4
50 147.3
50 157.7
50 160.4
52 152
54 162.6
58 142.3
63 140.2
69 133.8
75 139
83 151.8
91 154.1
100 160.7
109 161.5
119 153.8
129 144.1
139 131.9
149 133.3
160 138.3
170 149
180 154.1
190 152.6
199 155.9
208 145.5
216 142.2
224 127.7
230 131.6
236 131.5
241 146.3
245 147.2
247 157.1
249 150.7
250 151.8
249 140.8
247 135.5
245 134.6
241 139.3