150 147.7
160 188.5
170 209.2
180 196.8
190 187.8
200 175.4
208 172.2
216 174.1
224 167.5
230 166.2
236 168.3
241 172.6
245 168
247 162.1
249 169.9
250 169
249 159.8
247 172.7
245 163.8
241 165.3
236 162
230 169.9
224 168.9
216 163.6
208 171.9
200 161.5
190 167.2
180 167.5
170 163.6
160 163.1
150 158.7
139 161.9
129 160
119 167.8
109 155.5
100 168.1
91 159.3
83 159.2
75 163.3
69 161.7
63 159.9
58 154.8
54 161.3
52 153.5
50 159.4
50 166.7
50 163.4
52 160.1
54 156.4
58 164.2
63 160.7
69 163.1
75 157.3
83 163.9
91 153.8
100 155.3
109 156.4
119 159.9
129 162.2
139 157.1
149 158.3
160 160.1
170 159.2
180 158.2
190 161.6
199 158.7
208 158.4
216 158.5
224 151.5
230 155
236 158
241 159.4
245 150.7
247 154.7
249 156.5
250 161.7
249 156.6
247 152.2
245 156.8
241 150.3
236 156.2
230 153.9
224 159.5
216 156.9
208 153.4
199 156.2
190 151.2
180 154.7
170 153.7
160 151.2
150 146.2
139 159.8
129 150.4
119 157.8
109 147.6
99 153.7
91 153.1
83 148.9
75 147.5
69 146.6