150 148.3
160 234.3
170 233.4
180 187.3
190 142.5
200 137.7
208 126.7
216 143.4
224 203.5
230 222.8
236 142.8
241 131.8
245 127.3
247 128.4
249 156.8
250 233.4
249 175.1
247 143.1
245 133
241 126.2
236 134.3
230 206.4
224 219.6
216 141.3
208 131.9
200 125.4
190 124.8
180 151.7
170 228.2
160 172.4
150 141.2
139 130.9
129 118.4
119 138.1
109 202.5
100 207.3
91 141.9
83 126.4
75 119.6
69 125.8
63 156.7
58 225.5
54 179.6
52 139.4
50 127.7
50 126
50 136.8
52 208.7
54 201.6
58 133.7
63 127.1
69 122.8
75 121.7
83 155.1
91 226.4
100 169
109 131.4
119 129
129 119.7
139 128.5
149 207.2
160 194.2
170 130
180 126.7
190 118.6
199 117.1
208 153.4
216 225.1
224 162.4
230 136.3
236 121.8
241 115.4
245 142.6
247 205.8
249 185.1
250 130.8
249 119.5
247 116.1
245 120.8
241 164.4
236 217.9
230 146.7
224 132
216 123.7
208 121
199 139.7
190 217.6
180 176
170 128.3
160 122.9
150 116.4
139 127.2
129 172.7
119 220.9
109 135.1
99 127.6
91 118.8
83 115
75 135.1
69 213.2
63 165
58 122
54 117.9
52 114
50 120.5
50 187
50 209.4
52 122.1
54 121
58 115.3
63 116.7
69 145.4
75 206
83 164.7
91 124.4
100 117.4
109 121.7
119 120.6
129 183.9
139 197.8
149 126.7
160 117.5
170 114.9
180 111.5
190 139.4
199 205.7
208 159.7
216 127.8
224 119.5
230 106
236 126.5
241 181.2
245 199.5
247 123.1
249 110.5
250 116.8
249 110.3
247 141
245 204.7
241 153.6
236 125.7
230 112.3
224 111.4
216 121.3
208 178.2
200 189.3
190 121.1
180 116.8
170 107.7
160 112.8
150 143.9
139 206.9
129 151
119 118.9
109 116.2
100 105.3
91 121
83 187.9
75 185.5
69 120.1
63 116.4
58 106.8
54 108.4
52 146.8
50 196.5
50 149.9
50 116.9
52 111.4
54 109.1
58 120.9