150 145.5
160 212.7
170 253.3
180 244.8
190 239.8
200 231.1
208 203
216 183.5
224 147.6
230 105.5
236 87.3
241 81.4
245 75.2
247 73.7
249 70.6
250 72.2
249 72.2
247 75.4
245 92
241 114.1
236 116.3
230 130.3
224 150.4
216 165.5
208 185.9
200 195.4
190 189.5
180 161.3
170 131.2
160 116.2
150 145.9
139 154.2
129 177.2
119 193
109 189.3
100 173.8
91 142.7
83 117.5
75 130.5
69 151.3
63 173.4
58 194
54 194
52 174
50 154.8
50 117
50 131.2
52 141.2
54 161.2
58 180.8
63 191.9
69 180.7
75 158.7
83 131.6
91 120.6
100 150.4
109 158.6
119 181.1
129 181.7
139 180.9
149 161.8
160 136.4
170 113.1
180 141.8
190 155.5
199 173.2
208 191
216 182.4
224 167.3
230 141.3
236 115
241 124.1
245 143.6
247 161.5
249 183.8
250 185.3
249 172.3
247 151.3
245 114.3
241 113.7
236 137.5
230 155.6
224 175.2
216 176
208 167.4
199 152.4
190 124.8
180 115.1
170 136.9
160 149.6
150 169.9
139 169.5
129 175.6
119 159.8
109 131.4
99 111.7
91 133
83 145.1
75 166.2
69 180.1
63 176.9
58 165.7
54 139.4
52 115.7
50 119.3
50 138.5
50 158.7
52 167.9
54 171.3
58 166.9
63 149
69 119.8
75 116.5
83 132
91 143.9
100 164.6
109 176.6
119 170.3
129 154.7
139 120.4
149 108.8
160 123.6
170 137.6
180 159.9
190 174.5
199 175.9
208 153
216 125.9
224 105
230 130.9
236 138.7
241 156.2
245 171.5
247 177.4
249 152.9
250 131.9
249 109.3
247 108.7
245 132
241 152.6
236 162.1
230 169.9
224 165.2
216 142.7
208 111.4
200 109.2
190 134.3
180 142
170 154.1
160 170.4