150 154.9
160 181.9
170 203.3
180 194.4
190 187.4
200 175.6
208 180.6
216 177.4
224 176.9
230 188.8
236 182.5
241 181.7
245 178.2
247 174.2
249 176.7
250 172.5
249 180.3
247 172.2
245 173.1
241 173.6
236 174.3
230 175.6
224 171.6
216 178.3
208 175.1
200 173.2
190 163
180 171.8
170 179.3
160 175.9
150 170.6
139 170.1
129 174
119 172.2
109 171.3
100 172.9
91 168.8
83 166
75 168.9
69 167.4
63 171
58 168.5
54 169.6
52 163
50 169.7
50 162.6
50 164
52 169.5
54 169.9
58 167.4
63 164
69 161.4
75 169.6
83 169.3
91 162.2
100 166.8
109 161.6
119 165.1
129 160.6
139 168.9
149 169.5
160 165.3
170 166.3
180 163.9
190 161
199 160.5
208 167.8
216 165.8
224 165.7
230 168.9
236 161.9
241 160.8
245 164.7
247 162.9
249 164.2
250 163.8
249 168.2
247 161.8
245 160.1
241 163.8