150 150.5
160 182.1
170 198.2
180 187.9
190 181
200 179.2
208 175.6
216 177.7
224 169.8
230 182
236 178
241 179.3
245 167.9
247 170.8
249 172.8
250 178.9
249 178.1
247 179.2
245 180.5
241 173.3
236 169.9
230 175.8
224 168.7
216 174.3
208 171.1
200 177.9
190 170.7
180 174.5
170 169.5
160 168.3
150 168.8
139 176.2
129 167
119 176.4
109 164.4
100 168.9
91 167.5
83 171.3
75 169.4
69 166.5
63 163
58 172.2
54 170.7
52 175.6
50 179.6
50 163.1
50 162.1
52 167.6
54 163.9
58 165.8
63 167
69 167.9
75 159.8
83 158.9
91 176.5
100 161.2
109 171.8
119 161.4
129 162.6
139 171.1
149 165.3
160 166.9
170 168.1
180 167.1
190 164.3
199 168.2
208 168.3
216 163.5
224 174.5
230 173
236 164.8
241 165.8
245 161.7
247 163.7
249 161.1
250 166.4
249 160.1
247 163.2
245 160.4
241 158.6
236 166
230 164.9
224 158.3
216 162.6
208 156.9
199 165.7
190 163.3
180 164.1
170 163.8
160 157.9