150 148.8
160 238.7
170 229.4
180 141.5
190 126.1
200 109.4
208 114.6
216 156.3
224 204.2
230 146.8
236 126.9
241 108.4
245 121.6
247 175.4
249 200.1
250 135.1
249 118.2
247 102.4
245 126.4
241 170.6
236 206.8
230 132.2
224 114.8
216 102.4
208 118.9
200 168.7
190 204.1
180 144.8
170 115.4
160 103.8
150 121.2
139 164.3
129 205.1
119 137.6
109 111.7
100 105.9
91 113.7
83 168
75 197.9
69 125
63 113
58 107.6
54 117.5
52 164.7
50 202.6
50 133.6
50 112.3
52 98.4
54 117.4
58 162.3
63 201.2
69 132.5
75 115.8
83 101.3
91 112.7
100 163
109 204
119 130.7
129 114.5
139 104.3
149 119.4
160 169.3
170 199.8
180 131.8
190 108.1
199 99.3
208 116.9
216 160.1
224 192.3
230 128.6
236 110.3
241 99
245 112
247 156.1
249 186.4
250 130.7
249 110
247 103.8
245 118.7
241 159.2
236 198.7
230 123
224 108.6
216 96.1
208 107.7
199 158.9
190 188.9
180 120.2
170 108.8
160 99.5
150 110.4
139 151.7
129 194.8
119 129.2
109 106.4
99 96.7
91 109.9
83 162.9
75 194.7
69 119.7
63 99.3
58 103.9
54 112.2
52 149.8
50 190.9
50 123.8
50 98
52 100.2
54 112.2
58 160.8
63 189.7
69 125
75 105.4
83 100.7
91 112.9
100 155.9
109 182.3
119 122
129 98.9
139 97
149 112.7
160 151.7
170 181.8
180 117.4
190 104.3
199 93.1
208 109.7
216 161.6
224 182.6
230 117.9
236 99.4
241 95.3
245 103.2
247 160.9
249 183.5
250 121.4
249 98.2
247 92.7
245 102.2
241 153.5
236 178.3
230 121.2
224 96.8
216 81.2
208 106.5
200 152.2
190 183.6
180 113.1
170 105.1
160 89
150 103.8
139 146.3
129 186
119 118.3
109 99.6
100 93.3
91 106
83 147.2
75 173.4
69 114.2
63 93.1
58 98.5
54 102.6
52 144.3
50 174.6
50 112.7
50 97.7
52 92.3
54 112.1
58 143.7