150 147.4
160 200.5
170 226.6
180 238.3
190 225.9
200 228.5
208 233.1
216 239.1
224 235.4
230 229.1
236 222.9
241 220.7
245 224.7
247 210.2
249 202.5
250 201.2
249 202.1
247 188
245 185.5
241 187.1
236 175.7
230 175.9
224 172
216 170
208 164
200 157.4
190 147.1
180 142.9
170 139
160 145.8
150 153.6
139 150.8
129 145.1
119 134.7
109 140.2
100 140.8
91 149.7
83 145.6
75 144.6
69 141.2
63 143.7
58 149.8
54 135.8
52 144.1
50 145.6
50 143.2
50 146.8
52 147.4
54 136.5
58 140
63 137
69 142.8
75 139.9
83 137.7
91 137.5
100 139.9
109 141
119 134.9
129 143.7
139 141.5
149 142
160 138.7
170 140.5
180 140.1
190 144.1
199 142.7
208 138.1
216 131.2
224 136.8
230 140.4
236 137.8
241 136.9
245 144.6
247 133.1
249 145.5
250 136.6
249 134.7
247 135
245 131.4
241 132.2
236 134.6
230 137
224 139.7
216 137.8
208 137.4
199 132
190 134.5
180 146.2
170 133.6
160 135.7
150 131.1
139 137.9
129 138
119 134
109 129.8
99 128.6
91 134.5
83 137.5
75 133
69 141.2
63 134.4
58 131.7
54 125.2
52 133.2
50 132.2
50 132
50 133.2
52 133.8
54 124.7
58 127.7
63 137.6
69 128.9
75 137.7
83 132.4
91 122.1
100 130.3
109 133.8
119 129.5
129 132.5
139 134.7
149 127.7
160 125.2
170 132
180 131.1
190 128.3
199 127
208 129.2
216 126.4
224 129.4
230 129.3