150 149.7
160 190
170 207.6
180 195.6
190 182.2
200 183.6
208 172.2
216 173
224 173
230 167.4
236 175.6
241 175.1
245 171
247 172.7
249 167.5
250 177.3
249 176.9
247 172.6
245 165.7
241 174
236 169.4
230 167.6
224 174.4
216 169
208 170.8
200 170.4
190 171.3
180 168.5
170 172
160 170.9
150 170
139 165.7
129 171.2
119 169.2
109 171.5
100 170.7
91 161.1
83 169.8
75 173.8
69 170.4
63 167
58 163
54 165
52 169.4
50 170.2
50 167.8
50 165.7
52 170.2
54 167.6
58 159.3
63 164.4
69 161.2
75 166.6
83 164
91 165
100 162.7
109 169.1
119 164.2
129 167.6
139 167
149 160.8
160 164.7
170 157.7
180 159.3
190 162.9
199 168.9
208 164.2
216 170.4
224 159
230 165.9
236 157.8
241 164.2
245 169.4
247 158
249 157.1
250 162.3
249 158.2
247 156.4
245 159
241 150.5
236 161.6
230 160.8
224 161.3
216 153.7
208 160.1
199 166
190 162.1
180 166.5
170 153.3
160 165.6