150 150.5
160 165.6
170 178.2
180 180.2
190 186.4
200 189.2
208 196.7
216 196.6
224 205.4
230 204.4
236 201.3
241 201.6
245 208.6
247 209.9
249 207.6
250 213.2
249 207.5
247 205.2
245 207.6
241 202
236 212
230 203.1
224 206
216 201.2
208 208.4
200 212.1
190 199.8
180 201
170 199.4
160 192.4
150 191.2
139 193.1
129 186.4
119 172
109 174.7
100 163
91 159.2
83 152.3
75 150.8
69 137.9
63 144.3
58 135.6
54 132.8
52 134.6
50 135
50 135.9
50 134.3
52 133.9
54 134.8
58 124.6
63 131.7
69 132.5
75 136.5
83 136.6
91 132.3
100 139.7
109 141.2
119 143.2
129 152.2
139 156.8