150 143.6
160 164.2
170 184.4
180 192.6
190 216
200 224.7
208 232.3
216 233.2
224 245.1
230 249.4
236 248
241 240.4
245 244
247 239.7
249 229.7
250 229.8
249 224.5
247 207
245 191.1
241 176.9
236 168.4
230 147.9
224 134.8
216 133.6
208 111.3
200 110.6
190 107.3
180 101.6
170 98.9
160 91.2
150 87.9
139 85.2
129 84.1
119 81.6
109 85.8
100 87.8
91 83.8
83 80.4
75 76.9
69 79.9
63 82.1
58 76.2
54 77
52 76.5
50 83.9
50 79.1
50 83.6
52 78.7
54 75.1
58 75.7
63 75.7
69 70.3
75 72.9
83 77.8
91 77.1
100 74.4
109 79.9
119 82.3
129 76.3
139 73.6