150 145.2
160 165.1
170 179.9
180 202
190 211.5
200 226.5
208 228.7
216 245.1
224 243.8
230 251.4
236 246.7
241 251.1
245 238
247 248.6
249 228.7
250 232.7
249 225.1
247 215.7
245 196.2
241 181.1
236 178
230 156.8
224 141.6
216 133
208 124.5
200 112.3
190 105.5
180 96.4
170 95.6
160 92.6
150 97.2
139 84.9
129 86.8
119 90.9
109 89.9
100 85.7
91 81.8
83 80.9
75 80.5
69 81.8
63 79.9
58 82.6
54 83.5
52 82.3
50 81.9
50 77.7
50 80.6
52 83.3
54 82.1
58 80.8
63 78.9
69 77.9
75 76.6
83 81.7
91 80.6
100 75.7
109 79.5
119 83.7
129 81.3
139 79