150 146.2
160 185
170 220
180 201.2
190 188.9
200 179.9
208 167.8
216 163.3
224 167.1
230 164
236 163.5
241 167.8
245 161.6
247 165.5
249 165.6
250 165.1
249 162.7
247 160.4
245 159.6
241 165
236 164.1
230 162
224 162.8
216 158.3
208 162.8
200 163.3
190 162.9
180 167.6
170 158.2
160 160.8
150 157.4
139 156.8
129 160.4
119 161.5
109 164.8
100 158.4
91 158.8
83 160.2
75 154.7
69 150.2
63 160.1
58 157
54 155.8
52 153.7
50 160.3
50 167.4
50 153.9
52 157.3
54 158.3
58 154.6
63 158.4
69 161.5
75 159.8
83 160.1
91 156.6
100 153.8
109 154
119 153.4
129 152.6
139 157.1
149 155.4
160 152.5
170 154.7
180 157.4
190 155.7
199 156.3
208 157
216 152.1
224 155.2
230 155.4
236 151.9
241 153.1
245 154.1
247 156.4
249 151.4
250 157.3
249 156.4
247 154.1
245 154.8
241 148
236 151.2
230 150.4
224 154.5
216 154
208 153.8
199 150
190 157
180 154.7
170 148.6
160 155.1
150 150.8
139 152.1
129 150.6
119 150.9
109 155.3
99 140.8
91 146.6
83 151.6
75 156.1
69 154.1