150 151.9
160 159.2
170 182
180 198.6
190 208.5
200 229.7
208 229.7
216 246.6
224 239.4
230 242.7
236 245.2
241 245.6
245 251.7
247 252.4
249 258
250 251.5
249 243.7
247 249.9
245 259.4
241 252
236 256.3
230 258
224 254.5
216 253.2
208 260.1
200 260.1
190 259.6
180 263.9
170 257
160 254.3
150 251.2
139 247.2
129 233.2
119 230.1
109 228.7
100 222.2
91 216.2
83 195.8
75 190
69 174.3
63 170.7
58 154
54 146.8
52 134.5
50 127.1
50 124.8
50 117.2
52 108.8
54 107.9
58 100.9
63 100.7
69 104.5
75 102.2
83 101.3
91 102.4
100 103
109 98.9
119 101
129 102.2
139 104.1