150 150.6
160 190.3
170 203.2
180 201.3
190 182.3
200 174.2
208 175.4
216 165.8
224 158.1
230 170.5
236 161.7
241 168.2
245 161.2
247 163.8
249 161.6
250 162.9
249 162.3
247 165.1
245 171.8
241 157.6
236 168.5
230 158.8
224 162.2
216 162.8
208 161
200 164
190 161.9
180 167.1
170 159.1
160 166.6
150 158.4
139 163.9
129 163.5
119 161.4
109 157.7
100 160.2
91 158.5
83 162.4
75 159.8
69 159.4
63 163.4
58 161.6
54 156.4
52 155.9
50 164.1
50 160.4
50 161.5
52 160
54 156.1
58 159.4
63 153.4
69 158.5
75 156.6
83 153.4
91 158.6
100 158.1
109 154.7
119 147.5
129 150
139 159.2
149 153.3
160 157.5
170 158.6
180 157.9
190 156.4
199 154.6
208 154.2
216 157.6
224 152.4
230 158.2
236 157.5
241 147
245 151.6
247 149.9
249 156.3
250 155.6
249 157.4
247 156.8
245 148
241 154.6
236 152.5
230 155
224 149
216 152.5
208 153.2
199 149.2
190 148
180 149.7
170 155.4
160 151.6
150 144.6
139 151.9
129 155.1
119 153.2
109 150.3
99 158.3
91 159.3
83 154.3
75 151.9
69 155.8