150 147.5
160 200.9
170 227.8
180 221.1
190 218
200 204.8
208 191.9
216 183.4
224 168.3
230 161.2
236 151.5
241 140.2
245 136.6
247 139.4
249 143.5
250 136.9
249 139.1
247 143.1
245 141.5
241 137.7
236 142.5
230 141.6
224 136.1
216 132.9
208 137.1
200 137.7
190 135.9
180 136
170 133.1
160 135.8
150 140.2
139 136
129 135
119 131.5
109 136.7
100 137.1
91 137.4
83 138.3
75 134.4
69 136.2
63 128.6
58 133.3
54 128.7
52 127.5
50 134.8
50 130.4
50 133
52 140.4
54 129.5
58 134.6
63 131.6
69 128.8
75 129.1
83 133.8
91 133.8
100 132.8
109 130.4
119 133.2
129 134.5
139 129
149 129.9
160 129.2
170 137.3
180 133
190 124.8
199 131.8
208 132
216 131.3
224 134.8
230 137.5
236 127.7
241 131.5
245 123.1
247 125.8
249 135.3
250 125.5
249 129.4
247 130.5
245 127.1
241 129.6
236 131.8
230 127.8
224 124
216 124.5
208 128.1
199 130.5
190 126.8
180 135.2
170 123.7
160 125.3
150 129.4
139 125.4
129 130
119 129.4
109 121.7
99 129.1
91 126.7
83 132.6
75 124.4
69 126.5
63 125.3
58 132.6
54 128.5
52 126.8
50 126.9
50 129.9
50 126.3
52 128.1
54 122.9
58 121
63 124.7
69 127.1
75 120.4
83 126.1
91 126.3
100 120.3
109 122.3
119 124.2
129 118.5
139 121.2