150 146.9
160 178.4
170 208.3
180 212.9
190 200.2
200 183.6
208 151.9
216 130.4
224 143.1
230 135.1
236 137.5
241 152.2
245 156.2
247 152.9
249 162.3
250 158.3
249 161.6
247 163.1
245 161.6
241 156.1
236 154.4
230 159.4
224 158.2
216 153
208 156.7
200 157.3
190 161
180 154.5
170 157.9
160 158.1
150 154.4
139 156.7
129 158.4
119 161.2
109 156.2
100 150.8
91 151
83 152.4
75 153.6
69 156.3
63 154.5
58 156.3
54 157.9
52 152.3
50 152.9
50 149.2
50 152.9
52 152.8
54 150.8
58 153
63 154.9
69 159.4
75 152.3
83 154.9
91 151.6
100 149
109 151.9
119 147.2
129 149.7
139 158.3
149 158.8
160 147.4
170 153.3
180 150.8
190 150.8
199 148.3
208 152.8
216 151.7
224 151.2
230 157.6
236 144.6
241 150.7
245 150.4
247 150.1
249 146.3
250 150.2
249 157.1
247 150
245 148.1
241 146.5
236 143.9
230 149.3
224 149.7
216 150.5
208 143.7
199 141.9
190 146.2
180 146
170 141.5
160 149.4
150 146
139 146.7
129 145.4
119 143
109 147
99 149.3
91 141.4
83 149.2
75 146.3
69 145.3
63 140.9
58 145
54 143.9
52 146.7
50 145.8
50 148.1
50 148.3
52 141.1
54 136.7
58 138.6
63 145.2
69 146.5
75 144.1
83 139.8
91 146.9
100 141.7
109 140.9
119 139.2
129 138.8
139 140.5
149 137.3
160 143.3
170 139.7
180 145.5
190 142.9
199 144.3
208 140
216 145.5
224 142.6
230 137.8
236 144
241 145.9
245 137
247 141.9
249 138.7
250 134.7
249 141.2
247 141.2
245 139.8
241 141.7