150 151.7
160 163
170 179.2
180 197.2
190 208.5
200 224.3
208 220.6
216 234.2
224 245.9
230 240.6
236 243.1
241 234.8
245 237.1
247 225
249 221.6
250 199.8
249 196.3
247 179.1
245 162.1
241 147.4
236 140.3
230 128.1
224 123.2
216 108.5
208 99.9
200 90.5
190 93.4
180 87
170 85.1
160 84.3
150 79.1
139 80.8
129 78.7
119 79.5
109 76.7
100 72.2
91 71.8
83 76.2
75 72
69 72.6
63 69.6
58 73.5
54 67.8
52 69.4
50 64.7
50 66.8
50 69.9
52 65.8
54 67.1
58 68.2
63 66.9
69 64.4
75 64.3
83 65.6
91 72.6
100 64
109 61.5
119 63.7
129 62.2
139 62.9