150 150.4
160 238.3
170 234.6
180 173.2
190 140.8
200 125.9
208 118.6
216 159.5
224 217.9
230 167.2
236 136.5
241 125.8
245 116.7
247 153.5
249 220
250 169.6
249 131.4
247 125.3
245 125
241 149.7
236 221.4
230 172.2
224 137.8
216 116.4
208 119
200 145.4
190 210.6
180 184.4
170 132.5
160 124.4
150 119.5
139 130.8
129 195
119 206.3
109 133.1
100 120.1
91 115.6
83 119.5
75 165.2
69 217
63 140.1
58 128.8
54 113.5
52 122.3
50 171.4
50 215.6
50 150.1
52 129
54 121.9
58 110.2
63 162.1
69 212.7
75 144.5
83 123.9
91 117.1
100 116.6
109 159.1
119 213.3
129 146.1
139 126.7
149 118.4
160 112.3
170 157
180 216.5
190 144.5
199 126.1
208 123.5
216 114.8
224 159
230 204.1
236 150.4
241 129.8
245 108.7
247 112.7
249 154
250 209
249 151.8
247 130.3
245 111
241 115.5
236 150.2
230 210.2
224 144
216 126.8
208 116.9
199 109.5
190 155.4
180 204.3
170 146.3
160 123.7
150 113
139 115.3
129 152.9
119 215.8
109 152.9
99 124.6
91 119.5
83 109.8
75 151.5
69 205.4
63 142.3
58 127.1
54 111.9
52 108.5
50 153
50 205.7
50 144.2
52 119.9
54 119.1
58 105.9
63 146.7
69 196.1
75 137.5
83 126.9
91 111.3
100 104.7
109 147.9
119 201.1
129 138.7
139 120.8
149 112.4
160 110.8
170 149
180 192.3
190 138.9
199 125.1
208 105.7
216 110.1
224 148.1
230 202.8
236 139.2
241 125.7
245 104.5
247 106
249 146.8
250 204
249 140.1
247 119.7
245 108.8
241 107.1
236 140
230 194.1
224 136.1
216 117.7
208 104.7
200 106.6
190 147.3
180 190.3
170 137.3
160 110.9
150 108.1
139 102.2
129 142.4
119 191.7
109 135.6
100 111.7
91 106
83 105.6
75 140.9
69 192.9
63 138.6
58 113.3
54 108.8
52 101.3
50 141.3
50 187.9
50 137.4
52 114.2
54 98.6
58 101.8