150 148.1
160 181.8
170 214.2
180 220.3
190 210.1
200 208.2
208 183.6
216 162.9
224 128.8
230 133.8
236 135.9
241 143.4
245 157.3
247 160.5
249 173.1
250 170.5
249 162.4
247 166.6
245 157.8
241 155.1
236 156.9
230 154.1
224 164.9
216 166.4
208 171.4
200 171.2
190 164.3
180 165.7
170 157.3
160 160.3
150 157.9
139 161.3
129 163
119 165.2
109 159.7
100 165.3
91 157.6
83 155.6
75 155.3
69 157
63 158.1
58 166.5
54 163.6
52 159.3
50 161.5
50 155.4
50 161.9
52 156.2
54 151.1
58 167.2
63 162.6
69 161.8
75 161
83 161.5
91 165.6
100 154.2
109 156.5
119 154.1
129 153.6
139 156
149 156.9
160 154.6
170 152.8
180 155.1
190 149.6
199 153.2
208 156.5
216 151.7
224 159.4
230 152.2
236 151
241 146.2
245 154.5
247 156
249 157.7
250 152.8
249 152
247 146.7
245 153.5
241 152.4
236 152.2
230 155.8
224 148.4
216 153.9
208 147.4
199 158.7
190 143.1
180 150.4
170 152.7
160 146.4
150 148.5
139 151.6
129 149
119 148.3
109 146.7
99 147.1
91 151.9
83 152.8
75 150.2
69 152.2
63 150.9
58 145.7
54 148.4
52 154.4
50 145.3
50 145.6
50 146.6
52 147.4
54 144.7
58 141.9
63 147
69 148
75 143.5
83 141
91 153.6
100 142
109 146.2
119 145.7
129 144.7
139 148.1
149 138.9
160 142.9
170 149.7
180 146.5
190 141.5
199 152
208 148.6
216 147.9
224 140.4
230 147.7
236 144.9
241 143.1
245 147.6
247 141.6
249 147.6
250 148.2
249 140.5
247 142.5
245 148.3
241 140.4