150 150.7
160 200.7
170 225.7
180 224.6
190 232.2
200 226.5
208 228.9
216 219
224 214.6
230 223
236 216.4
241 213.6
245 216.3
247 213
249 212.4
250 206.9
249 219.1
247 208.3
245 209.1
241 204.7
236 201.5
230 203
224 200.1
216 192.8
208 194.9
200 198.9
190 196.6
180 198.9
170 196.5
160 191
150 186.8
139 182.1
129 187.6
119 180.9
109 188.7
100 183.5
91 181
83 172.9
75 172.7
69 163.1
63 151.4
58 140.5
54 139
52 136.3
50 135.8
50 136.6
50 137.8
52 137.2
54 136.5
58 134.8
63 138.8
69 136.8
75 138.4
83 134.2
91 142.4
100 135.1
109 136.8
119 131.7
129 133.7
139 131.6
149 136.8
160 140
170 139.3
180 134.3
190 134.3
199 135.7
208 137.6
216 137
224 133.1
230 133.9
236 131.3
241 134.3
245 130.4
247 138
249 137.2
250 136.9
249 130.4
247 129
245 132.4
241 136.2
236 128.4
230 127.8
224 133.1
216 125.9
208 133.1
199 129.5
190 134.8
180 138.6
170 130.8
160 128.6
150 133.7
139 129.8
129 133.7
119 133.4
109 121.2
99 130.1
91 130.7
83 129.1
75 133.3
69 130.8
63 124.6
58 123.4
54 130
52 133
50 125.4
50 127.1
50 123.9
52 131.2
54 134.6
58 126.1
63 124.2
69 126.6
75 126.3
83 129.4
91 122.2
100 124.6
109 132.7
119 133.4
129 129
139 133.8