150 147.2
160 184.5
170 203.6
180 200.3
190 186.7
200 178.6
208 177.7
216 178.8
224 177.2
230 174.9
236 174.4
241 173.6
245 175.7
247 174.9
249 178.9
250 172.1
249 170.2
247 170.6
245 174.4
241 177.2
236 172
230 177.6
224 176.3
216 179
208 171.2
200 175.8
190 171.2
180 170.2
170 170.1
160 174.5
150 171.4
139 169.3
129 172.7
119 167.5
109 168.1
100 171.6
91 172.3
83 176.2
75 172.1
69 169.7
63 174.7
58 167
54 170.6
52 167.2
50 170.3
50 169.4
50 168.5
52 168
54 167.1
58 172.2
63 167.3
69 158.6
75 171.1
83 166
91 161.5
100 171.7
109 172.8
119 163.8
129 170.8
139 169.5
149 162.7
160 163.6
170 167.7
180 162.7
190 172
199 165.6
208 168.4
216 169.2
224 169.1
230 163.3
236 163.2
241 157.3
245 165.7
247 164.8
249 166.1
250 167.9
249 162.6
247 161
245 157.9
241 170
236 162
230 164.9
224 157.9
216 156.9
208 169.5
199 164
190 169.5
180 163.4
170 161.4
160 163.7