150 146.9
160 191
170 215.7
180 222.4
190 222.3
200 203.6
208 189.4
216 161.7
224 127.4
230 132.6
236 142.1
241 150.3
245 152.3
247 164
249 169.2
250 174.1
249 179.4
247 160.4
245 161.5
241 154.7
236 154.2
230 153.3
224 165.2
216 172.4
208 165.9
200 170.3
190 161.3
180 157.2
170 155.8
160 156.6
150 162.6
139 162.8
129 166.8
119 163.9
109 159.1
100 154.2
91 156.6
83 162.5
75 155.6
69 162.9
63 161.3
58 164.4
54 168.9
52 158
50 157.4
50 162.3
50 160
52 154.6
54 151.6
58 158.2
63 161.6
69 160.5
75 152.4
83 153.6
91 156.9
100 153.4
109 158.1
119 159.9
129 160.4
139 158.4
149 159.3
160 155.4
170 156.1
180 154.4
190 155.8
199 149.1
208 152.2
216 153.3
224 153.5
230 159
236 154.3
241 150.5
245 150.6
247 154.5
249 152.6
250 147.9
249 150.3
247 156.5
245 153.5
241 152.6
236 157.7
230 152.2
224 153.1
216 154.1
208 156.7
199 146.1
190 156
180 156.1
170 146.3
160 151.1
150 147.1
139 148.5
129 149.5
119 147.7
109 151
99 154.2
91 149.3
83 148.9
75 143.7
69 150.7
63 146.3
58 144.4
54 159.7
52 148.1
50 147
50 146.1
50 151.8
52 145.1
54 149.6
58 149.1
63 147
69 144.1
75 149.5
83 146.8
91 151.3
100 142.9
109 143.8
119 149.1
129 146.4
139 142.4
149 143.7
160 148.6
170 146.8
180 145
190 141.9
199 149.8
208 140.7
216 142.8
224 148
230 139.3
236 149.7
241 145.4
245 153.3
247 144.8
249 142.1
250 142.2
249 148
247 141.4
245 138.9
241 145