150 158.6
160 183.3
170 200.4
180 193.4
190 187
200 176.7
208 172.5
216 172.2
224 176.8
230 182.8
236 179
241 170.1
245 170.3
247 171.2
249 173.5
250 176.1
249 170.8
247 173.5
245 172.2
241 173.9
236 174.8
230 173.8
224 177.8
216 176.4
208 171
200 176.2
190 175.8
180 175.6
170 176.4
160 175
150 171.7
139 166.9
129 176.6
119 170.1
109 170.4
100 164
91 164.3
83 170
75 166
69 168.1
63 171.8
58 165.9
54 169.6
52 162.5
50 171.2
50 171.8
50 169.5
52 166.8
54 168.1
58 170.4
63 169.3
69 171.3
75 164.4
83 164.7
91 168.7
100 163.3
109 169.1
119 165.9
129 159.9
139 162.8
149 172.1
160 166
170 165.9
180 158.7
190 168.7
199 170.7
208 163
216 164.7
224 166.1
230 167.2
236 168
241 165.2
245 161.3
247 158.9
249 166.2
250 158.9
249 164.6
247 164.4
245 166.7
241 162.4