150 151.1
160 197
170 228.7
180 234.2
190 237.3
200 244.5
208 243.6
216 246.2
224 256.7
230 256.9
236 260.9
241 247.8
245 236.9
247 232.1
249 209.6
250 200.1
249 181.9
247 164.7
245 156.1
241 139.4
236 132.3
230 123.2
224 113
216 103
208 100.6
200 94.1
190 92.7
180 98.9
170 125
160 136.6
150 154.3
139 156.1
129 176.3
119 182.7
109 190.6
100 187.5
91 185.4
83 190.1
75 201.3
69 203.5
63 202.4
58 190
54 176.7
52 163.9
50 144.4
50 133
50 117
52 111.6
54 98.7
58 98.7
63 94.2
69 96.2
75 108.7
83 129
91 135.9
100 152
109 168.7
119 177.5
129 183.2
139 179
149 179.8
160 183.7
170 189.2
180 195.4
190 190.8
199 188.9
208 176.8
216 168.1
224 143.9
230 134.6
236 124.6
241 111.3
245 105.3
247 100.6
249 92.1
250 93.4
249 100.6
247 117
245 129.7
241 144.4
236 165.3
230 168.7
224 177.1
216 175.8
208 175.1
199 180.8
190 183.2
180 181.9
170 186.8
160 185
150 181.2
139 165.3
129 152.4
119 133.1
109 122
99 116.9
91 104.5
83 99.1
75 92.2
69 93.2
63 102
58 108.4
54 122.6
52 141.5
50 148.1
50 161.9
50 172.5
52 172.9
54 172.4
58 174.1
63 175.1
69 184.3
75 181.4
83 175.2
91 175
100 158.7
109 150.9
119 139.5
129 123.3
139 117.5
149 104.2
160 98.7
170 95.4
180 86
190 86.6
199 100
208 120.9
216 126.4
224 144
230 156.5
236 160.8
241 174.1
245 169.7
247 165.9
249 171.9
250 167.5
249 174.9
247 184.8
245 176.5
241 163.6