150 146.1
160 184
170 208.3
180 197
190 175.6
200 180.9
208 168.4
216 171.8
224 170.1
230 168
236 161.3
241 164.1
245 171.4
247 168.8
249 165.4
250 171.9
249 165.7
247 173.5
245 158.8
241 169.6
236 165.6
230 168.4
224 165.2
216 164.8
208 167.3
200 169.1
190 158
180 165.3
170 160.5
160 171.2
150 165.9
139 158.9
129 166.7
119 161
109 158.6
100 161.3
91 161
83 158.8
75 156.7
69 154.8
63 159.2
58 157.2
54 164.4
52 166.8
50 169.3
50 156.6
50 162.6
52 162.7
54 159.5
58 160.8
63 159.5
69 160.5
75 165.1
83 161.1
91 169.8
100 159.6
109 156.1
119 160
129 155.7
139 160.6
149 163.3
160 150.7
170 157.7
180 165
190 158.3
199 156.8
208 153.5
216 157
224 162
230 166.3
236 158.5
241 158.8
245 156.1
247 154.5
249 154.4
250 149.6
249 157.9
247 154.1
245 153.8
241 154.9
236 156.1
230 157.8
224 157.8
216 151.6
208 151.6
199 161.3
190 149.2
180 152.3
170 152
160 150.4
150 154.7
139 152.4
129 151.9
119 157.3
109 153.6
99 153.9
91 152.3
83 151.3
75 148.7
69 146.3