150 151.5
160 238.8
170 240.3
180 193.8
190 144.9
200 141.5
208 141.5
216 133.8
224 181.1
230 245.2
236 153.4
241 141.3
245 139.1
247 133.7
249 147
250 210.5
249 215.8
247 144.1
245 139.8
241 131.8
236 131.6
230 138.1
224 213.3
216 203.4
208 140.5
200 139.3
190 137.6
180 128.8
170 147
160 216.3
150 191.8
139 134.3
129 133.6
119 134.9
109 127.9
100 162.3
91 228.6
83 168.5
75 143.5
69 134.2
63 126.6
58 134.1
54 200.1
52 225.2
50 137.3
50 133.7
50 130.2
52 129.1
54 137.4
58 208
63 211.1
69 135.9
75 134.1
83 123.7
91 124.8
100 146.6
109 217.1
119 186.5
129 138.4
139 129.8
149 124.6
160 120.6
170 153.2
180 223.1
190 176
199 134.6
208 135.2
216 123.3
224 124.1
230 180.3
236 227.1
241 145.8
245 134.8
247 124.5
249 117.5
250 133.2
249 200.6
247 201.7
245 131.5
241 132.1
236 125.9
230 115.8
224 142.9
216 203.8
208 189.5
199 126.8
190 126.3
180 126
170 117.6
160 148.2
150 213.1
139 170.2
129 132.3
119 127.8
109 128.3
99 128.9
91 166.8
83 216.2
75 142.6
69 137.4
63 131.3
58 122.1
54 133.9
52 189.8
50 196
50 128.2
50 129.1
52 127.2
54 114.1
58 131.7
63 199.6
69 187.3
75 123.6
83 124.1
91 124.3
100 117.7
109 144.4
119 208.9
129 175.2
139 125
149 122.8
160 118.4
170 120.5
180 148.4
190 220.7
199 150.9
208 124.9
216 120.9
224 118.4
230 120.3
236 176.7
241 208.5
245 125.9
247 123.8
249 118
250 116
249 131.2
247 188.9
245 182
241 126.5
236 113.2
230 120.6
224 113.1
216 130.1
208 200.9
200 174.8
190 116.6
180 119.4
170 109.6
160 111.1
150 137.8
139 202.9
129 158.1
119 118.7
109 115.3
100 108.4
91 116.1
83 161.8
75 201.1
69 120.9
63 127.7
58 109.8
54 108.2
52 119.9
50 185.7
50 180.1
50 119.6
52 115.3
54 110.6
58 101.3