150 144.5
160 191.4
170 228.9
180 226
190 228
200 224.2
208 230.9
216 224.3
224 230.3
230 221.1
236 224.1
241 217.5
245 216
247 217
249 213.1
250 213.1
249 218.2
247 214.6
245 219
241 212
236 203.5
230 204.5
224 205
216 217.3
208 209.7
200 206.7
190 200.7
180 204.1
170 206.2
160 199.2
150 197.8
139 196.4
129 199.4
119 196.9
109 200.4
100 200.4
91 196.8
83 200.2
75 192.6
69 195.9
63 200.5
58 188.5
54 196.8
52 191.1
50 194.8
50 194.9
50 192.6
52 178
54 200.2
58 193.1
63 192.6
69 188.2
75 188.7
83 185.7
91 186.1
100 176.5
109 187
119 173.8
129 178.1
139 174.6
149 173.1
160 170.2
170 166.6
180 160.4
190 161.2
199 144
208 142.6
216 138
224 135.1
230 131.2
236 134
241 130.2
245 137
247 133.1
249 137.1
250 134.6
249 138.7
247 134.5
245 133
241 137.6
236 134.8
230 134.7
224 128.5
216 130.3
208 140.3
199 133.4
190 130.6
180 132.2
170 129.9
160 131.7
150 131.7
139 134.2
129 133
119 127.2
109 131.4
99 129
91 129.1
83 127.6
75 123.5
69 128.7
63 134.7
58 124.8
54 129.7
52 128.2
50 133.9
50 127.8
50 132.2
52 132.2
54 134.4
58 133.3
63 125.6
69 133
75 128.7
83 127.9
91 126.1
100 128.6
109 125.8
119 132.1
129 131.9
139 133.3