150 149.3
160 226.7
170 264.9
180 262.9
190 273.5
200 275.6
208 261.6
216 256.6
224 250
230 247
236 218.6
241 193.8
245 156.9
247 116.4
249 101
250 88.3
249 80.2
247 80.3
245 79
241 72.7
236 74.8
230 75.7
224 83.3
216 92.2
208 107.9
200 126.6
190 161.3
180 215.4
170 243.2
160 248.4
150 247.5
139 234.4
129 217.9
119 198.1
109 167.7
100 122.9
91 99.3
83 89.3
75 81.8
69 75.3
63 73.6
58 78.7
54 76.2
52 76.8
50 79.8
50 86.7
50 107.6
52 125.2
54 155.8
58 207.4
63 244
69 239.3
75 238.8
83 238.3
91 216.3
100 198.3
109 167.8
119 124.3
129 97.3
139 80.2
149 77.9
160 74.6
170 69.2
180 69.4
190 71.9
199 75.8
208 77.7
216 87.2
224 100.2
230 118.7
236 144.8
241 190.4
245 237.9
247 241.6
249 235.4
250 226
249 222.8
247 195.5
245 172.8
241 130.1
236 96
230 82.3
224 76.8
216 77
208 70.5
199 70.7
190 69.5
180 72.4
170 70.8
160 82.1
150 95.9
139 116.4
129 138.4
119 184.8
109 225.7
99 236.7
91 234.9
83 227.5
75 216.4
69 193.8
63 167.3
58 130.2
54 98.5
52 82.6
50 75.7
50 76.2
50 66.4
52 67.7
54 69.4
58 73.2
63 72.5
69 79.7
75 89.6
83 107.1
91 130.7
100 166
109 222.4
119 233.1
129 229.9
139 216.1
149 212.2
160 192.7
170 163.4
180 130.1
190 91.4
199 82.9
208 74.6
216 66.9
224 68.7
230 64
236 67.4
241 63.7
245 73.6
247 76.3
249 88.9
250 115.5
249 127.6
247 168
245 212.7
241 225.7
236 216.2
230 209.8
224 202.1
216 189.2
208 159.1
200 125.1
190 98.6
180 77
170 72.5
160 66.4
150 65.6
139 63.3
129 61.6
119 64.1
109 70.3
100 73.1
91 85.4
83 99.6
75 122.1
69 150