150 148.6
160 192.7
170 214.1
180 197.8
190 190.5
200 188.6
208 172.8
216 160.3
224 167.5
230 158.8
236 166.8
241 163.1
245 157.3
247 160.3
249 153.1
250 162.7
249 159.7
247 161.1
245 154.5
241 160.3
236 158.2
230 158.3
224 164.3
216 151.6
208 154.4
200 152.8
190 167.6
180 160.5
170 158.6
160 147.3
150 151.7
139 153.6
129 156.1
119 152.6
109 152.3
100 152.9
91 154.7
83 150.5
75 157.4
69 154.2
63 154.5
58 154
54 152.9
52 154.8
50 153
50 149.8
50 148
52 152
54 157.7
58 156.4
63 153.2
69 148.7
75 150.6
83 148
91 153.4
100 153.8
109 148.1
119 156
129 153
139 148.2
149 146.2
160 145.8
170 148.1
180 150.3
190 149.1
199 150.4
208 151.8
216 158.4
224 147.3
230 146.6
236 146.5
241 153.6
245 153.8
247 148.3
249 149.4
250 146
249 153
247 145.1
245 145.9
241 150.3
236 147.9
230 149.3
224 143.3
216 147.7
208 150
199 145.3
190 141.1
180 145
170 146.8
160 154.2
150 150.3
139 144.7
129 142.5
119 138.7
109 139.3
99 149.1
91 144.6
83 148.2
75 146
69 146.4
63 148.1
58 144.1
54 144.9
52 142.6
50 143.8
50 142.6
50 142.2
52 142.3
54 143.7
58 141.9