150 148.2
160 157.5
170 173.4
180 183.4
190 191.8
200 198.6
208 200.9
216 203.7
224 205.5
230 205.9
236 200.5
241 209.6
245 206.7
247 210.6
249 208.5
250 207.7
249 212.2
247 215.7
245 212.1
241 212.9
236 200.2
230 210.2
224 206.9
216 206.1
208 211.5
200 205.2
190 221.3
180 202.9
170 198.7
160 201.9
150 201
139 193.2
129 187.6
119 183.7
109 175.8
100 171.2
91 166.5
83 161.4
75 151.3
69 149
63 147.8
58 147.2
54 137.9
52 134.8
50 135
50 135.3
50 126.5
52 125.7
54 131.4
58 131.7
63 129.7
69 127.5
75 131.3
83 131.9
91 131.8
100 126.6
109 138
119 139.3
129 147.3
139 150.1