150 147.5
160 183.9
170 207.5
180 218.2
190 206
200 186.5
208 150.3
216 124.6
224 136.6
230 132
236 143.7
241 147.9
245 149.8
247 153.5
249 162.1
250 162.8
249 166.5
247 154.7
245 161.1
241 157.3
236 145.7
230 156.1
224 159.7
216 154.1
208 162.4
200 158.3
190 167.5
180 154.1
170 150.7
160 161.8
150 154.8
139 156.3
129 158.9
119 153.8
109 156.9
100 153.9
91 155.6
83 152.9
75 154.2
69 146.1
63 158.1
58 154.3
54 155.3
52 157.5
50 157.4
50 160
50 153.1
52 153.3
54 155.8
58 156.3
63 153.1
69 157.9
75 151.1
83 154.5
91 148.9
100 153
109 152.2
119 154.4
129 151.8
139 151.9
149 148
160 150.9
170 153.4
180 152.2
190 157.3
199 154.3
208 150.6
216 151
224 151.3
230 150.3
236 151.4
241 151.2
245 143
247 145.2
249 145.2
250 151.2
249 151.7
247 150.6
245 145.8
241 150.3
236 153.3
230 147.4
224 148.5
216 153.6
208 147.5
199 141.6
190 144.4
180 145.5
170 146.5
160 142.3
150 139.5
139 147.5
129 150.1
119 150.2
109 145.3
99 150
91 146.6
83 144.8
75 147.9
69 144.3
63 144.7
58 145.9
54 144.4
52 143.6
50 140.1
50 147.5
50 144.3
52 148.2
54 141.5
58 143
63 150.3
69 143.3
75 146.2
83 148.4
91 144
100 144.1
109 145.3
119 141.1
129 139.9
139 136.4
149 142.9
160 135.2
170 140.3
180 140.3
190 141.3
199 142.5
208 140.4
216 143
224 138.5
230 146.7
236 143.4
241 145.9
245 140.5
247 139.6
249 137.4
250 145.5
249 141
247 141.6
245 138.8
241 135.3