150 149.5
160 197.3
170 219.7
180 218.7
190 207.7
200 190.5
208 155.1
216 124.4
224 139.7
230 142.1
236 149
241 154
245 174.8
247 178.5
249 177.2
250 178.4
249 156.8
247 156
245 160.9
241 164.3
236 176
230 176.2
224 181.2
216 172.2
208 163.8
200 154.3
190 159.7
180 166.3
170 177.1
160 177.7
150 172.4
139 166.6
129 156.8
119 158
109 153.6
100 165.2
91 178.1
83 167.4
75 161.9
69 160.7
63 154.3
58 151.4
54 164.3
52 170
50 170.8
50 170.9
50 159.6
52 150.5
54 153.5
58 155.3
63 167.7
69 167.4
75 166.8
83 163.1
91 158.3
100 153
109 154.7
119 162.5
129 172.6
139 163.8
149 161
160 154.8
170 146.3
180 146.6
190 157
199 158.4
208 172.5
216 165.4
224 163.4
230 153.4
236 146.3
241 155.7
245 163.3
247 161
249 162.7
250 166.2
249 161
247 153.8
245 145.4
241 146.3
236 155.1
230 166.2
224 171.6
216 161.8
208 150.6
199 148.6
190 145.6
180 153.7
170 161.6
160 167.3
150 157.4
139 159.8
129 142.9
119 149.5
109 150.8
99 156.4
91 161.4
83 161.8
75 157.8
69 149.1
63 141.8
58 146.3
54 149.8
52 158.9
50 158
50 159.1
50 151.7
52 136.7
54 145.9
58 151.2
63 151
69 163.3
75 157.3
83 159.8
91 145.7
100 144
109 142.4
119 148
129 157.8
139 161.6
149 161.1
160 147.5
170 145.2
180 139.7
190 148.3
199 157.8
208 150.4
216 150.3
224 154.2
230 143.9
236 144.6
241 140.9
245 144.4
247 155.4
249 160.4
250 156
249 148.7
247 137.4
245 138.5
241 140.5
236 149.4
230 151.4
224 151.9
216 149.5
208 144.3
200 128.3
190 135.3
180 147.1
170 154.5
160 155.5