150 151.2
160 200.7
170 234.8
180 226.1
190 220.9
200 203.3
208 169.8
216 132.6
224 118.5
230 139.2
236 151.6
241 163
245 179.5
247 191.7
249 187.5
250 181
249 159.6
247 142.3
245 148.4
241 163.1
236 178.6
230 188.6
224 183.3
216 174.1
208 154.9
200 142.8
190 153.6
180 169.9
170 188.9
160 182.9
150 182.2
139 168.1
129 142
119 145
109 152.4
100 169.5
91 179.8
83 189.7
75 177.9
69 165.2
63 138.5
58 149.4
54 160.8
52 172.9
50 186.3
50 192.2
50 170.1
52 153.3
54 136.3
58 146.5
63 159.7
69 179.6
75 182.4
83 178.2
91 172
100 142.9
109 134.3
119 152.9
129 165
139 177.9
149 190.2
160 171.4
170 159.9
180 141
190 137.7
199 155.9
208 166
216 175.3
224 175.8
230 171.3
236 146.1
241 130.7
245 142.9
247 156.1
249 177.7
250 177.1
249 178.5
247 163.9
245 141.2
241 131
236 146.6
230 157.3
224 175.1
216 184.8
208 173
199 153.6
190 139.4
180 136.6
170 145.8
160 164.8
150 171.1
139 176.2
129 168.2
119 146.6
109 130.9
99 142.4
91 153.9
83 168.4
75 176.3
69 168.5
63 165.5
58 147.8
54 133.4
52 138
50 155.8
50 165.4
50 172.9
52 171.6
54 157.6
58 137.1
63 124.8
69 142.7
75 153
83 169.8
91 175.4
100 163.1
109 150.8
119 127.3
129 128.6
139 151.4
149 166.4
160 170.2
170 167.3
180 155.3
190 144.2
199 123.5
208 136.5
216 148.8
224 158.9
230 170.9
236 165.8
241 157.1
245 133.9
247 129.1
249 134.4
250 148.1
249 156.6
247 171.2
245 157.8
241 148.6
236 124.5
230 125.1
224 136.8
216 155.1
208 168.5
200 162
190 160.8
180 137.4
170 124
160 132.1