150 139.8
160 192
170 220.9
180 209.3
190 203.4
200 185.1
208 183.4
216 169.4
224 162.9
230 162.3
236 155.8
241 160.1
245 147.2
247 147.2
249 153.3
250 146.3
249 151
247 144.6
245 149
241 144.9
236 139.9
230 142.1
224 145.4
216 151.7
208 138.5
200 147.4
190 143.6
180 143.5
170 140
160 140.8
150 142.3
139 144.5
129 146.5
119 141.6
109 139.1
100 147.1
91 142.2
83 137.2
75 141.1
69 141.9
63 139.8
58 141.6
54 137.4
52 139.5
50 144.7
50 142.8
50 142.4
52 148.3
54 140.5
58 137.5
63 140.9
69 137.1
75 134.7
83 144.8
91 139.4
100 146.8
109 136.8
119 138.1
129 140.3
139 148.3
149 137.6
160 135.3
170 133.8
180 146.5
190 142.2
199 136.3
208 139
216 142
224 138.2
230 132.3
236 137.5
241 135.2
245 132.6
247 137
249 135.9
250 140.9
249 131.4
247 137.1
245 133.3
241 139.8
236 137.6
230 136.4
224 137.7
216 135.4
208 136.6
199 133.2
190 138.8
180 139.4
170 136
160 132.2
150 130.5
139 129
129 130.5
119 134
109 136.3
99 134.8
91 134.9
83 132.8
75 135.6
69 136.1
63 133.1
58 129.8
54 135.4
52 132.7
50 135.9
50 132.8
50 136.1
52 133.3
54 126.3
58 131.8
63 135.6
69 133.3
75 134.9
83 127.6
91 121.7
100 130.3
109 127.6
119 125.9
129 129.2
139 132.8