150 150.1
160 234.6
170 227.9
180 175.1
190 132.4
200 128.2
208 114
216 158.6
224 227.1
230 166.5
236 135.8
241 125.1
245 121.8
247 157
249 217.5
250 171.7
249 135.3
247 129.3
245 122
241 148.9
236 218.9
230 192.5
224 124.6
216 123.4
208 120.4
200 135.8
190 206.5
180 207
170 131.2
160 122.5
150 119.2
139 126
129 167.8
119 217.8
109 149.7
100 124
91 114.8
83 122.1
75 163.2
69 217.6
63 139.8
58 129.4
54 125.5
52 123.7
50 162.1
50 218.1
50 149.9
52 127.2
54 110.5
58 116.4
63 167.9
69 217
75 149.5
83 131.7
91 115.8
100 118.2
109 162
119 209.8
129 155.8
139 130
149 121.2
160 115.6
170 152.4
180 214.3
190 149.1
199 124.7
208 118.5
216 113.9
224 145.8
230 213.1
236 156.4
241 129.1
245 119.2
247 113.6
249 147.4
250 205
249 149.9
247 129.4
245 115.1
241 108.3
236 143.8
230 201.6
224 154.9
216 121.1
208 114.7
199 114.2
190 145.1
180 204.3
170 162.8
160 124
150 115.1
139 108.1
129 140.2
119 205.2
109 169
99 121.7
91 114.5
83 113.4
75 132.1
69 191.1
63 172
58 126.1
54 113.8
52 106.6
50 119.8
50 173.2
50 208.9
52 123.5
54 105.2
58 109.5
63 104.8
69 148.3
75 201.4
83 140.9
91 122.4
100 108.8
109 110.5
119 147.3
129 208.3
139 134.4
149 122.9
160 113.6
170 107.1
180 150.9
190 201.8
199 138.3
208 113.6
216 107.3
224 110.4
230 143.4
236 197
241 139.9
245 113.4
247 102.9
249 99.8
250 147.2
249 193.5
247 133.6
245 118
241 106
236 109.3
230 147.7
224 198.1
216 143.2
208 115.7
200 105.3
190 106.6
180 140
170 195
160 145.1
150 112
139 108.9
129 104.7
119 136.3
109 195.5
100 147
91 120.2
83 108.1
75 99.2
69 135.7
63 196.9
58 144
54 114.6
52 103.6
50 100.3
50 134.8
50 191
52 141.3
54 115.1
58 108.6