150 155.6
160 159.3
170 168.2
180 167.5
190 171.3
200 158.2
208 144.5
216 136.2
224 123.2
230 114.4
236 113.9
241 114.8
245 108.4
247 102
249 106.5
250 107.4
249 101.9
247 102.9
245 98.8
241 99.9
236 107.6
230 103.2
224 103.4
216 98
208 98.9
200 98.2
190 103.8
180 97.8
170 102.7
160 104.6
150 99.2
139 98.2
129 97.8
119 94.8
109 100.4
100 101
91 96.9
83 101.2
75 98.8
69 101.9
63 99.8
58 96.8
54 105
52 102.2
50 99.9
50 101.1
50 102.5
52 100.2
54 102.3
58 100.7
63 97.2
69 94.3
75 91.4
83 97.9
91 97.7
100 95.5
109 99.8
119 99.1
129 101.2
139 96.6
149 100.6
160 94.7
170 98
180 99.3
190 93.5
199 100.2
208 100.1
216 97.7
224 99
230 99.4