150 155.2
160 193.9
170 219.7
180 213.5
190 195.3
200 186.1
208 178.9
216 165.1
224 167.8
230 153.3
236 162
241 155.3
245 146.6
247 152.4
249 150.5
250 147.2
249 150.6
247 143
245 152.6
241 141.9
236 148.2
230 147.7
224 156
216 142.9
208 148.8
200 148.2
190 146.1
180 150
170 144.2
160 145.1
150 153.5
139 148.1
129 143.1
119 143.6
109 152.3
100 154.9
91 153.1
83 146.2
75 145.2
69 152.4
63 136.7
58 144
54 144.6
52 151.1
50 144.2
50 142.2
50 144.3
52 142.9
54 140.6
58 139.3
63 138.6
69 142.2
75 141.3
83 140.8
91 142.9
100 141.5
109 139
119 143
129 140.3
139 149.5
149 141.7
160 143.8
170 139.6
180 138.6
190 142.7
199 146.6
208 149.2
216 142.9
224 147.1
230 146.2
236 138.2
241 134.6
245 143.6
247 144.5
249 140.5
250 142.4
249 143.5
247 142.1
245 133.3
241 140.9
236 141.3
230 140.6
224 138.1
216 138.7
208 144.9
199 141
190 142.1
180 141.1
170 136.8
160 139.1
150 138.5
139 137.8
129 132.5
119 140.4
109 141
99 137.5
91 139.6
83 137
75 132.9
69 139.7
63 139.4
58 132.2
54 139.7
52 129
50 142.7
50 136.2
50 138.7
52 136.1
54 139.7
58 136.2