150 148.5
160 161.7
170 169
180 199.4
190 209.2
200 227
208 227.9
216 236.5
224 235.8
230 242.1
236 240.5
241 235.1
245 225.7
247 217.6
249 201.5
250 194.5
249 178.5
247 164.1
245 147.6
241 131.6
236 123.9
230 118.9
224 106
216 103.6
208 94.9
200 86.8
190 86.3
180 85
170 79
160 75.4
150 74.3
139 77
129 76
119 74.3
109 72.2
100 74.9
91 72.2
83 65
75 64.4
69 64
63 63.3
58 61.9
54 67.6
52 61.1
50 63.9
50 62.2
50 62.4
52 60.9
54 57.7
58 59.5
63 56.2
69 62.3
75 59.7
83 58.1
91 57.9
100 58.7
109 53.9
119 57.8
129 54.7
139 57.4