150 145
160 192.6
170 213.4
180 203.4
190 210.7
200 197.5
208 183.4
216 171.2
224 173.1
230 162.7
236 162.1
241 154.1
245 155.9
247 157.5
249 155.1
250 145.8
249 153.3
247 143.4
245 147.6
241 151.2
236 146.4
230 147.3
224 144.1
216 146.5
208 141.4
200 151.8
190 149.5
180 146.8
170 144
160 146.8
150 151
139 151.4
129 140.4
119 145.2
109 146.7
100 150.6
91 146.6
83 140.4
75 138.7
69 150.9
63 148.5
58 144.8
54 146.4
52 146
50 148.2
50 142.9
50 149.2
52 144.6
54 145.1
58 145.9
63 150.7
69 146.8
75 147.9
83 145.8
91 148.5
100 138.8
109 137.4
119 140.3
129 141.5
139 149.7
149 145.5
160 146.6
170 143.4
180 142.7
190 144.3
199 139.3
208 143
216 144.8
224 142.2
230 145
236 147.7
241 146.7
245 137.8
247 142.5
249 147.2
250 137
249 146.3
247 142.8
245 145.4
241 140.3
236 145.8
230 142.5
224 144
216 141
208 137.4
199 142.9
190 138.4
180 141.3
170 135.9
160 139.2
150 136.6
139 138.2
129 136.5
119 135
109 131.7
99 135.5
91 138.6
83 137.1
75 137.7
69 139.3
63 134.5
58 137.1
54 135.8
52 140.3
50 136.1
50 131.3
50 134.8
52 136
54 140
58 136.3
63 135.7
69 132.7
75 138.4
83 137.5
91 131.8
100 136.4
109 136.3
119 134.8
129 140.1
139 132