150 147.1
160 193.7
170 204
180 199.1
190 187.1
200 172.1
208 165.5
216 175.5
224 162.6
230 167.9
236 164.9
241 164.9
245 169.1
247 171.6
249 164
250 166.6
249 159.6
247 173.2
245 173.3
241 173.2
236 155.8
230 163.9
224 166.4
216 167.3
208 162.1
200 156.8
190 164.4
180 162.8
170 163.6
160 161.3
150 163.2
139 160.2
129 162.9
119 161.8
109 160.7
100 165.5
91 162
83 166.2
75 164.6
69 163.2
63 159.3
58 162.6
54 160.5
52 163.5
50 157.9
50 156.9
50 162.2
52 161.7
54 156.2
58 161.8
63 161.7
69 160.8
75 166.2
83 163.6
91 157.7
100 150.7
109 160.4
119 157.1
129 157
139 161.8
149 156.1
160 156.9
170 154.7
180 160.2
190 155.8
199 160.9
208 152.9
216 155.2
224 154
230 161.7
236 150.8
241 161
245 161.2
247 159.4
249 154.3
250 156.3
249 160.2
247 153.8
245 157.6
241 153
236 153.8
230 156.7
224 154.9
216 153.5
208 154.9
199 155.9
190 154.3
180 150.1
170 153.1
160 148.6
150 148.6
139 148.4
129 157.8
119 151.7
109 148.6
99 160.7
91 151
83 157.2
75 155.8
69 154.8