150 151.9
160 234.7
170 235.3
180 180
190 142.4
200 133.2
208 129.8
216 137
224 210.2
230 216
236 145.5
241 125.6
245 127.2
247 120.6
249 166.2
250 229.7
249 164.9
247 141.8
245 133.8
241 121
236 152.7
230 223.8
224 183.2
216 143.8
208 128.7
200 126.8
190 128.4
180 188.1
170 218.9
160 142.6
150 133.9
139 124.4
129 123.4
119 156.7
109 220
100 170.1
91 135.5
83 130.3
75 119.7
69 137.6
63 209.7
58 201.7
54 136.7
52 123.1
50 121.5
50 117.4
50 163.4
52 220.9
54 159.4
58 132.8
63 129.3
69 117.5
75 150
83 218.6
91 171.4
100 137.8
109 128.7
119 125.4
129 125.6
139 196.4
149 211.5
160 130.5
170 125.8
180 116.8
190 120.3
199 155.2
208 224.9
216 167
224 129.6
230 118.8
236 116.2
241 136.1
245 207.1
247 187.5
249 132.2
250 121.3
249 122.8
247 123.2
245 165.3
241 227.6
236 142
230 136.8
224 123.6
216 113.6
208 148.7
199 215
190 167.4
180 127.5
170 122.7
160 116.8
150 132
139 197.2
129 192.5
119 126.8
109 122.5
99 109.7
91 117.3
83 152.8
75 218.2
69 148.8
63 131
58 124.7
54 113.7
52 141.4
50 210.5
50 171.8
50 129.4
52 116.7
54 114.3
58 123.7
63 170.4
69 208.7
75 130.8
83 121.7
91 115.9
100 111.2
109 146.3
119 208.7
129 153.5
139 125.1
149 117.4
160 113.1
170 121.3
180 195.8
190 187.5
199 115.3
208 115.6
216 113.7
224 107.8
230 156.8
236 204.3
241 133.8
245 122.5
247 107.8
249 107.7
250 140.8
249 195.8
247 160.9
245 125.3
241 118.7
236 110
230 124
224 182.2
216 190.2
208 117.9
200 116.3
190 108.9
180 108.4
170 140.1
160 202
150 142
139 120.6
129 106.3
119 106.5
109 132
100 193.1
91 171.6
83 121.2
75 112.9
69 105.8
63 106.3
58 154.4
54 198.4
52 131.2
50 121.5
50 107.9
50 109.1
52 133
54 199.2
58 152.4