150 147
160 192
170 211.6
180 209.1
190 212.6
200 185.4
208 159
216 124.1
224 135.8
230 139
236 140.4
241 144.4
245 154.7
247 158.5
249 159.8
250 157.6
249 161.6
247 160.2
245 159.2
241 157.5
236 158.3
230 153.3
224 158.4
216 157
208 157.6
200 160
190 158.3
180 158.1
170 150
160 156.6
150 151
139 154.5
129 153.5
119 154.6
109 162.4
100 155.8
91 162.1
83 152.4
75 161.3
69 162.4
63 155.9
58 158.6
54 157.2
52 154.7
50 156.5
50 157.9
50 152.6
52 159.4
54 158.1
58 153.8
63 150.6
69 154.4
75 153.2
83 149.6
91 149.7
100 152.6
109 150.5
119 148.2
129 153.5
139 154.5
149 157.5
160 153.2
170 154
180 154.3
190 147
199 154.4
208 148.5
216 153.8
224 151.8
230 150.8
236 149.8
241 140.7
245 152.4
247 143.5
249 148.2
250 145.7
249 146.5
247 145.8
245 147.2
241 150
236 145.1
230 147.6
224 153.5
216 145.9
208 142.3
199 150
190 145.8
180 141.5
170 149.2
160 152.6
150 146.3
139 144.9
129 150.3
119 149.4
109 151.1
99 150
91 146.6
83 145.9
75 143.8
69 148.1
63 137.1
58 140.1
54 147.6
52 143.9
50 143.3
50 140.4
50 138.2
52 141.8
54 149.8
58 136.4
63 144.1
69 150.7
75 145.8
83 142.7
91 145.1
100 143.5
109 143.9
119 147.3
129 145.9
139 147
149 135.1
160 149.4
170 147.6
180 145.9
190 138
199 137.6
208 150.1
216 144.1
224 137.2
230 138.1
236 145.4
241 136
245 144.2
247 141.7
249 139.3
250 140.5
249 141.3
247 143.4
245 137.7
241 137.9