150 152.3
160 191
170 223.7
180 224.3
190 214
200 193.4
208 153.1
216 120.1
224 137.3
230 141.2
236 149.9
241 163.3
245 160
247 173
249 169.9
250 173.6
249 167.8
247 162
245 154
241 160.9
236 171.4
230 173.1
224 167.4
216 172.8
208 166.4
200 155
190 160.9
180 163.1
170 168.5
160 161.4
150 169.3
139 168
129 161.7
119 160.1
109 157.1
100 172.7
91 165.6
83 165
75 160.5
69 156.6
63 159
58 152.3
54 152
52 158.2
50 160.4
50 167.3
50 161.8
52 161.5
54 157.7
58 156
63 161.3
69 162.5
75 165.2
83 164.9
91 157.7
100 161.7
109 158.4
119 162.3
129 156.1
139 158.5
149 160.2
160 157.7
170 160
180 150.1
190 165.7
199 151.3
208 163.4
216 158.5
224 150.5
230 157.8
236 153.7
241 154.4
245 155
247 156.7
249 148.8
250 153.5
249 156.7
247 159.4
245 147.2
241 154.6
236 152.1
230 163.4
224 163.2
216 148
208 154.5
199 156.3
190 153.3
180 155.1
170 159.8
160 155.7
150 154.6
139 154.2
129 152.1
119 150.1
109 153.7
99 148.2
91 150.8
83 149.9
75 151.8
69 155.2
63 155.5
58 159.3
54 153
52 153.9
50 153.6
50 150
50 152.3
52 150.9
54 147.7
58 148.5
63 148.1
69 153.3
75 151.1
83 149.5
91 149.6
100 144.8
109 148.5
119 146.4
129 150.2
139 146.2
149 150.6
160 148.7
170 152.8
180 150.4
190 154.1
199 148
208 143.6
216 141.8
224 154.9
230 142.3
236 134.6
241 150.5
245 142
247 149.9
249 146
250 142.8
249 141.8
247 143.4
245 147.8
241 145.9
236 140.9
230 148.9
224 144.5
216 140.7
208 145.8
200 139.1
190 146
180 144.6
170 140.4
160 144.4