150 156.4
160 236.6
170 240.9
180 193.6
190 141.6
200 140.9
208 128.1
216 126.5
224 190.3
230 232.9
236 156.7
241 141.6
245 132.9
247 124.9
249 142.1
250 223.1
249 198
247 137.9
245 133.3
241 134.6
236 126.5
230 159.2
224 236.7
216 176.6
208 135.4
200 133.2
190 129.3
180 130.7
170 196.3
160 232
150 144
139 135.9
129 132.9
119 124.6
109 142.3
100 216.3
91 202.5
83 134.3
75 137.5
69 122
63 122.7
58 154.6
54 225.4
52 165.8
50 136.2
50 137.9
50 119.5
52 135.8
54 193.8
58 223.8
63 139.3
69 130.9
75 132.3
83 126.2
91 144.2
100 207
109 192.3
119 136.9
129 130.5
139 129.6
149 126.6
160 155
170 225.7
180 160.5
190 131.2
199 129.2
208 117.5
216 129.4
224 195.5
230 212.4
236 133.9
241 129.5
245 118.4
247 119.4
249 141.6
250 204.3
249 182.5
247 126.9
245 124
241 118
236 117.5
230 157.9
224 222.1
216 160.5
208 138.9
199 125.9
190 120.5
180 132.4
170 197.6
160 198.9
150 121
139 122.3
129 122
119 119.5
109 146.7
99 212.7
91 173.3
83 128.1
75 126.4
69 119.5
63 118.2
58 158.1
54 221.4
52 140.9
50 128.1
50 118.4
50 115.1
52 130.4
54 199.3
58 193.9
63 124.9
69 120.2
75 114.1
83 120.3
91 137.4
100 212.7
109 171.2
119 124.2
129 117.6
139 116.7
149 118.6
160 167.7
170 215.1
180 133.6
190 125.9
199 119.1
208 109.8
216 125.4
224 199.5
230 184.4
236 122.9
241 120.9
245 115.5
247 115.4
249 146.4
250 202.3
249 158
247 122.1
245 117.2
241 113.8
236 116.1
230 173.9
224 197.7
216 124.7
208 119.7
200 112.5
190 113.9
180 127.6
170 194.9
160 178
150 117
139 112.9
129 111.9
119 106
109 143.2
100 198
91 158.8
83 121.3
75 116
69 113.5
63 115.6
58 170.1
54 189
52 122
50 114.2
50 114
50 110.4
52 124.9
54 181.2
58 166.8