150 146
160 231.5
170 228
180 156.9
190 131
200 119.7
208 118.9
216 163.5
224 208.7
230 152.5
236 126.7
241 117
245 117.8
247 165.8
249 216
250 140.5
249 125.6
247 110.8
245 123
241 176.7
236 213
230 148
224 122.4
216 112.6
208 116.7
200 163
190 211.7
180 137.3
170 123
160 106.2
150 123.4
139 163.9
129 204.1
119 137.5
109 117.4
100 106.8
91 118.8
83 157
75 215.3
69 140.3
63 121.9
58 111.3
54 113.9
52 165.8
50 205.5
50 138.3
50 120
52 100.7
54 115
58 175.7
63 210.3
69 136
75 117.1
83 107.6
91 114.5
100 164.1
109 211.5
119 135.3
129 117.2
139 105.3
149 120.5
160 155.7
170 198.3
180 134.7
190 114.1
199 103.1
208 112.5
216 164.4
224 201.5
230 128.8
236 115.4
241 105.7
245 116.4
247 158.6
249 199.4
250 133.2
249 116.8
247 105
245 113.3
241 156.5
236 202.3
230 130.9
224 119.2
216 100.8
208 114
199 160.3
190 198.8
180 125.8
170 112.4
160 106.3
150 114.3
139 163.6
129 197.8
119 129.2
109 106.9
99 98.2
91 108.9
83 151.9
75 197.5
69 126.6
63 108.6
58 101.8
54 108.6
52 161.9
50 196.8
50 129.3
50 111.6
52 100
54 109.2
58 154.4
63 188.7
69 125
75 109.1
83 96.6
91 106.6
100 153.5
109 194.7
119 124.3
129 112.5
139 101.9
149 106.7
160 149
170 189.1
180 130
190 112.4
199 95.8
208 112
216 148.7
224 187.6
230 123.3
236 107.3
241 102.2
245 106.1
247 150.3
249 192.2
250 124
249 106.9
247 102.2
245 105.9
241 147.5
236 189.9
230 125.6
224 109.1
216 97.6
208 104.1
200 155.1
190 184.1
180 120.7
170 108.5
160 93.4
150 107.7
139 149.3
129 184.2
119 124.5
109 102.4
100 91.4
91 102.8
83 146.3
75 187.5
69 118.3
63 107.5
58 100.3
54 103.7
52 140.5
50 183
50 122.2
50 106.6
52 91.2
54 100.6
58 147.9