150 147.2
160 196.3
170 218.5
180 214.9
190 202.9
200 182.6
208 180.2
216 166.1
224 158.4
230 149
236 139
241 139.1
245 146.2
247 136.2
249 136.9
250 137.7
249 136.4
247 137.2
245 137.5
241 137.1
236 141.4
230 140.2
224 137.2
216 139.9
208 140.4
200 132.8
190 140.3
180 135.3
170 140.6
160 135
150 142.1
139 139.3
129 130.8
119 135.4
109 139.6
100 135.6
91 130.2
83 137.6
75 133.9
69 134.6
63 132.7
58 139.8
54 141.6
52 133.9
50 136.8
50 135.5
50 133.9
52 134.7
54 134.9
58 128.9
63 126.3
69 132
75 131.6
83 136.4
91 141.9
100 132
109 132.7
119 140.9
129 135.8
139 134
149 138.6
160 129.6
170 127.9
180 132.8
190 130
199 128.3
208 127.6
216 126.7
224 127.5
230 134.9
236 131
241 130.5
245 128
247 130.6
249 128.6
250 128.7
249 130.3
247 131.9
245 123.7
241 132
236 127
230 131.4
224 127.9
216 131.2
208 130.2
199 127.9
190 131.2
180 122.9
170 122.5
160 126.5
150 129
139 128.5
129 126.3
119 127
109 128.2
99 119.5
91 128.3
83 124.2
75 133.1
69 131.7
63 126.5
58 127.6
54 125.3
52 125.1
50 124.2
50 124.8
50 132.4
52 128.2
54 123.1
58 123.2
63 123.7
69 129.7
75 124.1
83 127.5
91 126.5
100 132.6
109 124.9
119 119
129 121.9
139 129.3