150 143.1
160 199.5
170 229.2
180 237.4
190 235.7
200 245.2
208 255.9
216 255
224 257.8
230 266.3
236 254.1
241 260.3
245 248.3
247 238.2
249 238
250 221.5
249 213.6
247 193.5
245 183.1
241 173.3
236 168.8
230 141.8
224 144.3
216 130.8
208 121
200 114.1
190 104.9
180 100.7
170 99.5
160 116.8
150 128.8
139 143.4
129 161.3
119 171.2
109 177.2
100 173.6
91 174.6
83 159.9
75 150.6
69 139.7
63 147.8
58 150.5
54 149.2
52 166
50 172.4
50 171
50 165.6
52 157.1
54 155.7
58 138.9
63 143.1
69 151.5
75 159.8
83 167.4
91 169.5
100 161.5
109 160.4
119 146.4
129 140.4
139 139.1
149 141.9
160 158.3
170 162.2
180 158.4
190 164.2
199 159.2
208 158.2
216 141
224 138.6
230 140.8
236 154.2
241 156.8
245 161.8
247 158.8
249 153.3
250 143.6
249 134.7
247 140.6
245 140.2
241 153.8
236 154.8
230 160.4
224 155.8
216 158.1
208 152.6
199 139.5
190 139.8
180 145
170 149.9
160 152.7
150 151.9
139 155.9
129 156.5
119 145.4
109 135.9
99 132.1
91 134.5
83 145.5
75 157.2
69 155.8
63 155.1
58 152.3
54 142.7
52 142.2
50 133.5
50 140.2
50 148.7
52 157.1
54 153.1
58 157.6
63 146.8
69 147
75 134.9
83 138.6
91 136.7
100 147.3
109 155.5
119 153.6
129 142.9
139 138.8
149 135.8
160 138.6
170 130.8
180 142.1
190 146.6
199 146.8
208 147.2
216 148
224 146.1
230 138.5
236 129.9
241 124.8
245 138
247 150.3
249 148
250 153.6
249 150.3
247 138.2
245 134.5
241 127.8