150 150.6
160 192.8
170 206
180 195.9
190 185.1
200 178.2
208 175.3
216 164.4
224 169.2
230 162.4
236 172.7
241 168.7
245 170.5
247 163.6
249 164
250 166.8
249 165.7
247 167.6
245 168.6
241 174.7
236 160.5
230 159.9
224 169.9
216 157.3
208 166.9
200 167.8
190 161
180 165.9
170 166.5
160 162.1
150 170.1
139 163.9
129 163.2
119 164.2
109 161.4
100 161.8
91 159.6
83 161.7
75 169
69 164.5
63 158.4
58 167.1
54 155.9
52 163.7
50 166.6
50 168.3
50 159.6
52 173.6
54 160.1
58 166.9
63 156.8
69 163.3
75 156.7
83 161.9
91 159.5
100 162.4
109 162.1
119 159.9
129 163.3
139 161.7
149 158.8
160 158.1
170 160.8
180 158
190 150.5
199 158.8
208 156.3
216 159.7
224 158.6
230 153.1
236 156
241 156.2
245 157.8
247 158.6
249 156.9
250 156.3
249 152.5
247 151.7
245 159.9
241 155
236 159.7
230 152.8
224 156.5
216 164.5
208 155
199 154.7
190 158.3
180 156.3
170 147.2
160 158.2
150 154
139 154.5
129 157.9
119 156.5
109 151.6
99 150.6
91 156.9
83 156.1
75 160.9
69 148.4