150 151.3
160 163.2
170 185.3
180 199.4
190 217.9
200 230.5
208 243.9
216 238.9
224 247.1
230 253.9
236 256.9
241 253.8
245 262.5
247 270
249 259.5
250 265.4
249 264.4
247 269.4
245 258.2
241 264.2
236 269.9
230 258.9
224 265.1
216 259
208 253.8
200 248.7
190 248.4
180 240.8
170 234.3
160 223.2
150 213.3
139 198.7
129 181
119 169.9
109 160.7
100 147.3
91 138
83 133.3
75 119.4
69 109.5
63 112.7
58 107
54 104.2
52 102.5
50 100.1
50 93.3
50 103.3
52 95.6
54 97.6
58 96.9
63 95.2
69 95.8
75 96.5
83 96.1
91 95.4
100 102.5
109 98.1
119 96.3
129 103.3
139 94.7