150 154.8
160 186.9
170 209.9
180 194.8
190 189.1
200 174.6
208 177.9
216 173.5
224 167.8
230 181.1
236 174.4
241 175.3
245 174.1
247 173.5
249 175.7
250 171.9
249 178.2
247 171.7
245 178.8
241 172.1
236 175.8
230 173.2
224 176.8
216 163.6
208 173.9
200 173.1
190 175.6
180 167
170 165.1
160 164.4
150 172.7
139 170.8
129 171.7
119 171.9
109 163.7
100 170.4
91 167.3
83 173.7
75 173.4
69 171.4
63 165.4
58 162.1
54 164
52 164.3
50 169.5
50 162.5
50 166.1
52 167.6
54 164.1
58 161.5
63 165.2
69 162.2
75 161.3
83 171.2
91 167.4
100 166.3
109 168.7
119 164.4
129 167.2
139 164.9
149 167.2
160 162
170 167.9
180 166.3
190 167.4
199 166.3
208 163.7
216 165.6
224 162.9
230 165.9
236 164.2
241 166.2
245 166.4
247 160.8
249 162.7
250 158.3
249 163.6
247 163.1
245 160.7
241 155.3
236 170.3
230 161.5
224 161.9
216 161.2
208 163.5
199 158.5
190 163
180 161.8
170 155.1
160 157.3