150 147.6
160 158.9
170 169
180 170.5
190 171.8
200 152.3
208 147.7
216 140.1
224 131.1
230 125.8
236 113.5
241 112.8
245 109.6
247 106.5
249 104
250 101.1
249 97.6
247 98.6
245 101.9
241 102.1
236 100.2
230 95.4
224 100.1
216 105.5
208 100.3
200 100.4
190 98.4
180 103.8
170 100.4
160 99.6
150 101.7
139 93.3
129 101
119 96.6
109 94.9
100 97.8
91 103
83 94.9
75 95.9
69 102.4
63 94.7
58 90.7
54 91.5
52 95.3
50 98.4
50 97.3
50 98.4
52 93
54 92.3
58 94.8
63 91.7
69 92.6
75 97.1
83 99.7
91 97.2
100 101
109 100.4
119 95.2
129 100
139 100.9
149 91.7
160 100.2
170 92.2
180 94
190 97.8
199 92.6
208 99.2
216 92.1
224 93.7
230 97.2