150 154.1
160 233.1
170 233.3
180 156
190 121.7
200 114.4
208 117.7
216 158.2
224 209.7
230 145.4
236 124.3
241 112.3
245 122.2
247 171
249 200.7
250 135.3
249 124.3
247 112.6
245 126.3
241 177.2
236 204.5
230 140.5
224 114.4
216 112.8
208 125.7
200 169.4
190 210.1
180 140.2
170 120.9
160 104.7
150 112.1
139 166.3
129 206.3
119 141.7
109 119
100 106
91 115.9
83 166.1
75 198.9
69 135.6
63 114.7
58 103.9
54 115.4
52 158.5
50 209.6
50 135.5
50 114.4
52 99.3
54 116.8
58 163.3
63 209
69 131.7
75 114.9
83 105.2
91 117.8
100 161.8
109 202.7
119 137.8
129 107.6
139 100.2
149 121.1
160 156.6
170 201
180 133.1
190 117.7
199 100.8
208 122.6
216 161.2
224 200.5
230 126.4
236 116.9
241 103.7
245 113.1
247 158.7
249 203.9
250 127.4
249 115.5
247 106.1
245 112.2
241 151.3
236 199.1
230 122.3
224 109.5
216 100.3
208 107.2
199 153.3
190 190.7
180 136
170 108
160 98.1
150 113.2
139 166
129 194.2
119 120
109 110.6
99 96.5
91 111.3
83 157
75 195.2
69 132.1
63 108.7
58 101.2
54 106.3
52 158.6
50 190
50 128.7
50 113.1
52 97.4
54 110
58 156.7
63 186.1
69 122.9
75 105.3
83 99.1
91 109
100 150
109 187
119 123.9
129 106.3
139 100.3
149 103.2
160 156.3
170 186.3
180 123.3
190 106.6
199 102.5
208 104.7
216 152.5
224 184.6
230 123.9
236 101.6
241 92.8
245 102.8
247 149.1
249 186.9
250 126.2
249 105.9
247 95.8
245 101
241 150.9
236 180.6
230 124.8
224 99.9
216 95.4
208 105.2
200 160.4
190 186.4
180 120.1
170 101.4
160 92.1
150 104.6
139 150.1
129 181.3
119 118.6
109 98.4
100 92
91 111.5
83 148.8
75 180.9
69 119
63 99.9
58 92.4
54 104.2
52 142
50 182
50 120.2
50 101.7
52 92.6
54 108.9
58 145.7