150 154
160 157
170 169.2
180 178.8
190 181.8
200 183.5
208 191.8
216 183.2
224 181.7
230 188.5
236 187.8
241 192.3
245 190.8
247 187.8
249 192.3
250 194.5
249 184
247 183.7
245 178.4
241 183.5
236 182.7
230 176.8
224 165.8
216 168.7
208 168.6
200 160.7
190 159.4
180 152.6
170 145.8
160 147.3
150 147.5
139 146.4
129 146.9
119 140.1
109 143.4
100 137.1
91 142.7
83 138.5
75 142.2
69 140.1
63 140
58 144
54 150.6
52 143.6
50 149.3
50 142.5
50 148.9
52 156.4
54 155.3
58 161.5
63 151.5
69 156
75 161
83 161.6
91 157.7
100 162.2
109 161.6
119 160.9
129 158.2
139 156.9
149 155.5
160 151.8
170 150.2
180 151.5
190 157.2
199 157.2
208 144.8
216 140.9
224 141.1
230 141