150 150.2
160 152.9
170 157
180 167
190 167.4
200 167.5
208 165.4
216 158.1
224 150.9
230 149.8
236 144.7
241 128.2
245 119.1
247 118.9
249 117.7
250 119.6
249 109.9
247 112.8
245 107.4
241 97.6
236 103.1
230 103.3
224 99.4
216 96.7
208 97.3
200 98.4
190 92.7
180 94.8
170 88.3
160 91.8
150 91.5
139 91.9
129 87.7
119 90.7
109 90.2
100 90.4
91 90.5
83 87.4
75 94.7
69 95.5
63 89.9
58 90.3
54 89.7
52 91.9
50 89.8
50 92.8
50 92.6
52 87.6
54 87.4
58 95.5
63 88.4
69 89
75 94.5
83 95.3
91 89.6
100 89.9
109 89.6
119 86.9
129 88.7
139 90.4
149 91
160 91.8
170 93.3
180 92.5
190 93.7
199 88.7
208 89
216 94
224 89.8
230 97.1