150 145.3
160 234.2
170 230.4
180 167.1
190 137.7
200 124.8
208 119.5
216 162.1
224 222.6
230 159.6
236 129
241 123.2
245 122.2
247 164.2
249 215.2
250 153.4
249 130.3
247 118.8
245 124.5
241 171.7
236 222.1
230 155.4
224 128.9
216 117
208 113.2
200 166.6
190 214.9
180 145.4
170 130
160 112.5
150 115.2
139 168.4
129 222
119 144.3
109 127.3
100 117.7
91 123.8
83 168.9
75 219.4
69 140.7
63 126.9
58 116.4
54 114
52 155.9
50 211.7
50 153.4
50 127
52 119
54 117.7
58 162.3
63 221
69 151
75 127.2
83 110.1
91 118.9
100 160.4
109 218.7
119 143.3
129 124
139 114
149 114.2
160 163.7
170 209.2
180 142.6
190 124.2
199 110.3
208 117.3
216 153.4
224 212.1
230 142.5
236 120
241 115.5
245 112.2
247 160
249 200.6
250 134.8
249 126.1
247 114.1
245 113.5
241 155
236 206.5
230 139.2
224 122.1
216 112.9
208 107.5
199 158.1
190 205.5
180 137.7
170 120.2
160 110.9
150 115.6
139 157.9
129 201.5
119 129.3
109 120.9
99 109.8
91 113
83 156.4
75 202.6
69 134.2
63 120.6
58 104.7
54 113.5
52 155.4
50 207.6
50 135.8
50 115.6
52 104.6
54 108.9
58 148.2
63 204.4
69 141.4
75 116.8
83 106.8
91 106.2
100 151
109 200.3
119 137.8
129 120.6
139 100.5
149 107.2
160 150.3
170 202.9
180 132.5
190 118.9
199 101.9
208 108.4
216 144.8
224 194.5
230 131.1
236 113
241 99.4
245 109.5
247 152
249 197.6
250 132.8
249 117.8
247 105.4
245 103.6
241 157.4
236 185.5
230 131.7
224 112.1
216 102.5
208 104.5
200 148.3
190 199.7
180 133.2
170 110.4
160 105.2
150 101
139 144.9
129 189.2
119 131.6
109 116.1
100 99.4
91 106.9
83 142.3
75 194.6
69 117.5
63 110.6
58 101.4
54 105.6
52 143.8
50 192.2
50 128.6
50 113.7
52 96.6
54 98.1
58 140.4