150 153.2
160 238.2
170 259.9
180 266.2
190 262
200 257.6
208 255.2
216 231.8
224 220
230 185.4
236 144
241 108.1
245 95
247 86.2
249 77
250 73.2
249 73.3
247 67.4
245 67.8
241 70.5
236 65.6
230 70.2
224 69.4
216 68.7
208 72
200 73.3
190 75.9
180 89
170 99.9
160 115.3
150 141.4
139 164.9
129 209.1
119 235.5
109 233
100 217.3
91 199.4
83 161.9
75 129.3
69 97.8
63 85.3
58 77.4
54 72.7
52 71.5
50 67.6
50 62.8
50 63
52 67.9
54 65.5
58 68.8
63 67.1
69 73.9
75 81.7
83 86.2
91 109.8
100 120.7
109 150
119 185.9
129 222
139 229.5
149 215.2
160 206.1
170 178.8
180 139
190 110.2
199 87.4
208 74.7
216 75.8
224 68.8
230 62.3
236 67.8
241 60.7
245 64.6
247 67.7
249 62.7
250 65.8
249 68
247 76.3
245 83.3
241 98.6
236 111.8
230 132.9
224 160
216 193.8
208 222.1
199 219.5
190 211.6
180 190.9
170 158.9
160 118.5
150 92.6
139 78.3
129 70.6
119 70
109 67
99 62.4
91 69.7
83 59.1
75 62.6
69 62.8
63 64.4
58 66.5
54 68
52 76
50 83.1
50 101.1
50 117.7
52 136
54 166.4
58 220.7
63 219.3
69 219.8
75 196.2
83 179.9
91 138.8
100 109
109 85.3
119 73.1
129 73.9
139 64.3
149 65.7
160 63
170 63.8
180 59.6
190 62.4
199 64.7
208 62.7
216 70.4
224 70.9
230 80.6
236 89.9
241 101.2
245 117.3
247 150.7
249 186.7
250 212.2
249 213.9
247 199.3
245 182.9
241 162.4
236 120.9
230 96.5
224 79.2
216 66.7
208 64.3
200 60.2
190 63.7
180 60.1
170 58.3
160 57.8