150 147.1
160 189.6
170 212.1
180 219.4
190 204.6
200 182.1
208 149.7
216 124.9
224 133.9
230 139
236 144.3
241 141.5
245 150
247 149.8
249 158.8
250 164.7
249 161.8
247 164.7
245 160.7
241 158.6
236 154.3
230 154.9
224 156.7
216 159.6
208 160.2
200 162.8
190 152.8
180 154.5
170 157.9
160 148.7
150 163.4
139 159.6
129 153.9
119 155.7
109 146.8
100 159.9
91 153.5
83 152.2
75 151.9
69 156
63 164
58 153.2
54 155
52 157.3
50 154.8
50 147.7
50 148.1
52 150.6
54 159
58 158
63 156.3
69 157.9
75 149.5
83 156.4
91 154.1
100 155.7
109 160.3
119 158.1
129 154
139 147.6
149 150.1
160 150.3
170 156.2
180 155.4
190 148.2
199 155.6
208 156
216 144.9
224 145.4
230 148
236 144.9
241 152.6
245 146.7
247 146.9
249 152.1
250 148
249 148.2
247 141.8
245 146.3
241 152.5
236 146.4
230 153
224 147.5
216 150.7
208 143.6
199 134.8
190 143.7
180 145.2
170 144.4
160 148.1
150 141.7
139 146.7
129 144.3
119 144.4
109 142.7
99 147.1
91 150
83 137.7
75 146.5
69 142
63 145.8
58 140.8
54 148.4
52 146.3
50 151.1
50 145.8
50 147.1
52 138.2
54 144.6
58 142.2
63 143.4
69 141.3
75 149.2
83 144.5
91 148.8
100 144.7
109 145.7
119 144.7
129 141.6
139 135.7
149 137.5
160 141.3
170 141.3
180 141.9
190 145.8
199 138.6
208 146.3
216 144.5
224 139.5
230 148.1
236 141.4
241 137.9
245 140.1
247 143.6
249 147.1
250 139.8
249 145.8
247 135.4
245 139.6
241 141.7