150 149.1
160 230.2
170 235.5
180 204.1
190 135.8
200 131.1
208 112.4
216 132.6
224 192.3
230 224.8
236 160.4
241 130.7
245 117.5
247 122.6
249 165.9
250 225
249 187.1
247 128.7
245 123.3
241 117.5
236 151.4
230 199.6
224 212.1
216 146.3
208 122.1
200 120.1
190 126.6
180 155.7
170 222.3
160 179.6
150 127.4
139 122.5
129 115.1
119 142.8
109 197.6
100 209.2
91 144
83 123.2
75 117.1
69 116.8
63 165.3
58 218.5
54 172.6
52 124.9
50 115
50 112.6
50 152.6
52 212.3
54 189.1
58 131.1
63 117
69 113.1
75 127.1
83 179.3
91 223.8
100 154.7
109 128.4
119 117.2
129 113.2
139 155.7
149 205.4
160 175.6
170 123.4
180 115.8
190 110.3
199 133.9
208 192.3
216 215.2
224 141.2
230 122.5
236 111.6
241 113.8
245 155.7
247 207.9
249 171
250 115.2
249 117.2
247 111.3
245 128.3
241 186
236 208.3
230 132.1
224 116.8
216 114.7
208 115.4
199 150.6
190 215.1
180 159.5
170 121.4
160 110.1
150 105.7
139 140.2
129 187.9
119 192.4
109 122.6
99 120.6
91 105.4
83 110.9
75 160.2
69 213.6
63 150.2
58 123.5
54 109.7
52 101.8
50 142
50 195.1
50 175.6
52 120.7
54 110.6
58 114.2
63 121.8
69 173.1
75 208.1
83 143
91 116.5
100 110.9
109 109.6
119 144
129 198.4
139 162.1
149 117.3
160 110.3
170 99.3
180 131
190 189.4
199 192.5
208 126.4
216 116.2
224 100.8
230 106.4
236 151.2
241 199.3
245 158
247 112.8
249 102.3
250 108.7
249 133.6
247 186.6
245 176
241 122.6
236 107
230 101.7
224 110.1
216 148.7
208 203.5
200 150.5
190 107
180 108.1
170 100
160 134.2
150 187.3
139 182.5
129 116.3
119 105.2
109 95.6
100 110.4
91 164
83 198
75 137.8
69 107
63 98.2
58 101.1
54 138.9
52 196.6
50 159.1
50 104.8
50 104.9
52 94.1
54 118.2
58 170.2
63 184.6
69 124.4
75 110.3
83 98.8
91 104.9
99 143.9
109 192.7
119 155.5
129 106.4
139 97.3