150 149.2
160 193.1
170 229.5
180 234.1
190 234.8
200 235.8
208 236
216 225.6
224 231
230 217.8
236 220.3
241 216.4
245 214.7
247 211.6
249 206
250 202.3
249 196
247 194.5
245 184.3
241 188
236 176
230 187.2
224 178.7
216 165.6
208 164.2
200 162.5
190 158.2
180 148.4
170 140
160 141.1
150 141.6
139 150.4
129 143.7
119 141.5
109 143.5
100 142.9
91 140
83 146.3
75 140.2
69 138.3
63 139.2
58 145.8
54 143.2
52 139.3
50 135.5
50 144.4
50 141.4
52 138.6
54 142.9
58 141.1
63 143.5
69 141.4
75 142.1
83 140.8
91 143
100 145.1
109 140.3
119 134.8
129 145.7
139 141.1
149 140.1
160 139.5
170 138
180 140.6
190 138.5
199 138.8
208 138.4
216 135.8
224 135.8
230 135.2
236 135.9
241 143.1
245 139.1
247 140.1
249 140
250 138.3
249 137.7
247 132.8
245 134.4
241 141
236 138
230 140
224 135.2
216 138.5
208 132.5
199 132.8
190 134.1
180 134.1
170 136.2
160 138.7
150 133.5
139 137.2
129 140.9
119 140.5
109 133.2
99 132.6
91 131.2
83 133.1
75 131.9
69 134.5
63 132.2
58 129.6
54 141.2
52 138.1
50 130.5
50 136.4
50 127.4
52 130.7
54 136.8
58 122.2
63 130.4
69 134.1
75 130.2
83 135.5
91 126.8
100 132.8
109 133.5
119 129.7
129 132.8
139 127.9
149 132.2
160 127.3
170 128.4
180 131
190 128.9
199 128.3
208 127.5
216 136.6
224 127.4
230 130.5