150 155.2
160 234.2
170 271.9
180 272.2
190 264.2
200 265.6
208 258.5
216 258.3
224 241.3
230 207.9
236 185.3
241 136.6
245 111.1
247 92.2
249 85.3
250 81.1
249 72.1
247 76.1
245 74.9
241 72.3
236 70.7
230 75.9
224 71.1
216 76.6
208 88.6
200 96.9
190 118.3
180 138.5
170 169.5
160 212.7
150 237.3
139 241.4
129 233.7
119 221.1
109 184.8
100 151
91 121.5
83 93.1
75 80.6
69 80.3
63 76.3
58 72.9
54 72.5
52 70.1
50 73.1
50 76.4
50 74.8
52 74.3
54 84.4
58 100.5
63 119.1
69 136.2
75 183.8
83 229.5
91 253.7
100 232.6
109 225.6
119 207.3
129 164.2
139 136.5
149 105.4
160 88.9
170 77
180 74.9
190 71.3
199 70.4
208 70.2
216 68
224 69.7
230 72.5
236 69.1
241 74.7
245 89.2
247 103.5
249 124.7
250 147.1
249 189.6
247 225.7
245 240.1
241 229.3
236 206.7
230 189.2
224 157.7
216 125.7
208 95.4
199 82.8
190 76.7
180 67.3
170 67.8
160 67.6
150 68
139 70.7
129 67.9
119 65.1
109 75.3
99 77.4
91 87.7
83 100.8
75 126.4
69 164.1
63 201.7
58 224.7
54 231.4
52 219.5
50 200.7
50 182.5
50 152.4
52 109.9
54 84.5
58 77.4
63 72.9
69 72.5
75 65.4
83 67
91 61.7
100 66.2
109 63.9
119 71.2
129 70.2
139 78.3
149 90.4
160 111.3
170 124.5
180 159.9
190 212.6
199 225.1
208 223.6
216 212.7
224 187.6
230 172.4
236 128.4
241 102.2
245 82.4
247 74.5
249 74
250 66.9
249 66.4
247 62.6
245 66.8
241 61.9
236 59.3
230 67.1
224 69.5
216 81.1
208 97.4
200 113.7
190 132.7
180 169.1
170 206.4
160 217.8
150 215.9
139 204.1
129 186.3
119 151.8
109 116.3
100 95.1
91 71
83 68.7
75 59.1
69 63.1