150 148.3
160 178.4
170 204.4
180 183.5
190 165.9
200 165.9
208 156.3
216 155
224 154.3
230 159.5
236 154.1
241 160.8
245 147.8
247 154.1
249 148.1
250 153.6
249 155.2
247 156.1
245 151.3
241 151.7
236 146.2
230 154.3
224 159.8
216 148.8
208 152.4
200 144.6
190 153.2
180 147.6
170 146.6
160 145.3
150 144
139 148.4
129 147.9
119 149.2
109 145.9
100 145.3
91 147.7
83 147.1
75 150.5
69 150.2
63 142.6
58 144.2
54 143.5
52 145.8
50 141.6
50 147.1
50 144.6
52 144.6
54 141.1
58 143.8
63 150
69 145.1
75 146.9
83 146.5
91 142.7
100 143.1
109 152.3
119 148.8
129 145.9
139 151.6
149 145.4
160 148.2
170 151.7
180 148.5
190 143.2
199 142.6
208 141.8
216 140.8
224 141.3
230 144.1
236 143.6
241 140.9
245 143.6
247 142.7
249 141
250 146.9
249 148.5
247 145.6
245 137.9
241 139.5