150 148.6
160 235.1
170 232.3
180 189.8
190 138.9
200 132.5
208 126.9
216 134.7
224 196.3
230 234.2
236 141.2
241 141.9
245 127.2
247 131.2
249 152.2
250 218.6
249 205.3
247 132.1
245 135.7
241 135
236 126.9
230 164.4
224 238.3
216 169.4
208 142.4
200 136.6
190 134.7
180 135.8
170 214.2
160 203.6
150 142.4
139 131.8
129 125.8
119 125
109 147
100 225.6
91 172.7
83 140.4
75 133
69 126.4
63 126.7
58 191.8
54 217.3
52 142.4
50 131.3
50 127.3
50 122.6
52 152.4
54 213.9
58 192
63 138.8
69 128
75 123
83 126.9
91 170.2
100 228.8
109 153.3
119 132.8
129 129.1
139 123.5
149 139.4
160 206.2
170 191.1
180 128.5
190 122.5
199 126.9
208 114.4
216 150.9
224 222.3
230 167.3
236 131.7
241 130.2
245 123.4
247 130.5
249 189.6
250 208.9
249 131.2
247 127.9
245 123.3
241 122.8
236 138.5
230 215.8
224 180.6
216 132.8
208 123.9
199 119.9
190 127.3
180 159.5
170 220.3
160 141.7
150 123
139 121.3
129 116.6
119 139.6
109 204.4
99 190
91 131
83 124.3
75 123.4
69 119.8
63 150.4
58 213.3
54 155.4
52 124.2
50 118.5
50 117
50 125.2
52 189.9
54 199.9
58 119.9
63 124.1
69 116.7
75 117.4
83 139
91 206
100 169
109 127
119 125.8
129 116.9
139 119.2
149 163.5
160 207
170 134.8
180 125.3
190 117
199 106.6
208 136.5
216 194.8
224 181.2
230 123.6
236 124.9
241 116.2
245 109.3
247 143.1
249 206.2
250 153
249 122.2
247 120
245 115.5
241 128.5
236 190.2
230 186.5
224 120.3
216 115.3
208 110.5
200 106.1
190 136.2
180 203.4
170 161.6
160 122.8
150 117.3
139 115.6
129 111.3
119 160.9
109 202.9
100 121.3
91 112.7
83 115.1
75 117.3
69 120.7
63 191.8
58 173.2
54 116.2
52 114.2
50 109.9
50 105.2
50 153
52 204.4
54 137.2
58 120.3