150 153.7
160 213.4
170 243.7
180 234.7
190 224.2
200 214.9
208 193.9
216 156.5
224 123.4
230 107.4
236 129.6
241 138
245 153.2
247 172.4
249 184.7
250 192.8
249 188.9
247 167.1
245 135.8
241 131.5
236 150.8
230 173.3
224 190.8
216 198.7
208 189.5
200 163.5
190 133.6
180 133.1
170 152.4
160 171.3
150 185.2
139 191.6
129 184.3
119 160.5
109 129.8
100 135
91 150.5
83 166.8
75 191.4
69 192.4
63 175.8
58 147.9
54 124.7
52 138.3
50 152.1
50 171.7
50 200.6
52 188.4
54 176.9
58 142
63 122
69 132.9
75 159.8
83 170.3
91 188.3
100 184
109 177.3
119 151.5
129 126.1
139 136.6
149 151.1
160 169.2
170 184
180 179.8
190 180.4
199 149
208 122.5
216 133.2
224 148.2
230 170.7
236 181.5
241 183.8
245 170.5
247 143.1
249 117.4
250 130.1
249 139.8
247 167.6
245 191.2
241 176.7
236 166.8
230 138.2
224 119.3
216 129.5
208 146.8
199 168.4
190 188.8
180 180.4
170 165.6
160 144.1
150 117.5
139 126.4
129 149
119 165.8
109 178.9
99 178.6
91 168.8
83 142
75 118.6
69 141.3
63 145.3
58 162.4
54 187.6
52 177.2
50 169.2
50 140.5
50 118.3
52 130.4
54 142.2
58 161.9
63 182.3
69 172.6
75 156.8
83 139.1
91 120.1
100 129.7
109 145.5
119 160
129 173.8
139 178.4
149 168.6
160 143.5
170 109.6
180 131.2
190 146.4
199 158
208 170.2
216 168.4
224 154.3
230 142.6
236 114.8
241 124.2
245 137.7
247 159.4
249 171.2
250 169.8
249 154.8
247 137.1
245 114.8
241 124.8
236 133.1
230 159.4
224 175.5
216 165.8
208 153.1
200 136.5
190 113.6
180 123.3
170 139.4
160 153