150 148.9
160 184.9
170 194.3
180 174.4
190 162.4
200 138.7
208 145.6
216 143
224 144.1
230 139.4
236 142
241 141.4
245 140.1
247 137
249 141.9
250 142.3
249 140.3
247 138.1
245 138.5
241 134.9
236 138.1
230 136.4
224 141.5
216 138
208 137
200 132.7
190 135.9
180 140.3
170 136.6
160 138
150 133.9
139 136.4
129 138
119 137.7
109 133.9
100 133.1
91 136.9
83 135.4
75 132.2
69 136.2
63 132.2
58 128.9
54 133.3
52 131.9
50 133.4
50 126.8
50 130.5
52 130.1
54 132.5
58 129.2
63 133.1
69 137.5
75 132.9
83 138.6
91 132.7
100 131.7
109 134.3
119 130.5
129 130.6
139 128.7
149 136.6
160 135.9
170 132.7
180 128.7
190 131.4
199 126.9
208 133.2
216 132.1
224 129.7
230 136.1
236 132.6
241 135.8
245 134.1
247 132.1
249 129.6
250 131.4
249 132
247 129.9
245 133.5
241 130.6