150 147.8
160 249
170 276.7
180 262
190 266.9
200 257.9
208 252.6
216 258.9
224 250.5
230 256.9
236 258.3
241 252.5
245 244.9
247 244.4
249 245.8
250 235.6
249 238.5
247 235.9
245 225.8
241 231.9
236 221.4
230 220.6
224 213.8
216 197.3
208 193.1
200 188.3
190 174.1
180 164.4
170 180
160 229.5
150 248
139 242.9
129 243.3
119 242
109 236.1
100 242.9
91 237.1
83 239
75 229.3
69 226.3
63 215.7
58 230.5
54 213.7
52 212.7
50 213.7
50 199.7
50 191.4
52 188.1
54 171.3
58 162.5
63 180
69 232
75 241.2
83 248.5
91 241.9
100 235.6
109 236.5
119 236.9
129 230.6
139 234.7
149 228.2
160 221
170 221.3
180 217.5
190 212.2
199 207.5
208 194.6
216 195.7
224 188
230 175.3
236 167
241 159.6
245 189.7
247 227.2
249 224.2
250 234.8
249 234.8
247 231.3
245 234.4
241 217
236 223.1
230 223.4
224 221
216 218.8
208 214.4
199 213.3
190 206.6
180 204
170 191.1
160 184.5
150 179.5
139 171.3
129 164.5
119 165.5
109 192
99 222.4
91 225.4
83 239.3
75 225.6
69 224.4
63 221.4
58 227.4
54 214.4
52 216.2
50 216
50 215.8
50 215.1
52 202.5
54 196.8
58 187.4
63 180.8
69 182.7
75 171.6
83 159.2
91 154.8
100 151.6
109 180.5
119 227.3
129 227.8
139 221.1
149 220.6
160 222
170 215.9
180 209.8
190 217.8
199 206.7
208 203.2
216 203.6
224 203.5
230 196.6
236 198.8
241 190.3
245 177
247 168.6
249 167.2
250 162.5
249 152.2
247 146.1
245 178.4
241 215.8
236 215.4
230 221.7
224 209.3
216 209.2
208 209.2
200 209.5
190 207.5
180 209.5
170 202.3
160 196.2
150 196.2
139 196.2
129 182.6
119 183.8
109 174.9
100 171
91 159
83 149.8
75 138.3
69 145.7