150 149.1
160 182.5
170 197.4
180 180
190 164.6
200 151.2
208 144
216 143.6
224 148
230 154
236 146.4
241 151.3
245 147.2
247 147
249 152.2
250 144.9
249 144.8
247 147.2
245 147.1
241 149.5
236 150.1
230 145.7
224 143.6
216 151.7
208 149.5
200 153.1
190 149.7
180 139.4
170 145.7
160 142.5
150 150.4
139 148.3
129 147.9
119 145.3
109 152.1
100 147.1
91 146.9
83 141.2
75 140.4
69 143.7
63 150
58 149.9
54 141.2
52 145.8
50 145.7
50 138.8
50 143
52 145.9
54 142.2
58 145.6
63 143.2
69 141.8
75 141.3
83 138.8
91 144.7
100 139.8
109 144.1
119 133.9
129 143.9
139 143.5
149 137.3
160 139.5
170 145.1
180 139.3
190 141
199 140.9
208 136.1
216 144.5
224 144.9
230 139.6
236 139.3
241 137.6
245 142.2
247 145.5
249 134.3
250 146.5
249 147.5
247 140.9
245 143.3
241 142