150 153.8
160 236.2
170 226.7
180 163.1
190 135.4
200 123.9
208 116
216 169.2
224 223.3
230 158.9
236 130.8
241 116.1
245 116.6
247 167.7
249 222.3
250 159.7
249 129.8
247 115
245 115.6
241 170.2
236 212.3
230 145.4
224 125.3
216 117
208 116.6
200 169.6
190 210.6
180 146.9
170 127.8
160 111.1
150 114.6
139 167.4
129 223
119 149.4
109 126.2
100 109.1
91 115.1
83 161.2
75 210.2
69 144.1
63 125
58 112.7
54 111.3
52 165.5
50 212.7
50 138.8
50 129.1
52 117.4
54 117.5
58 168
63 201.2
69 141.8
75 119.8
83 105.6
91 113
100 163.5
109 212.3
119 145.4
129 121.7
139 107.9
149 109.4
160 162.7
170 206.5
180 139.7
190 119.7
199 105.7
208 113.5
216 161.7
224 203.1
230 139.1
236 122.7
241 107.3
245 111.8
247 163.3
249 205
250 135.2
249 123.4
247 110.2
245 110.4
241 159.7
236 196.1
230 141
224 116.3
216 105.4
208 120
199 160.7
190 203.8
180 142.4
170 115.8
160 107.6
150 109.6
139 160.8
129 200
119 134.1
109 117.9
99 107.6
91 109.9
83 153.9
75 208.7
69 136.2
63 119.4
58 103.2
54 110.6
52 152.3
50 198.1
50 133.8
50 116.9
52 101.2
54 105.9
58 158.8
63 198.6
69 132.8
75 117
83 102.8
91 105.6
100 156
109 196.3
119 132.1
129 112.6
139 99.4
149 110.9
160 156.7
170 196
180 130.1
190 111.7
199 101.2
208 105.5
216 146.4
224 188.4
230 133.1
236 111.5
241 106.5
245 108.6
247 146
249 189.7
250 127.7
249 111.9
247 97.7
245 106
241 145.9
236 188.5
230 129.8
224 112.5
216 103.1
208 107.5
200 147.6
190 192.4
180 127.8
170 107
160 97.4
150 105.8
139 145.1
129 192.7
119 121.7
109 108.2
100 97.9
91 102.5
83 144
75 194.4
69 130.5
63 111.8
58 95.7
54 109.5
52 152.2
50 189.5
50 121
50 111.5
52 97.9
54 103.6
58 153.3