150 148.2
160 200.5
170 238.7
180 239.1
190 221.4
200 208.6
208 177.4
216 145
224 110.3
230 127.6
236 134.5
241 154.8
245 163.2
247 182.2
249 196.7
250 193.3
249 179.5
247 150.4
245 134.5
241 149.7
236 172.4
230 189.8
224 191.9
216 189.9
208 164.8
200 143.2
190 131
180 156.5
170 164.7
160 187.4
150 190.1
139 181.4
129 161.2
119 127.6
109 137.9
100 151.2
91 175.6
83 188.1
75 190.3
69 181.5
63 160.7
58 132.9
54 133.4
52 157.5
50 169.9
50 190.3
50 193.9
52 172.4
54 147.4
58 123.3
63 138.7
69 154.7
75 174.7
83 184.4
91 184.9
100 173.9
109 141.7
119 129.3
129 136.1
139 157.1
149 175.9
160 190.8
170 183.9
180 167.4
190 138.9
199 127
208 138.3
216 158.9
224 175.9
230 186.7
236 182.4
241 160.9
245 143.1
247 123.5
249 140.9
250 167
249 174.4
247 184.6
245 175.4
241 158
236 137.8
230 125.8
224 147.2
216 165.5
208 179.5
199 176.4
190 181.8
180 149.1
170 126.9
160 131.9
150 145.9
139 160.8
129 174.3
119 171.5
109 172.1
99 147.5
91 118.4
83 128.8
75 152.9
69 166.7
63 183.9
58 183.7
54 166.1
52 142.9
50 122.1
50 135.4
50 151
52 168.2
54 170.8
58 172.9
63 162.9
69 136.6
75 121.4
83 139.1
91 150.4
100 165.2
109 172.1
119 177.6
129 156.1
139 128.6
149 122.7
160 133.9
170 150.8
180 163
190 176.1
199 163.7
208 153.1
216 127.1
224 118.9
230 133.4
236 154.5
241 172.3
245 173.8
247 161.7
249 143.8
250 115.4
249 120.6
247 138.2
245 160.2
241 171.3
236 176.9
230 158.9
224 136.7
216 115.7
208 129.1
200 138.9
190 153
180 168.7
170 164.4
160 157.7