150 147.9
160 190.7
170 203.8
180 203.8
190 193.7
200 182.4
208 158.6
216 164.7
224 153.7
230 156.7
236 158.5
241 156.6
245 153.4
247 146.3
249 151.5
250 152.8
249 151.3
247 154.3
245 151.1
241 153.6
236 155.1
230 152.2
224 151.8
216 153.1
208 153
200 152
190 154.3
180 149
170 152.3
160 151.5
150 154.2
139 150.2
129 152.8
119 158.8
109 150.1
100 149.8
91 149.6
83 156
75 148.7
69 150
63 150.6
58 148.8
54 147.9
52 148.2
50 147.2
50 149.3
50 150.3
52 152.3
54 155.4
58 150.1
63 145.2
69 151.9
75 148.9
83 151
91 142.6
100 147.2
109 146
119 145.8
129 150.2
139 150.3
149 145.3
160 143
170 151.6
180 143.8
190 149.1
199 145.2
208 141.8
216 145.7
224 151
230 144.4
236 146.7
241 141.3
245 148.3
247 140.5
249 145.4
250 150
249 137.5
247 141
245 136.6
241 140
236 145.2
230 146.3
224 142.6
216 146.7
208 137.6
199 140
190 139.9
180 144
170 139.8
160 138
150 145.3
139 146
129 141.6
119 138.3
109 140.7
99 141.1
91 142.7
83 142
75 139.5
69 141.6
63 140.9
58 139.5
54 141.8
52 139.5
50 139.9
50 147.4
50 141
52 140.4
54 137.8
58 145.2