0 0.6
1 0.9
2 0.7
3 1
4 1.6
5 1.7
6 1.7
7 1.7
8 2.6
9 3.3
10 3.8
11 5.4
12 5.7
13 7.9
14 8.4
15 10.2
16 11.9
17 13.8
18 12.9
19 15.2
20 16.7
21 19.5
22 19.3
23 20.9
24 24.3
25 25.5
26 26
27 25.3
28 26.4
29 29.2
30 32.8
31 33.7
32 32.9
33 33.8
34 32.7
35 34.8
36 39.8
37 37.4
38 40.7
39 38.9
40 39.4
41 42.5
42 45.2
43 39.9
44 46.6
45 46.6
46 48.4
47 47.7
48 47.8
49 47.3
50 48.9
51 49.8
52 50.3
53 52.1
54 52.4
55 49.8
56 53.8
57 59.5
58 53.6
59 61.1
60 60.4
61 61.8
62 60.7
63 63.1
64 65.2
65 66.8
66 65
67 64.3
68 64.1
69 74.1
70 70.2
71 70.9
72 71.1
73 70.9
74 67.2
75 77.8
76 76.1
77 80.5
78 80.7
79 83.8
80 87.5
81 78.6
82 82.6
83 84.9
84 81
85 89.5
86 86.6
87 88.4
88 90.3
89 92.6
90 90.1
91 90.5
92 92.3
93 100.3
94 95.8
95 99.6
96 100
97 97.6
98 97.9
99 98.3
100 94
101 94.6
102 106.8
103 99.5
104 99.8
105 108.2
106 106.5
107 106.2
108 113
109 111.5