0 0.4
1 0.6
2 0.7
3 1.1
4 1.5
5 1.7
6 1
7 2.3
8 3.5
9 3.4
10 4
11 3.9
12 6.2
13 7.7
14 7.2
15 9.5
16 11.3
17 11.2
18 13.6
19 15.5
20 15.5
21 18
22 17.6
23 21.2
24 22.4
25 25.8
26 25.4
27 27.8
28 29.5
29 28.2
30 29.1
31 35.8
32 30.2
33 35.9
34 37.3
35 35.4
36 41.9
37 39.6
38 38.7
39 40.8
40 39.8
41 44.7
42 42
43 47.5
44 47.3
45 50.9
46 50
47 47.5
48 53.2
49 47.6
50 55.6
51 49.7
52 53.2
53 52.8
54 58.7
55 57.8
56 57
57 57.3
58 62.2
59 60
60 62.1
61 63.4
62 63.6
63 68.8
64 71
65 65.5
66 65.2
67 73.3
68 70.2
69 69.2
70 71.4
71 68.3
72 74.5
73 79.9
74 71.5
75 77.3
76 76.6
77 81.2
78 75.5
79 75.8
80 87.7
81 84.6
82 80.6
83 83.9
84 87.2
85 83.8
86 87.6
87 87
88 88.4
89 88.8