0 0.5
1 0.6
2 1.1
3 1.1
4 1.3
5 1.7
6 2.6
7 2.4
8 3
9 2.8
10 4
11 4.6
12 6.4
13 7.5
14 8.8
15 9.9
16 9.7
17 12.1
18 11.6
19 13.7
20 15.4
21 17.9
22 20.6
23 18.9
24 23.4
25 23.8
26 26.8
27 27
28 29.9
29 31.5
30 33.1
31 32.1
32 35.6
33 34.3
34 36.8
35 34.2
36 41.6
37 36.3
38 40.8
39 39.4
40 42.8
41 45.4
42 46
43 42.5
44 46
45 46.3
46 47.3
47 45.3
48 49.8
49 50.9
50 51.8
51 51.6
52 52.2
53 51.8
54 53.9
55 55.9
56 58.5
57 55.9
58 59.3
59 57.4
60 59.8
61 66.2
62 60.6
63 63.9
64 63.8
65 65.2
66 63
67 70.9
68 70.7
69 74.3
70 70.6
71 73.8
72 68.7
73 75.4
74 74.5
75 79.1
76 72.3
77 73.1
78 75.4
79 81.6
80 78.3
81 85.6
82 79
83 85.8
84 84.6
85 86.9
86 87.9
87 90.3
88 85.4
89 92.9
90 90.6
91 92.8
92 89.7
93 95.2
94 96.2
95 93.3
96 94.2
97 96.4
98 91.7
99 97.9