0 0.8
1 0.3
2 0.3
3 0.9
4 1.3
5 1.9
6 1.6
7 2.2
8 2.5
9 2.5
10 4.6
11 5.5
12 5
13 7.8
14 8.6
15 9
16 11.4
17 13.2
18 14.3
19 16
20 15.2
21 17.9
22 20.9
23 23.4
24 23.7
25 26.1
26 24.1
27 27.7
28 30.4
29 30.3
30 34.8
31 30.7
32 34.4
33 33.1
34 37.1
35 34.7
36 36.5
37 42.8
38 38.8
39 41.1
40 38.1
41 39.8
42 42.4
43 39.8
44 43
45 44.8
46 45.1
47 50
48 47.9
49 49.1
50 51.7
51 53.5
52 52.3
53 50.4
54 50
55 53.2
56 52.8
57 58
58 57.2
59 57.3
60 58
61 55.9
62 59.8
63 61
64 58.6
65 65.4
66 64.5
67 66.3
68 62.7
69 66.1
70 68.6
71 72.3
72 73.9
73 72.2
74 75.4
75 76.7
76 84.2
77 74.7
78 78.7
79 84.2
80 81.1
81 82.7
82 83.1
83 84.2
84 79.6
85 88.9
86 86.4
87 90.6
88 86.9
89 90.7
90 92.4
91 97.6
92 94.1
93 93.4
94 93.1
95 100.5
96 93.7
97 98.3
98 95.3
99 107.8
100 98.7
101 101.6
102 108.1
103 103.3
104 105.8
105 108.3
106 106.7
107 102.8
108 103
109 104.8
110 118.9
111 110.8
112 106.8
113 110.9
114 111.1
115 114.2
116 116.6
117 114.6
118 116.5
119 111.9
120 117.1
121 116.9
122 119.5
123 118.4
124 124.3
125 123
126 124
127 127.1
128 120.6
129 125.2