0 0.5
1 0.8
2 1
3 0.7
4 0.9
5 2.5
6 2.5
7 1.7
8 2.5
9 4.3
10 6
11 7.1
12 7.3
13 9.6
14 10
15 9.8
16 13.9
17 15.3
18 15.5
19 16.4
20 16.2
21 17
22 20.3
23 27.4
24 23.5
25 26.3
26 23.9
27 26.4
28 27.8
29 28.6
30 32
31 32.6
32 34.5
33 35.6
34 27.5
35 36.3
36 41.7
37 38.8
38 39.3
39 36.5
40 36.1
41 40.2
42 44.5
43 44.2
44 45.7
45 41.4
46 41.4
47 40.6
48 49.3
49 52.2
50 48.2
51 48.5
52 47.5
53 45.7
54 55.6
55 62.8
56 58.2
57 54.3
58 53.7
59 53.8
60 57.5
61 63.2
62 65.1
63 61.4
64 62.7
65 57.3
66 59.1
67 71.1
68 71.3
69 70.1
70 71.5
71 68.7
72 61.2
73 69.5
74 82.1
75 80.6
76 73
77 72.5
78 69.5
79 79.1
80 88.6
81 87.6
82 83.6
83 81.5
84 78.1
85 77.8
86 93.5
87 95.9
88 92.1
89 88.2
90 84.8
91 83.4
92 94.9
93 104.4
94 99.7
95 92.7
96 80.2
97 88.5
98 92.5
99 111.9
100 107.5
101 103
102 96.1
103 99.7
104 101.5
105 118.7
106 115.9
107 114.6
108 105.7
109 100.8
110 101.4
111 106.7
112 123.3
113 119.9
114 114.3
115 110.3
116 98.8
117 112.5
118 131.2
119 133.5
120 118.5
121 114.5
122 113.2
123 111.5
124 139.5
125 134.5
126 133.8
127 124.1
128 116.7
129 119.5
130 133
131 146
132 137.3
133 129.7
134 130.9
135 118.4
136 140.8
137 148.7
138 143.7
139 147.5
140 132.8
141 132.5
142 134.1
143 156
144 153.8
145 158.9
146 144.9
147 136.8
148 136.1
149 146.7
150 155.6
151 156.3
152 149.7
153 150.3
154 141.7
155 156.4
156 171.8
157 167.4
158 161.8
159 154.4
160 142.8
161 149.8
162 181.5
163 172.8
164 171.6
165 167.3
166 151
167 153
168 165.4
169 186.8
170 171.4
171 168.2
172 164.2
173 159.7
174 174.5
175 190.7
176 187.9
177 173.9
178 171.3
179 163.8