0 0.9
1 1
2 0.8
3 0.4
4 1.7
5 2.3
6 1.9
7 3.1
8 3.1
9 4.7
10 5.4
11 6.1
12 7.6
13 8.2
14 8.3
15 12.4
16 14
17 13.4
18 14.7
19 17.4
20 17.9
21 21.8
22 21.1
23 22.5
24 21.7
25 24.4
26 23
27 30.8
28 32.2
29 31.5
30 27
31 28.4
32 34.5
33 41
34 39.6
35 36.3
36 33.8
37 36.8
38 37
39 45.6
40 43.5
41 41.7
42 40.2
43 41.8
44 39.4
45 47.2
46 48.4
47 48.7
48 44.8
49 43.5
50 44.6
51 54.9
52 55
53 52.6
54 48.1
55 49.8
56 49.8
57 57.6
58 62.9
59 61.3
60 55.4
61 52.7
62 54.6
63 63.7
64 63.9
65 67
66 56.5
67 60.6
68 58.9
69 65.1
70 72.1
71 74
72 64.7
73 65.2
74 64.2
75 80.9
76 79.7
77 77.5
78 72.5
79 72.4
80 74.1
81 85.4
82 81.8
83 85.7
84 78.5
85 77.9
86 79.2
87 91.7
88 91.1
89 90.8
90 86.1
91 83.1
92 87.5
93 99.2
94 102.4
95 97.8
96 90.9
97 91.1
98 87
99 107.1
100 104.1
101 107.5
102 95.4
103 95.9
104 98.5
105 105.7
106 116.5
107 115.8
108 94.6
109 103.7
110 100.4
111 123.2
112 123.7
113 118.6
114 111
115 109.6
116 109.5
117 127.6
118 128.2
119 123.8
120 114.1
121 108.1
122 114.1
123 138.8
124 142.1
125 132.8
126 124.7
127 123.9
128 125.8
129 140.6
130 142.8
131 142.9
132 129.5
133 128.6
134 121.7
135 146.8
136 147.1
137 141.1
138 135.5
139 133.5
140 137.7
141 159.3
142 156.7
143 152.2
144 139
145 138.8
146 138.3
147 160.5
148 169.3
149 156.7
150 142.9
151 145.9
152 143.5
153 168.1
154 167.1
155 160.7
156 145
157 145.2
158 150.1
159 172.6
160 170.3
161 161
162 154.7
163 149.1
164 155.6
165 178.1
166 175.5
167 169.1
168 160.1
169 151.3