0 0.6
1 0.2
2 0.9
3 1.4
4 1.4
5 1.2
6 2
7 2
8 1.8
9 3.8
10 3.4
11 4.5
12 4.6
13 7.2
14 7.2
15 8
16 9.6
17 10.7
18 12.4
19 13.8
20 14.4
21 17.8
22 19.5
23 21.3
24 21.7
25 23.7
26 28.7
27 26.8
28 31.5
29 28.5
30 32.5
31 36.2
32 31.8
33 34.6
34 38.1
35 37.3
36 38.7
37 38.9
38 40.1
39 41.9
40 40.3
41 42.4
42 42.1
43 45.5
44 44.3
45 49.2
46 48.9
47 47.3
48 50.9
49 50.5
50 49.8
51 51.3
52 51
53 54.1
54 53.6
55 56.1
56 57.9
57 57.6
58 59.1
59 59.4
60 60
61 63.6
62 60.7
63 64.3
64 61
65 64.3
66 64.6
67 64.6
68 69.6
69 67.6
70 67.2
71 67.1
72 74.9
73 73.3
74 74.3
75 75.3
76 79.7
77 80.3
78 79.3
79 80.9
80 82.9
81 81.4
82 80.9
83 83.7
84 81.7
85 87.2
86 82.7
87 84.2
88 82.4
89 90.2