0 0.8
1 0.9
2 1
3 0.9
4 1.3
5 1.7
6 1.8
7 3
8 4.4
9 3.7
10 4.2
11 6
12 5.8
13 7.7
14 8.3
15 9.1
16 11.5
17 12.3
18 14
19 15
20 15.2
21 19.8
22 18.8
23 20.5
24 22.9
25 22.6
26 25.7
27 25.5
28 26.6
29 29.5
30 27.6
31 32.6
32 36.2
33 34
34 36.5
35 38
36 38.1
37 37.2
38 36.6
39 38.3
40 41.2
41 42.4
42 42.7
43 41.6
44 44.4
45 46.3
46 45.6
47 47.7
48 45.7
49 47.9
50 48.2
51 48.7
52 55
53 49.3
54 51.7
55 53.2
56 55
57 52.3
58 56.9
59 60.3
60 57.2
61 59
62 61.7
63 57.3
64 61.1
65 62.2
66 60.8
67 67.6
68 71.1
69 70.3
70 69.1
71 71.7
72 68.9
73 76.7
74 75.8
75 74.2
76 82.2
77 76.7
78 73
79 76.8
80 85.2
81 83.2
82 77.9
83 83.4
84 85.8
85 83.7
86 79.7
87 84.4
88 85.9
89 85.1
90 89.7
91 87.2
92 96.1
93 97.3
94 98.1
95 99.2
96 96.9
97 95.9
98 104.3
99 104.2
100 106.4
101 97.9
102 104.9
103 102.7
104 101.1
105 107.4
106 108.1
107 111.6
108 109.5
109 110.2
110 115.2
111 111.8
112 116.6
113 114.9
114 117.2
115 115.5
116 120.5
117 116.2
118 121.7
119 115
120 123.2
121 115
122 120.7
123 119.8
124 121.6
125 123.4
126 127.6
127 125.8
128 128.1
129 122