0 0.1
1 0.9
2 0.6
3 0.9
4 1.1
5 1.5
6 2.2
7 2
8 3.3
9 3.9
10 2.7
11 4.1
12 7.4
13 6.7
14 9.6
15 7.9
16 11.7
17 11.9
18 13.7
19 16
20 15.2
21 18.3
22 20.3
23 20.6
24 23.5
25 23.9
26 26.7
27 31
28 31.1
29 30.6
30 31.7
31 33.9
32 28.6
33 38.4
34 39.4
35 36.3
36 39.8
37 39.2
38 41.2
39 37.3
40 42.7
41 42.9
42 42.3
43 45.1
44 49.3
45 45
46 44.1
47 49.9
48 49.6
49 52.1
50 53.2
51 48.7
52 54.9
53 51.8
54 56.7
55 53.7
56 59
57 58.7
58 59.8
59 55.8
60 59.7
61 59.1
62 59.6
63 64.1
64 64.7
65 66.5
66 61.3
67 66.3
68 68.9
69 67.6
70 71.4
71 72.4
72 67.7
73 72.9
74 73.7
75 75.3
76 77.1
77 77.2
78 74.8
79 79.1
80 78
81 79.9
82 78.2
83 85
84 87.3
85 84.7
86 85.5
87 90.2
88 87
89 92.5
90 90.8
91 90.2
92 88.9
93 93.4
94 92.9
95 97.2
96 96.8
97 98.3
98 100
99 101.7
100 101.3
101 97.9
102 101.5
103 97.5
104 107.2
105 106.4
106 106.4
107 105.5
108 110.4
109 110.8