0 0.4
1 0.8
2 0.9
3 0.9
4 1.5
5 1.7
6 1.8
7 2.6
8 2.8
9 5.2
10 5.5
11 5.8
12 7.9
13 7.9
14 8.5
15 12.7
16 13.6
17 15.1
18 14.1
19 16.7
20 16
21 19.8
22 23.8
23 24.5
24 24.4
25 23.8
26 26.9
27 28.8
28 35.1
29 33.9
30 32.1
31 26.6
32 32.5
33 39.9
34 37.4
35 36
36 34.9
37 35
38 39
39 47.1
40 43.7
41 44.3
42 39.6
43 42.7
44 41.7
45 50.7
46 50.8
47 46.5
48 44.2
49 43.5
50 47.8
51 54.6
52 54.7
53 57.4
54 51.8
55 51.6
56 50.9
57 57
58 62.2
59 63
60 52.7
61 57.5
62 54.6
63 69.6
64 70.1
65 68
66 63.8
67 60.3
68 66.9
69 78.4
70 73.6
71 69.2
72 63.8
73 68.5
74 67.7
75 78.8
76 85.3
77 78.4
78 75.8
79 74.1
80 72.5
81 89.7
82 87
83 81.9
84 85.4
85 71.8
86 79
87 93.2
88 92
89 92.7
90 78.4
91 88.4
92 92.2
93 99.9
94 99
95 103.4
96 95.1
97 87.8
98 94
99 108.3
100 105
101 102.2
102 99
103 96.3
104 94.9
105 112
106 111.3
107 112.3
108 105.8
109 102.8
110 100
111 119.3
112 121.7
113 116.7
114 113.2
115 108.6
116 108.9
117 126.4
118 127.4
119 118.2
120 116.2
121 112
122 115.6
123 130.6
124 126
125 131.4
126 117.8
127 116.5
128 119.1
129 139.1
130 134.8
131 137.5
132 126.9
133 120
134 125.3
135 146.4
136 149.8
137 144.8
138 138.8
139 138.1
140 135.3
141 146.6
142 150.3
143 151.8
144 137.4
145 132
146 144
147 158.9
148 156.3
149 151.2
150 143.1
151 141.9
152 146.3
153 158.1
154 158.9
155 159.5
156 147.5
157 142.1
158 142.7
159 169.3
160 168.2
161 159.1
162 151.3
163 149.2
164 149.7
165 169
166 170.2
167 168
168 156.7
169 154.8