0 0.2
1 0.5
2 1
3 1.2
4 1.9
5 1.8
6 1.7
7 1.9
8 2
9 3.6
10 4
11 4.4
12 6.1
13 6
14 8.4
15 9.1
16 11.5
17 11.1
18 11.3
19 14.9
20 16.1
21 18.6
22 17.6
23 19.8
24 22.8
25 24.5
26 26.9
27 29.8
28 31.2
29 29.6
30 31.3
31 35.2
32 33.2
33 37.1
34 36.7
35 37.1
36 41.4
37 41.4
38 41.5
39 44.4
40 42
41 45.8
42 44.8
43 46.7
44 54.2
45 49.9
46 48.6
47 50.7
48 54.9
49 52.1
50 52.5
51 55.6
52 56.4
53 52.2
54 54.6
55 60.6
56 58.8
57 61.5
58 61.4
59 59.8
60 59.8
61 67.2
62 69.3
63 67.4
64 67
65 69.7
66 68.6
67 67.8
68 72.8
69 71
70 76.5
71 70.6
72 73.8
73 76.4
74 73.9
75 78.6
76 71.2
77 77.7
78 72.6
79 79.3