0 0.4
1 0.6
2 0.9
3 1.1
4 0.7
5 1.4
6 1.4
7 2.8
8 3.4
9 3.2
10 4.9
11 5
12 6.5
13 7.4
14 8.4
15 8.2
16 10.5
17 13.6
18 14.7
19 17.9
20 17.9
21 21.7
22 21.8
23 21.8
24 28.6
25 30.3
26 29.7
27 29.6
28 28.9
29 29.3
30 33
31 30.2
32 34.7
33 33.5
34 37.8
35 35.2
36 38.3
37 35.9
38 36.4
39 38.2
40 38.6
41 44.2
42 41.9
43 41.6
44 41.3
45 46.1
46 42.6
47 45.7
48 48.4
49 47.2
50 49.3
51 53.3
52 50.3
53 51.4
54 51.2
55 58.4
56 59.1
57 54.4
58 53.4
59 58.7
60 56.6
61 58.1
62 58.4
63 64.3
64 64.5
65 59.7
66 62.3
67 69.8
68 60.8
69 68
70 69
71 73.5
72 71.5
73 69.7
74 78.8
75 76.3
76 78.4
77 77.6
78 78.3
79 82.3
80 81.1
81 82.3
82 84.5
83 84.6
84 85.9
85 88.6
86 81.2
87 89.6
88 90.2
89 88.5
90 89.5
91 93
92 98.4
93 88.7
94 98.7
95 92.7
96 94.7
97 99.4
98 103.2
99 97.5
100 103.4
101 102.5
102 101.1
103 110.1
104 102.8
105 103.4
106 107.6
107 107.8
108 109.6
109 108.3
110 113.4
111 112.4
112 115.5
113 112.5
114 110.9
115 112.5
116 111.3
117 115.8
118 112.3
119 116.4
120 117
121 120.2
122 119.2
123 126.1
124 126.2
125 121.1
126 124.6
127 124.6
128 123.7
129 127.3
130 126.9
131 126.3
132 133.2
133 132.7
134 129.5
135 128.1
136 130.3
137 133.6
138 131
139 134.7