0 0.4
1 0.7
2 0.3
3 0.7
4 1.5
5 1.8
6 1.5
7 2
8 4
9 3.8
10 4.2
11 4.3
12 6.1
13 8.6
14 8
15 9.6
16 11.8
17 14.6
18 13.9
19 15.6
20 15.7
21 16.5
22 19.2
23 21.7
24 22.2
25 21.4
26 23
27 25.1
28 25.8
29 26.9
30 29.7
31 32.6
32 32.6
33 32.8
34 37
35 34
36 35.1
37 36.7
38 37.8
39 38.3
40 40.8
41 40.9
42 41.3
43 42.4
44 40.6
45 47.3
46 45.4
47 48.1
48 46.2
49 46.3
50 47
51 46.5
52 50.5
53 52.5
54 49.8
55 54.7
56 53.4
57 55
58 61.7
59 60
60 54.1
61 58.7
62 61.5
63 59.9
64 60.7
65 63.6
66 62.3
67 64.2
68 64.5
69 68.5
70 68
71 72.5
72 67.6
73 75.2
74 72.9
75 72.4
76 75.5
77 77.1
78 71.3
79 75.5
80 73.5
81 79.4
82 81.3
83 80.4
84 87.4
85 87.3
86 93.4
87 86.6
88 85.3
89 84.7
90 91.7
91 90.5
92 92.4
93 87.1
94 91.6
95 102.5
96 95.3
97 96.3
98 92.6
99 104.7
100 104.1
101 107.1
102 100.2
103 101.2
104 99.3
105 103.9
106 105.9
107 111.7
108 109.3
109 111.4
110 112.4
111 111.2
112 112.9
113 111.9
114 114.9
115 117.4
116 120
117 122.4
118 119.5
119 114.5
120 120
121 121.6
122 124.1
123 124.6
124 125.9
125 131.1
126 124.6
127 132.1
128 127.8
129 132.3
130 139.9
131 132.9
132 128.1
133 132.4
134 129.7
135 128
136 136.5
137 137.8
138 140.9
139 145.4
140 147.9
141 137.6
142 139.4
143 140.2
144 139.5
145 146.1
146 143.6
147 147.7
148 142.4
149 152.4