0 0.3
1 1
2 0.9
3 0.7
4 1.1
5 1.4
6 2.3
7 2.7
8 2.8
9 3.7
10 4.7
11 4.9
12 5.4
13 7.8
14 6.2
15 11.1
16 11
17 12.4
18 14.4
19 16.4
20 19.9
21 16.5
22 19.9
23 20.3
24 24.1
25 26.7
26 22.2
27 31.4
28 26.1
29 29.4
30 31.5
31 34.5
32 31.5
33 32.6
34 35.5
35 36.1
36 32.2
37 37.2
38 36.7
39 44.6
40 38.2
41 39.3
42 45.9
43 43.2
44 46.2
45 46.9
46 48.9
47 47.9
48 45.6
49 45.9
50 47.6
51 51.7
52 50.9
53 55.8
54 51.4
55 57.2
56 54.1
57 55.3
58 54.8
59 55.5
60 55.3
61 62.7
62 58.2
63 59.6
64 63.7
65 64.3
66 65.7
67 62.4
68 65.6
69 62.1
70 70.2
71 72.8
72 70.8
73 66.7
74 69.8
75 72.9
76 74.1
77 73.4
78 73
79 74.5
80 77.9
81 82.6
82 84.2
83 80.7
84 86.5
85 82.2
86 87.5
87 91.1
88 91.5
89 88.5
90 93.1
91 94.9
92 89
93 90.6
94 95.8
95 100.9
96 100.2
97 96.1
98 99
99 100.4
100 102.7
101 104.8
102 98.9
103 101.6
104 96.1
105 106.2
106 111.9
107 106.3
108 103.5
109 107.7
110 108.9
111 111.2
112 113.5
113 115.5
114 118.6
115 113.7
116 117.3
117 112.2
118 118.5
119 116.9
120 116.8
121 120
122 122.6
123 123.1
124 122.2
125 119.9
126 122.6
127 128.4
128 123.8
129 129