0 0.8
1 0.9
2 0.7
3 1.3
4 1.6
5 0.9
6 2.3
7 2.6
8 3.7
9 3.1
10 3.8
11 5.5
12 6.9
13 7.3
14 8.4
15 9.8
16 12.2
17 12.4
18 11.2
19 16.1
20 14.6
21 18.6
22 19.5
23 21.9
24 24.5
25 26.6
26 25.2
27 24.7
28 31.2
29 27.2
30 31.6
31 33.1
32 34.3
33 31.9
34 36.2
35 36.4
36 39.7
37 37
38 39.5
39 40.8
40 39.6
41 44
42 46.7
43 40.5
44 45
45 44.8
46 49
47 44.1
48 43.8
49 49.1
50 50.2
51 50.1
52 51.8
53 57.3
54 56.7
55 55.3
56 52.5
57 51.2
58 61.4
59 59.6
60 56.7
61 59.9
62 54.3
63 64.8
64 66.3
65 64.7
66 66.9
67 66.3
68 63.5
69 75.2
70 69.6
71 70.7
72 74
73 72.9
74 73.7
75 76.6
76 74.8
77 78.4
78 80.3
79 83.9
80 81.7
81 80.1
82 74.8
83 78.9
84 86.1
85 87.1
86 88.2
87 87
88 90.9
89 95.5
90 88.4
91 92
92 88.6
93 95.7
94 89.9
95 90.8
96 96.4
97 97.8
98 98.1
99 102.8
100 97.5
101 103.4
102 106.1
103 106.5
104 103.2
105 108.2
106 105.6
107 100.3
108 103.7
109 107.9