0 0.8
1 0.3
2 1.2
3 1
4 1.7
5 1.2
6 2.4
7 2.5
8 3.8
9 2.8
10 5.2
11 5.4
12 6.2
13 6.2
14 8.7
15 10.7
16 11.5
17 13.6
18 14.9
19 16
20 16.8
21 20.4
22 21.1
23 23.1
24 23.9
25 26.3
26 28.5
27 28.2
28 30.4
29 29.9
30 32.3
31 35.3
32 35.7
33 35.6
34 32.5
35 36.8
36 34.1
37 38.6
38 40.6
39 40.6
40 41.4
41 40.4
42 43.4
43 41.9
44 45
45 47.5
46 45.9
47 49.3
48 49.2
49 46.8
50 45.2
51 49.2
52 50.8
53 54.9
54 53.3
55 53.8
56 54.8
57 56.3
58 58.6
59 54.8
60 58.8
61 58.4
62 62.9
63 60.5
64 65.5
65 65.2
66 68.2
67 66.3
68 72.9
69 69.5
70 67.6
71 72.2
72 76.4
73 72.4
74 74.5
75 78.5
76 77.5
77 72.1
78 80.7
79 76.8
80 76.9
81 82.4
82 82.5
83 80.7
84 83.1
85 89.7
86 87.3
87 87.4
88 88.4
89 83.5
90 91.9
91 91.1
92 95.2
93 99.8
94 92.3
95 94.9
96 94.4
97 100.1
98 101.5
99 97.6
100 97.7
101 103.7
102 97.4
103 109.2
104 101.4
105 107.8
106 105
107 110.3
108 108.9
109 109
110 106.3
111 116.4
112 108.5
113 112.5
114 116.7
115 118.6
116 112.8
117 114.1
118 114.9
119 116.8