0 0.4
1 0.4
2 0.3
3 0.9
4 1.9
5 1.3
6 2.2
7 2.3
8 2.5
9 3.2
10 3.4
11 4.9
12 6.6
13 6.7
14 7.5
15 8.2
16 10
17 11.9
18 14.3
19 14.4
20 14.5
21 18.1
22 20.7
23 20.6
24 22.4
25 23.6
26 26.4
27 24
28 29
29 30.9
30 33.1
31 30
32 32.2
33 31.9
34 33
35 37.4
36 37.4
37 39.9
38 39.8
39 39.6
40 45.3
41 43.9
42 41.8
43 45.6
44 49.6
45 46
46 45.4
47 49.4
48 50.7
49 48.2
50 52.1
51 54.5
52 53.9
53 51.8
54 56.3
55 53.4
56 52.8
57 56.5
58 59.7
59 63.2
60 60.1
61 65.3
62 57.5
63 61.9
64 68.5
65 64.7
66 64.7
67 66
68 68.1
69 69.1
70 70.9
71 70.5
72 73.5
73 69.4
74 74.4
75 76.9
76 73.6
77 77.2
78 78.3
79 80.2
80 81.4
81 83.8
82 87.7
83 85.9
84 87
85 85.5
86 90.2
87 85.5
88 84.7
89 90.5
90 89.4
91 92
92 91
93 93.3
94 88.4
95 96.6
96 92.1
97 98.9
98 95.1
99 99.7