0 0.3
1 0.4
2 0.6
3 0.9
4 1.3
5 1.9
6 2
7 2
8 2.6
9 3.9
10 4.7
11 6.4
12 5.9
13 7.9
14 8.9
15 10.3
16 13.2
17 15.7
18 13.1
19 14.2
20 17.4
21 17.9
22 22
23 22.8
24 24.1
25 26.6
26 23.5
27 27.1
28 25.6
29 30.8
30 32.2
31 29.3
32 32.7
33 30
34 31.9
35 32.6
36 34.2
37 36.3
38 38.9
39 41.3
40 40
41 41
42 41.6
43 39.4
44 43.2
45 48.3
46 48.1
47 48.7
48 47.6
49 43.1
50 44.3
51 46
52 52.5
53 56.2
54 52.7
55 56.2
56 52.3
57 51.5
58 53.3
59 59.4
60 55.7
61 58.8
62 60.8
63 64.1
64 64.4
65 57.3
66 60.4
67 65.4
68 66.5
69 74
70 75.8
71 72
72 68.1
73 69.5
74 69.9
75 69.1
76 80.7
77 76.7
78 79.3
79 82.8
80 71.7
81 77.7
82 78.1
83 82.3
84 80.4
85 94.6
86 96.4
87 85.3
88 81.3
89 83.7
90 87.9
91 93.8
92 95
93 98.8
94 92.9
95 92.4
96 89
97 89.1
98 90.3
99 101.1
100 103.3
101 106
102 109.1
103 101.2
104 95.8
105 92.6
106 102.7
107 109
108 115.2
109 109.2
110 109.8
111 107.6
112 101.5
113 105.6
114 115.5
115 117.3
116 129.1
117 120.6
118 115.8
119 111.1
120 112.8
121 116.5
122 118.1
123 120.9
124 123
125 131.3
126 126.1
127 123.7
128 122.4
129 124.8
130 128.7
131 129.8
132 135
133 136.7
134 128.2
135 120.4
136 124.7
137 131.5
138 134.8
139 147.7
140 136.9
141 134.3
142 131.1
143 124.6
144 127.7
145 134.3
146 146.4
147 152.3
148 155.6
149 146.7
150 132.5
151 130.7
152 140.8
153 149
154 153.8
155 148
156 156.2
157 151.6
158 140.7
159 141