0 0.6
1 0.3
2 0.8
3 1.4
4 1.9
5 1.1
6 1.6
7 2.1
8 2.4
9 3.9
10 4.7
11 6.7
12 6.4
13 8.8
14 8.6
15 10.2
16 12.2
17 15
18 17.4
19 17.2
20 18.5
21 17.6
22 19.8
23 20.9
24 27.9
25 27.3
26 24.7
27 25.6
28 27.1
29 32
30 36.1
31 34.3
32 32.9
33 36.2
34 30.4
35 34
36 37.6
37 38.7
38 41.3
39 44.3
40 37.1
41 37.1
42 41.6
43 48
44 47.2
45 45.7
46 46.7
47 42.5
48 45.7
49 52.1
50 54
51 51
52 52.7
53 51.8
54 50.6
55 51
56 58.5
57 58.6
58 63.1
59 56.7
60 55
61 53.6
62 66.6
63 73.5
64 69.8
65 68.4
66 61.6
67 60.2
68 62.4
69 76.3
70 73.1
71 76.2
72 71.5
73 67.5
74 68.4
75 69.5
76 85.9
77 84.9
78 84.9
79 74.4
80 72.8
81 75.6
82 85.1
83 90.9
84 88.8
85 82.8
86 79.3
87 76.7
88 88
89 96.2
90 95.9
91 94.3
92 95.9
93 87
94 86.9
95 99.1
96 101.4
97 98.7
98 103
99 90.1
100 87.2
101 98.2
102 108.3
103 101.7
104 105.2
105 103.4
106 100.3
107 98.3
108 105.6
109 114.6
110 116.9
111 107.9
112 102.3
113 94.3
114 107.3
115 124.7
116 124.4
117 123.3
118 115.9
119 109.6
120 103.2
121 123.1
122 129.5
123 131.6
124 126.4
125 117.9
126 114.6
127 112.8
128 139
129 139.6
130 137.5
131 130.6
132 123.4
133 116.4
134 129.9
135 143.9
136 152
137 146.1
138 137.7
139 132.5
140 127.9
141 146.1
142 148.7
143 151.9
144 145.3
145 134
146 132.2
147 140.8
148 166.5
149 163
150 155.4
151 150
152 144.8
153 140.9
154 158.1
155 166.8
156 160
157 156.1
158 149.2
159 143
160 157
161 174.2
162 173.9
163 178.9
164 155.7
165 159.3
166 152.4
167 170.7
168 179.8
169 167.9
170 174.5
171 158.9
172 156.8
173 167.5
174 188
175 187.6
176 188.7
177 174.5
178 169.3
179 156.8