0 0.9
1 0.7
2 1.3
3 0.8
4 1.6
5 2
6 2.2
7 3.2
8 2.4
9 4
10 2.9
11 4.3
12 5.6
13 6.9
14 7.8
15 9.7
16 10.6
17 11.2
18 14.6
19 15
20 16.8
21 17.5
22 20.9
23 21.5
24 23.1
25 22.1
26 23.6
27 30.4
28 30.1
29 33.8
30 31.5
31 33.6
32 32.7
33 36.3
34 36.8
35 37.4
36 34.9
37 40.4
38 40.5
39 41.9
40 43.3
41 40.5
42 47.7
43 46.5
44 49.4
45 47.7
46 47.1
47 47.4
48 47.7
49 50.5
50 53.7
51 49.7
52 51.4
53 54.2
54 52.3
55 51.9
56 57.7
57 57.5
58 57.7
59 60.4
60 63.3
61 56.4
62 66.5
63 66
64 66.4
65 62.5
66 68.9
67 69.9
68 67.6
69 74.9
70 73.5
71 73.4
72 69.1
73 72.1
74 77.6
75 80.6
76 77
77 77.2
78 82
79 81
80 75.6
81 80.1
82 80.1
83 76.2
84 84.5
85 83.6
86 90.6
87 87.5
88 89.5
89 86.1
90 87.6
91 90.4
92 93.7
93 86.9
94 91.9
95 100.5
96 92.6
97 97.9
98 102.2
99 103.6