0 0.2
1 0.8
2 1.2
3 0.8
4 1.3
5 1.4
6 1.6
7 2.3
8 2.6
9 3.1
10 3.4
11 4.1
12 5.8
13 8
14 7.6
15 9.1
16 10
17 12.3
18 13
19 16.7
20 15.2
21 16.5
22 21.1
23 20.8
24 24.4
25 23.9
26 26.1
27 29.5
28 30.3
29 31.5
30 30.3
31 29.4
32 36.7
33 37.7
34 40.3
35 38.5
36 45.1
37 40.3
38 41.3
39 39.4
40 45.2
41 46.7
42 46.2
43 47.4
44 49
45 47.4
46 49.6
47 50.8
48 50.6
49 55.7
50 55.4
51 51.5
52 60.9
53 53.5
54 55.8
55 55.7
56 58.5
57 58.1
58 59.8
59 59.8
60 63.3
61 57.1
62 58.9
63 62.1
64 67.7
65 68.6
66 67.9
67 67.9
68 64.7
69 67.5
70 70.6
71 71.6
72 68.4
73 74.6
74 73.4
75 74
76 72.3
77 73.1
78 74.1
79 73