0 0.2
1 0.5
2 0.8
3 1.2
4 1
5 1.3
6 1.3
7 2.6
8 2.6
9 3.7
10 3.9
11 4.5
12 6.1
13 6.9
14 7.6
15 9.2
16 8.5
17 11
18 13.4
19 15.3
20 14.4
21 17.5
22 19
23 21.6
24 21.2
25 24.3
26 24.5
27 27.6
28 26.1
29 32.8
30 32.1
31 32.6
32 32.1
33 33.5
34 35.5
35 37.2
36 37.5
37 36.5
38 40.6
39 39.3
40 40.7
41 44.4
42 41.5
43 44.4
44 48.6
45 44.6
46 47.9
47 46.5
48 47.7
49 51.6
50 50.7
51 51.8
52 52.3
53 52.9
54 52.5
55 54.2
56 51.8
57 56.2
58 58.2
59 60.5
60 60.3
61 62
62 63.4
63 66.7
64 64.9
65 64.9
66 67
67 67.1
68 69.5
69 71.9
70 70.7
71 72.5
72 72.5
73 69.4
74 69.3
75 72.9
76 79.8
77 73.9
78 81.6
79 80.4
80 83.1
81 83.9
82 79.4
83 86.2
84 86.8
85 90.8
86 88.1
87 89.1
88 87.9
89 88.9
90 90.5
91 94.3
92 93.4
93 93.9
94 93.1
95 92
96 94.6
97 96
98 97.4
99 99