0 0.2
1 0.5
2 1.4
3 0.9
4 1.1
5 2.1
6 3
7 1.4
8 2.6
9 3.5
10 4.9
11 5.4
12 4.9
13 8.4
14 8.9
15 9.2
16 11
17 12.9
18 14.7
19 12.6
20 16.9
21 19.6
22 19.6
23 20.4
24 19.5
25 22.5
26 26.8
27 29
28 25.5
29 27.9
30 28.9
31 30.8
32 30.3
33 34.1
34 34
35 34.9
36 38.4
37 38.4
38 41.5
39 42.9
40 38.9
41 44.6
42 41.3
43 39.6
44 39
45 45.8
46 45.5
47 43.6
48 49.9
49 49.4
50 48.7
51 46
52 52.5
53 51.3
54 51
55 54.6
56 52.1
57 56.7
58 58
59 58.8
60 60.3
61 65.6
62 62.4
63 67.5
64 64.5
65 68.3
66 64.6
67 66.8
68 69.2
69 73
70 77.5
71 73.8
72 78
73 76.2
74 72.1
75 78.5
76 78.9
77 75.7
78 78.5
79 79.9
80 81.7
81 81.3
82 85.8
83 82.8
84 83.8
85 90.2
86 84.7
87 92.4
88 94.3
89 89.4
90 95.2
91 90.4
92 98.7
93 90.7
94 94.8
95 97
96 93.7
97 98
98 100.7
99 101.7
100 105.8
101 103.8
102 107.7
103 106.2
104 105.7
105 105.4
106 108.9
107 114.7
108 110.4
109 108.1
110 113
111 109.5
112 115.3
113 120.2
114 112.7
115 113.1
116 118.4
117 118.5
118 121.2
119 125.1
120 120.7
121 121.6
122 124.2
123 126.6
124 126.4
125 126.1
126 125.2
127 131.3
128 127.7
129 127.7
130 129.2
131 135.7
132 130.7
133 131.1
134 135.4
135 126.2
136 133.4
137 132.2
138 133.5
139 141.6
140 140.8
141 138.2
142 138.9
143 141.7
144 137.9
145 141.7
146 145.6
147 147.2
148 152.5
149 140.8