0 0.3
1 0.7
2 0.8
3 1.9
4 1.7
5 2.1
6 2.8
7 2.8
8 2.4
9 3.5
10 4.3
11 5.3
12 6.5
13 8.5
14 8
15 9.8
16 12.2
17 15.3
18 15.6
19 16.7
20 18.4
21 20.4
22 17.4
23 20.8
24 26.1
25 25.7
26 25.4
27 25.5
28 24.8
29 27.7
30 31.9
31 35.9
32 33.7
33 30.2
34 30.5
35 32.3
36 41.9
37 41.7
38 39.6
39 38.9
40 35.7
41 33.7
42 43.6
43 44.3
44 47.4
45 42.8
46 41.3
47 40.7
48 43.5
49 50.6
50 56
51 53.7
52 48.8
53 51.1
54 45.1
55 51
56 56.2
57 58.6
58 57.5
59 55
60 49.7
61 57.8
62 64.2
63 65.8
64 66.7
65 63
66 56.9
67 61.5
68 70.6
69 72.6
70 68.8
71 71.2
72 68
73 68.3
74 70
75 82
76 81.3
77 81.7
78 70.1
79 70.2
80 75.7
81 83.2
82 88.4
83 82.2
84 81.2
85 77.3
86 75.9
87 83
88 94.9
89 89.7
90 91.7
91 85.1
92 83
93 85.5
94 100.6
95 99.9
96 102
97 95.1
98 90.3
99 86.9
100 99
101 115.4
102 109.5
103 103.5
104 100
105 97.9
106 100.1
107 127.6
108 113.6
109 118.7
110 108
111 104.6
112 98.7
113 117.2
114 123.2
115 121.8
116 117.7
117 110.1
118 107.4
119 115
120 125.9
121 131.6
122 128.2
123 117.8
124 108.7
125 119.2
126 128
127 141.5
128 131.3
129 130.8
130 125.6
131 124.1
132 129.1
133 143.6
134 150.8
135 150.2
136 133.2
137 132.7
138 129
139 146.8
140 149.9
141 150.2
142 140.6
143 144.8
144 134.5
145 144.8
146 158.7
147 165.2
148 146.4
149 145.4
150 141.1
151 138.3
152 153.1
153 164.4
154 160.3
155 160.6
156 151.8
157 146.2
158 154.1
159 167.6
160 176.9
161 163
162 157.4
163 154
164 155.7
165 169
166 176.2
167 172.3
168 163.6
169 148.9
170 156.2
171 168.3
172 180.6
173 180.4
174 173.1
175 171.4
176 155.9
177 163.3
178 189.9
179 192.9