0 0.7
1 0.8
2 0.8
3 1.1
4 1.1
5 1.6
6 1.5
7 2.4
8 2.6
9 2.2
10 3.8
11 5.4
12 5.6
13 7.6
14 7.4
15 10.1
16 13.8
17 11
18 12
19 16.6
20 16
21 18
22 21.4
23 21.7
24 24.5
25 24.5
26 27.3
27 30.4
28 28.7
29 30.7
30 34.1
31 33.9
32 34.8
33 32.6
34 40.2
35 36.6
36 40
37 38.9
38 42.9
39 40
40 40.4
41 41.1
42 41.1
43 44.4
44 44.8
45 47.3
46 45.8
47 47.7
48 52.2
49 46.5
50 49.1
51 47.5
52 52
53 51.2
54 52.4
55 52.4
56 55.2
57 53.8
58 58.4
59 61.6
60 60.9
61 60.9
62 59.8
63 59.8
64 63.1
65 64.7
66 63.6
67 66
68 70.4
69 72.2
70 66
71 72.4
72 73.2
73 75.3
74 72.9
75 79.5
76 79.8
77 82.6
78 76
79 78.2
80 79.5
81 75
82 87.4
83 80.5
84 84.1
85 81.5
86 89.9
87 87.3
88 88.9
89 85.8
90 89.1
91 93.3
92 94
93 98.7
94 91.5
95 94.4
96 102.2
97 98.4
98 100.8
99 95.2