0 0.8
1 0.8
2 0.7
3 0.4
4 0.3
5 1.7
6 1.6
7 1.7
8 3.2
9 4
10 3.7
11 5.2
12 6.5
13 8
14 9.2
15 9.6
16 12.2
17 13.9
18 15.9
19 17.6
20 17.7
21 21
22 21.8
23 22.8
24 25.5
25 25
26 25.9
27 25.6
28 26.7
29 26.7
30 28.9
31 32.7
32 32
33 33.3
34 34.1
35 35.1
36 38.8
37 38.7
38 36.3
39 36.5
40 43.8
41 36.7
42 41.1
43 44.8
44 45.2
45 44.1
46 47.2
47 45.8
48 47
49 48.4
50 52.8
51 54.2
52 49.1
53 52.3
54 52.3
55 57.3
56 55.9
57 59.9
58 53.7
59 62.9
60 61.1
61 59.4
62 60.1
63 59.5
64 59.8
65 66.1
66 61.4
67 66.8
68 68.3
69 65.4
70 68.9
71 67.1
72 69.9
73 70.4
74 72.8
75 73.3
76 75.5
77 76.6
78 77
79 77.8
80 80.3
81 84.3
82 81.9
83 86.4
84 81.2
85 83.7
86 87
87 89.3
88 85.6
89 93.8
90 91
91 92.6
92 88.7
93 91.9
94 91.9
95 98.2
96 95.7
97 99.9
98 101.3
99 104.3
100 102.7
101 99.8
102 105.5
103 105.4
104 104.4
105 107
106 112.1
107 111.6
108 111.5
109 106.7
110 111.3
111 109.4
112 113.3
113 120.4
114 116.9
115 112.4
116 122.2
117 121
118 117.6
119 114.9
120 126.5
121 120.1
122 120
123 124.6
124 123.3
125 126.6
126 119.8
127 126.1
128 125.4
129 131