0 0.3
1 0.5
2 0.5
3 1.5
4 1.2
5 2.7
6 3.1
7 3.6
8 2.7
9 3.5
10 4.8
11 6.2
12 6.4
13 7.5
14 7.7
15 10.7
16 13.7
17 13.9
18 13
19 16.6
20 16.2
21 19.2
22 25.3
23 22
24 19.3
25 24.1
26 26.5
27 28
28 32
29 32.5
30 27.8
31 29
32 30
33 39.7
34 36.5
35 35.3
36 35.8
37 36.3
38 35.9
39 42.1
40 42.5
41 40.2
42 38.9
43 39.9
44 41.8
45 45.6
46 49.4
47 48.1
48 43
49 43.4
50 49
51 52.5
52 53.4
53 53.5
54 49.9
55 47.5
56 47.5
57 57.1
58 57.1
59 63.7
60 57.5
61 54.2
62 55.1
63 64.5
64 68.2
65 64.6
66 64.6
67 59.7
68 59.5
69 67.4
70 71
71 65
72 69.6
73 65.4
74 65.7
75 77.4
76 88
77 78.9
78 73.6
79 74.2
80 80
81 87.3
82 83
83 86.9
84 77.6
85 77.2
86 81
87 94
88 92.9
89 89.9
90 86.7
91 83.6
92 87.2
93 97.5
94 101.9
95 99.1
96 88.9
97 92.9
98 89.3
99 113.2
100 110.1
101 104.8
102 99.2
103 102.5
104 98.7
105 117.5
106 119.9
107 114.4
108 106.6
109 106.5
110 98
111 115.1
112 127.3
113 125.1
114 109.2
115 110.9
116 111.6
117 127.2
118 127.4
119 126
120 119.9
121 115.7
122 119.5
123 135.6
124 128.6
125 138.2
126 127.2
127 124.9
128 127.6
129 141.9
130 140.2
131 134.3
132 133
133 130.4
134 129.2
135 144.6
136 146.8
137 140.2
138 134.5
139 131.8
140 136
141 149.4
142 151.7
143 143.9
144 141.4
145 133.5
146 140.2
147 160.6
148 153.3
149 158.8
150 139.1
151 146.2
152 140.2
153 165.1
154 161.2
155 158.3
156 151.8
157 151.2
158 147.6
159 161