0 0.9
1 0.6
2 1
3 0.6
4 1.3
5 1.8
6 2.9
7 3.1
8 2.2
9 3.7
10 4.8
11 4.8
12 6.2
13 7
14 8.9
15 10.7
16 11.8
17 14.4
18 15.3
19 14.7
20 18.3
21 16.7
22 21.9
23 22.2
24 25.7
25 24.1
26 26.6
27 23.4
28 28.6
29 29.4
30 31.3
31 34.6
32 33.1
33 30
34 33.5
35 38.9
36 35.7
37 38.7
38 40.5
39 38.1
40 41.2
41 41.7
42 41.6
43 45.6
44 46.5
45 42.8
46 46.3
47 49.8
48 47.2
49 49.8
50 49.2
51 54.6
52 52.2
53 48.4
54 49.1
55 51.6
56 51.5
57 56.9
58 55.1
59 56.2
60 59.8
61 57.2
62 55.7
63 65.4
64 63.4
65 64.4
66 67.4
67 67.7
68 66.6
69 66.4
70 70
71 74.5
72 70.3
73 72.4
74 73.4
75 79.6
76 76.4
77 78.9
78 84.2
79 79.7
80 79.9
81 83.6
82 80.4
83 83.5
84 84.7
85 86.9
86 86.2
87 87.3
88 90.5
89 90.7
90 97.9
91 92.1
92 93.6
93 99.6
94 94.2
95 96.4
96 100.2
97 93.9
98 101.5
99 102.2
100 96.8
101 100.8
102 99.2
103 99.7
104 104.6
105 102.2
106 115.2
107 113.8
108 111
109 109
110 107
111 107.7
112 106.8
113 113.4
114 114.6
115 116.6
116 108.9
117 117.5
118 106.9
119 114.3