0 0.4
1 1
2 0.6
3 1
4 1.1
5 1.6
6 1.4
7 2.3
8 3
9 2.8
10 7.1
11 6.8
12 7.2
13 8.6
14 9.3
15 10.9
16 12.8
17 14.2
18 15.5
19 18.1
20 20.7
21 19
22 18.7
23 22
24 28.5
25 28
26 25.9
27 27.5
28 25.7
29 25.1
30 29
31 36.9
32 36.6
33 34.7
34 34
35 33.3
36 34.8
37 36.2
38 39.3
39 44.1
40 46.4
41 44.2
42 39.3
43 39.1
44 48.8
45 49.6
46 46.1
47 48.7
48 46.3
49 48.4
50 46.8
51 58.6
52 57
53 58.5
54 57.3
55 49.5
56 50.3
57 60.2
58 67.2
59 65
60 67.1
61 66.9
62 64.7
63 55.5
64 60.7
65 68.8
66 70
67 75.6
68 68.7
69 61.7
70 63.7
71 70.7
72 81
73 82.2
74 76.9
75 77.3
76 65
77 71.7
78 84.1
79 89.6
80 83.1
81 84.6
82 74.4
83 76.4
84 85.1
85 94.3
86 96.1
87 94
88 85.7
89 82.1
90 80.7
91 89.3
92 98.6
93 102.4
94 101
95 94.3
96 88.8
97 86.4
98 94.3
99 107.3
100 111.9
101 109.5
102 101.4
103 97.1
104 89.1
105 100.6
106 113.2
107 114.4
108 109.5
109 107.4
110 102.9
111 96.1
112 112.1
113 115.3
114 118.7
115 118.3
116 106.9
117 100.6
118 112.2
119 125.8
120 125.4
121 127.1
122 120.7
123 115.5
124 106.4
125 114.6
126 135.6
127 130.3
128 128.8
129 125.1
130 121.5
131 119.1
132 128.5
133 139
134 137.5
135 143.8
136 136.1
137 123.6
138 126.4
139 135.8
140 151.7
141 150
142 148.4
143 139.2
144 126.5
145 126.7
146 157.1
147 158.6
148 158.3
149 149.5
150 140.6
151 135.1
152 146.8
153 167.5
154 163.7
155 157.1
156 157.3
157 146.5
158 144.4
159 156.4
160 176.1
161 176.8
162 170
163 159.5
164 154.2
165 150.1
166 165.6
167 188.3
168 178.8
169 175
170 174.6
171 171.7
172 158.3
173 172.7
174 190.1
175 185.4
176 184.6
177 172.4
178 167.2
179 160.3