0 0.5
1 0.8
2 0.3
3 0.9
4 1.2
5 0.9
6 1.9
7 3
8 2.9
9 3.9
10 5.6
11 6.8
12 7
13 7.6
14 9.3
15 8.4
16 10.4
17 13.7
18 16.2
19 17.8
20 17.8
21 18.2
22 18.9
23 24.6
24 27.8
25 24.9
26 26.6
27 26.8
28 28.7
29 30.6
30 31
31 33.2
32 32.4
33 32.5
34 32
35 34.4
36 40.1
37 41.3
38 40.8
39 41.4
40 35.2
41 39.2
42 44.2
43 47.5
44 42.8
45 46.1
46 42.6
47 44.5
48 49.5
49 52.1
50 49.4
51 50.9
52 50.6
53 46.6
54 55.7
55 57.5
56 57.4
57 58.5
58 57.4
59 56.1
60 59.9
61 69.3
62 71.3
63 66.7
64 62.9
65 64.1
66 64.2
67 69.6
68 73.8
69 77.4
70 66.9
71 72
72 69.1
73 76.5
74 77.5
75 81.9
76 80.3
77 80.9
78 74.9
79 76.8
80 85.4
81 84.4
82 89
83 78.6
84 82.9
85 82
86 95.2
87 98.5
88 91.3
89 91.6
90 92.8
91 87.9
92 95.8
93 100.3
94 105
95 95.4
96 90.7
97 96.6
98 101.1
99 107.9
100 103.8
101 103.9
102 99.6
103 100.6
104 105.7
105 112.2
106 111.8
107 114.4
108 102.3
109 107.3
110 105.8
111 114.3
112 127.8
113 127
114 114.8
115 115
116 110.4
117 119.9
118 130.5
119 130.2
120 125.4
121 112
122 121.2
123 123.6
124 131.6
125 135.8
126 131.8
127 123.9
128 124.5
129 122
130 135.1
131 139.8
132 137.5
133 128.8
134 132.4
135 127.1
136 142
137 142.1
138 145.8
139 137.4
140 132.2
141 127.8
142 137.9
143 144.9
144 147.9
145 146.2
146 137.9
147 143.5
148 138.6
149 147
150 154.3
151 154.8
152 142.3
153 148.1
154 143.1
155 147.2
156 156.5
157 158.2
158 153.8
159 142.6