0 0.3
1 1.1
2 0.6
3 1.2
4 2
5 1.6
6 2.9
7 2.5
8 3.5
9 4.4
10 6.4
11 7.2
12 6.7
13 8.1
14 8
15 9
16 13.6
17 16.3
18 17.3
19 16.2
20 17.4
21 17.7
22 23.3
23 24.7
24 26.2
25 24.5
26 24.1
27 27.4
28 28.1
29 35.3
30 32.7
31 32.6
32 36.3
33 32.2
34 32.1
35 38.9
36 40.9
37 36.1
38 37.3
39 34.1
40 37.6
41 47.7
42 46.7
43 44.5
44 47.3
45 43.3
46 44.2
47 49.1
48 54.1
49 52.2
50 51.4
51 45.8
52 47.4
53 55.7
54 58.4
55 59.4
56 60.6
57 55.1
58 51.8
59 59.7
60 63.7
61 66
62 66.7
63 58.4
64 53.3
65 66.3
66 67.5
67 71.9
68 66.7
69 66.3
70 64.8
71 63.2
72 82.7
73 83
74 76.6
75 69.9
76 65.3
77 68.7
78 85.1
79 80.1
80 81.9
81 76.5
82 73.9
83 71.7
84 86.4
85 91.5
86 89.2
87 85.7
88 80.5
89 84.8
90 92.9
91 99.9
92 98.9
93 89.3
94 87.8
95 75.8
96 90.6
97 109.3
98 104.3
99 102
100 95.5
101 91
102 95.5
103 106.7
104 112.3
105 108
106 103.2
107 98.7
108 95.1
109 112.7
110 118.5
111 116.1
112 113
113 104.3
114 104.1
115 113.8
116 127.2
117 124.4
118 119.7
119 115.8
120 100.1
121 119.6
122 126
123 135.4
124 127.2
125 123.1
126 120.9
127 114.1
128 129.1
129 136.9
130 138.2
131 134.9
132 125.3
133 116.5
134 137
135 142.1
136 143.3
137 138.8
138 124.3
139 123.3
140 141.8
141 141
142 154.1
143 142.8
144 140.3
145 124.3
146 138.7
147 160.4
148 151.6
149 153
150 143.4
151 141.6
152 136.5
153 165.3
154 163.8
155 164.6
156 155.6
157 150.5
158 137.3
159 167.3
160 173.2
161 165.4
162 166.5
163 147.1
164 145.5
165 173.9
166 171.4
167 177.1
168 168.3
169 155.5