0 1
1 0.3
2 0.8
3 0.9
4 1.2
5 1.2
6 1.5
7 3.6
8 2.2
9 4.5
10 5.9
11 6.3
12 8.3
13 9
14 11.7
15 11.5
16 14.5
17 16.7
18 18
19 18.9
20 19.9
21 21.1
22 26.7
23 26.6
24 25.5
25 27
26 25.3
27 29.3
28 29.4
29 28.8
30 26.6
31 31.1
32 32.4
33 35.7
34 39.1
35 39.5
36 42.4
37 47.5
38 48
39 50.3
40 49.2
41 47.3
42 49.3
43 52
44 54.8
45 52.5
46 54.1
47 51.2
48 53.2
49 51.5
50 50.1
51 53
52 52.2
53 46.1
54 54
55 52.1
56 55.2
57 55.1
58 59.2
59 57.5
60 63.1
61 69.7
62 71.1
63 74.2
64 74.2
65 73.3
66 73.7
67 76
68 80.5
69 79.7
70 79.3
71 73.9
72 75.3
73 70.3
74 72.1
75 73.3
76 63.9
77 69.4
78 73.9
79 69.8
80 72.8
81 75.7
82 73
83 88.6
84 86.4
85 87.9
86 98.6
87 96.4
88 100.9
89 103.3
90 104.7
91 100.9
92 98.8
93 99.6
94 93.7
95 99.6
96 95.3
97 94.2
98 95.1
99 93.8
100 91.7
101 83.3
102 87.9
103 94
104 91.1
105 92.4
106 98.2
107 101.1
108 109.4
109 112.5
110 114.3
111 121.9
112 124
113 123.6
114 120
115 121.7
116 120.6
117 116.6
118 123
119 120.3
120 119.3
121 116
122 114
123 118.2
124 111.7
125 115.6
126 102.3
127 101.3
128 104.8
129 115.9
130 114.6
131 121.6
132 133.6
133 133.5
134 143.5
135 142.1
136 146.8
137 152.9
138 147.1
139 147.5
140 143.2
141 149.5
142 141.7
143 138.2
144 136.9
145 147.2
146 141.1
147 142.2
148 137
149 136.2
150 133.2
151 129.7
152 131
153 131.3
154 135.7
155 143.2
156 150.9
157 158.8
158 171.9
159 169.5