0 0.3
1 0.6
2 0.7
3 0.9
4 1.4
5 1.5
6 2.3
7 3
8 2.3
9 3
10 4.6
11 4.8
12 5.9
13 6.7
14 8.6
15 9.2
16 13.2
17 12
18 13.5
19 14.8
20 16
21 17.6
22 19.1
23 20.1
24 22.3
25 27.6
26 29.5
27 29.3
28 29.2
29 29.5
30 29.6
31 32.6
32 33.2
33 35.3
34 38.3
35 37.5
36 36.6
37 36.5
38 40.3
39 39.1
40 40.2
41 42.5
42 44.6
43 47.7
44 43.2
45 46.1
46 43.7
47 49.5
48 51
49 49.8
50 51.5
51 51.3
52 50.3
53 52
54 54.4
55 53.1
56 56.2
57 53.4
58 56.8
59 55.2
60 56.3
61 60.4
62 59.9
63 63.1
64 63.2
65 66.5
66 62.2
67 68.5
68 65.5
69 67.9
70 64.2
71 73.2
72 72.2
73 77.2
74 77
75 75.9
76 77.6
77 79
78 76.8
79 78.8
80 81.9
81 78.9
82 81
83 81.6
84 84.8
85 82.7
86 85.1
87 86.2
88 83.5
89 85.3
90 92.8
91 91.8
92 92
93 97.9
94 93.4
95 92.4
96 97.4
97 93.6
98 93.1
99 96.2
100 101.2
101 96.5
102 102.8
103 101.4
104 105.2
105 104.6
106 104.6
107 106.4
108 106.5
109 104.8