0 0.5
1 0.6
2 1
3 1
4 1.3
5 1.7
6 1.9
7 2.2
8 2
9 3.3
10 5.2
11 6.2
12 9.4
13 7.5
14 7.9
15 8.2
16 12.7
17 17.6
18 17.4
19 17
20 19.4
21 20
22 20.6
23 22.2
24 27
25 26.4
26 29.5
27 28.4
28 27.7
29 26.3
30 32.4
31 35.4
32 35.2
33 35.4
34 33.4
35 33.5
36 35.6
37 42.3
38 45.1
39 46.3
40 43.8
41 42.6
42 39.2
43 42.2
44 46.5
45 48.5
46 50.1
47 49.4
48 45.1
49 42.5
50 49.4
51 57.9
52 54.8
53 54.9
54 56.6
55 53.4
56 50.4
57 64.2
58 62.8
59 66.6
60 60.7
61 61.9
62 54.5
63 61
64 72.6
65 72.9
66 73.2
67 68.8
68 61.6
69 66.1
70 66.6
71 79.4
72 81.4
73 82
74 76.4
75 68
76 64.1
77 82
78 85.9
79 82.4
80 82.8
81 74.9
82 74.7
83 77.7
84 91
85 93.2
86 89.8
87 91.8
88 78.8
89 83
90 91.7
91 98.9
92 101.7
93 100.4
94 90.9
95 87.4
96 87.4
97 97.9
98 106.5
99 107.3
100 102
101 95.9
102 91.9
103 92.2
104 107.5
105 108.8
106 112.3
107 109.7
108 96.6
109 99.4
110 104.2
111 117.8
112 127.3
113 118.6
114 106.3
115 111
116 103.4
117 112.9
118 123.5
119 128
120 117.6
121 118.1
122 114.9
123 108.6
124 124.3
125 129.7
126 135.4
127 132.4
128 118.9
129 114.5
130 115.7
131 139.9
132 142.8
133 140
134 133
135 127.9
136 120.7
137 127.5
138 151.1
139 154.9
140 147.6
141 141.9
142 134.1
143 125.2
144 142.3
145 157.1
146 149.5
147 153.1
148 139.9
149 134.9
150 146.1
151 165.4
152 161.7
153 163.8
154 154
155 147.5
156 138.7
157 157.1
158 179
159 169.3
160 172.7
161 163.8
162 157.8
163 153.5
164 165.1
165 177.9
166 178.1
167 171.6
168 165.8
169 157.7
170 150.1
171 181.1
172 185.4
173 180.1
174 181.1
175 169.6
176 167.2
177 175.7
178 195.5
179 195.1