0 0.3
1 1.1
2 0.6
3 0.6
4 1.7
5 1.3
6 1.9
7 2.3
8 2.3
9 3
10 4
11 5.8
12 4.7
13 5.8
14 6.4
15 8.5
16 9.9
17 8.7
18 13.9
19 15.5
20 18.4
21 18.2
22 18.9
23 20.5
24 21.4
25 26.3
26 27.2
27 28.5
28 30.1
29 31.7
30 35.2
31 34
32 37.9
33 40.5
34 39.3
35 39.4
36 41.9
37 39.3
38 44
39 46.7
40 46.7
41 48.7
42 49.2
43 47.2
44 50.1
45 44.3
46 49.4
47 51.1
48 51.8
49 53.7
50 51.7
51 58.6
52 62
53 54
54 58.7
55 60.9
56 60.7
57 61.3
58 61.1
59 60.2
60 62.7
61 63.1
62 63.6
63 59.4
64 61.6
65 61.2
66 66.6
67 64.6
68 69.8
69 68.9
70 73.1
71 69.5
72 71
73 74.4
74 72.7
75 71.5
76 76.8
77 70.4
78 76.1
79 73.9