0 0.4
1 0.9
2 0.6
3 0.4
4 1.4
5 1.5
6 1
7 2.4
8 2.9
9 3.5
10 3.1
11 5.5
12 5.2
13 7.4
14 10.5
15 9.9
16 12.7
17 14.4
18 15.1
19 19.6
20 20.8
21 23.5
22 23.8
23 24.2
24 24.4
25 28.7
26 28.8
27 30.4
28 32.2
29 29.1
30 31.6
31 31.1
32 31.2
33 35.4
34 34.1
35 33.9
36 35.3
37 38.6
38 40.6
39 38.6
40 42.1
41 41.1
42 42.1
43 42.5
44 41.3
45 44.9
46 45.3
47 44.2
48 46.5
49 50.6
50 49.2
51 47.3
52 52.2
53 52.1
54 52.3
55 55.5
56 51.8
57 54.4
58 54.8
59 59.2
60 61.9
61 57.5
62 58.1
63 62.4
64 64.8
65 59.6
66 61.3
67 64.9
68 61.3
69 71.8
70 62.4
71 69.3
72 73.4
73 73.1
74 70.5
75 74.7
76 72.9
77 75.6
78 73.2
79 78
80 83.7
81 80.8
82 83.1
83 82.5
84 83.6
85 77.2
86 86.7
87 87.9
88 92.7
89 88.7
90 87.3
91 90.3
92 93
93 93.6
94 95.5
95 89.1
96 97.6
97 101.4
98 95.8
99 105.3
100 102.2
101 106.6
102 98.7
103 103.9
104 102.7
105 113
106 106.5
107 108.9
108 110.2
109 107.5
110 111.4
111 116.4
112 109.4
113 114.7
114 113.9
115 119.6
116 112.8
117 114.5
118 116.6
119 118.2
120 118.9
121 118.8
122 122
123 122.6
124 125.1
125 122.6
126 121.1
127 126.5
128 118.3
129 130.4
130 127.3
131 127.7
132 129.8
133 128.9
134 135.2
135 134.4
136 132.1
137 134.7
138 132.1
139 133