0 1.2
1 0.9
2 0.4
3 0.8
4 1.3
5 1.3
6 2.2
7 2.4
8 1.8
9 5
10 3.1
11 4.2
12 4.5
13 6.4
14 7.9
15 8.7
16 9.5
17 9.9
18 12.7
19 14.4
20 17.6
21 18.1
22 20.9
23 20.9
24 21.4
25 24.6
26 25
27 26.1
28 29.3
29 29.6
30 31.3
31 35.8
32 35.4
33 34.2
34 37.4
35 38.2
36 41.8
37 41.9
38 43.4
39 45.1
40 41.2
41 46.9
42 46.2
43 49.5
44 45
45 50.4
46 51
47 50.6
48 55.1
49 57.4
50 55.5
51 55.1
52 62.6
53 55
54 59.3
55 55.7
56 62
57 56.2
58 57.4
59 66.5
60 60.7
61 66.6
62 65.4
63 64.4
64 68.8
65 70.2
66 63.8
67 70.5
68 71.2
69 69.9
70 76.5
71 74.8
72 74.8
73 69.9
74 72.1
75 73.9
76 73.7
77 76.1
78 76.5
79 79.7