0 0.1
1 1
2 0.7
3 1.2
4 1.4
5 1.2
6 2.5
7 2.6
8 2.9
9 5.9
10 5.1
11 6.7
12 8.4
13 9.8
14 9.1
15 11.8
16 13
17 12.1
18 13.7
19 16.2
20 15.9
21 20.3
22 24.7
23 26.1
24 26.3
25 25.7
26 23
27 24
28 32.9
29 32.9
30 32
31 31.8
32 29.6
33 30
34 38.9
35 38
36 35.6
37 37
38 37.1
39 33.8
40 42.3
41 46.1
42 46.3
43 43
44 39.2
45 40.1
46 48.7
47 50.8
48 46.7
49 46.1
50 46.9
51 48.3
52 53.3
53 55.8
54 59.6
55 57.2
56 50.2
57 54.7
58 60.6
59 61.2
60 66.2
61 62.4
62 57.6
63 57.5
64 68.3
65 69.4
66 70.4
67 70.7
68 60.5
69 65.5
70 67.4
71 75.7
72 76.1
73 76.1
74 69.6
75 68.4
76 79.3
77 80.7
78 86.2
79 83.7
80 78.2
81 69.3
82 78.6
83 90.5
84 90.5
85 93
86 83.9
87 80.4
88 79.8
89 88.1
90 98.2
91 91.3
92 90
93 85.7
94 81.8
95 101.2
96 104.4
97 99.5
98 92.8
99 87.4
100 86.8
101 103.5
102 109.3
103 101.3
104 105.3
105 97.5
106 95.7
107 118.2
108 118
109 113.9
110 106
111 104.8
112 108.3
113 115.4
114 120.1
115 117.1
116 113.7
117 108.8
118 106.5
119 124.1
120 130.4
121 129.9
122 113
123 119.7
124 112.6
125 130.5
126 130.1
127 130.8
128 130
129 115
130 119.8
131 120.9
132 143.4
133 141.2
134 142.9
135 131.9
136 122.1
137 129
138 147.9
139 153.2
140 141.3
141 141.8
142 132.8
143 131.5
144 156.7
145 157.4
146 156.8
147 143.2
148 141.7
149 138.6
150 155.6
151 161.5
152 162.2
153 139.9
154 144.6
155 142.7
156 170.4
157 167.7
158 165.3
159 152.2
160 149.8
161 152.5
162 174.2
163 175.3
164 177.5
165 169.3
166 159.5
167 151
168 172.2
169 185.6