0 0.3
1 0.3
2 0.7
3 1.7
4 0.6
5 1.3
6 2.3
7 2
8 3.5
9 4
10 4.9
11 6.3
12 6.8
13 7.5
14 9.1
15 11.9
16 12.5
17 14.5
18 14.5
19 16.4
20 15.6
21 17.7
22 21.6
23 19.6
24 24.8
25 24
26 23.5
27 27.5
28 26.2
29 30.4
30 29.4
31 32.9
32 31.6
33 35.9
34 32
35 36
36 37
37 34.9
38 35.7
39 39.8
40 40.3
41 41.7
42 41.8
43 43
44 41.1
45 43.4
46 47.7
47 42.8
48 47.4
49 47.6
50 52.9
51 49
52 52.1
53 49.8
54 56.4
55 54.4
56 56.5
57 57.9
58 53.1
59 54.8
60 62.1
61 57.7
62 58.3
63 58.3
64 65.6
65 66
66 60.8
67 63.9
68 62.5
69 65.4
70 64.9
71 71.3
72 73.1
73 75.4
74 70.6
75 71.1
76 67.2
77 76
78 74.6
79 78.2
80 75.9
81 79.9
82 79.1
83 83
84 80.6
85 82.7
86 82
87 83.8
88 91.1
89 86.3
90 81.2
91 85
92 86.5
93 88.5
94 92.6
95 93.2
96 92.2
97 93
98 95.3
99 97.9
100 94.9
101 98.9
102 101.8
103 103
104 105.7
105 104
106 99.7
107 106.3
108 100.2
109 107.4
110 109.9
111 111.2
112 119.5
113 109.7
114 109.9
115 112
116 112.4
117 117.2
118 121.1
119 120.6
120 119.8
121 118.8
122 122.8
123 116.1
124 127.3
125 132.2
126 126.8
127 136.9
128 128.7
129 131.6
130 134.4
131 129
132 132
133 138.2
134 134.6
135 135.3
136 136.6
137 142
138 137.3
139 139.7
140 137.1
141 143.1
142 151.4
143 155.1
144 148.7
145 145.9
146 145.2
147 140.2
148 144
149 150.1