0 0.4
1 1.1
2 0.8
3 1.3
4 1.4
5 1.2
6 1.5
7 2
8 3.9
9 3.8
10 4.8
11 6.3
12 7.1
13 8.4
14 11.8
15 14.2
16 14.1
17 13.5
18 19.6
19 18.4
20 19.1
21 22.5
22 24.1
23 27.8
24 25.1
25 25.6
26 28.5
27 24.8
28 26.5
29 28.8
30 29.8
31 31.4
32 33.2
33 35.6
34 36.3
35 38.2
36 34.4
37 37.4
38 38
39 36.8
40 39.5
41 40
42 37.8
43 41.2
44 41.1
45 42.3
46 46.7
47 40.2
48 45.7
49 43.1
50 43.8
51 46.4
52 45.9
53 53.6
54 55.7
55 52.5
56 52.7
57 54.5
58 53
59 54
60 55.5
61 53.8
62 58.7
63 57.5
64 59.7
65 56.5
66 58.7
67 63
68 61.7
69 62.1
70 65.1
71 62.6
72 68.7
73 68.4
74 68.1
75 70.1
76 69
77 66.7
78 69.6
79 66.1
80 73.4
81 70.6
82 73
83 74.8
84 78.7
85 74.2
86 78.1
87 77.6
88 78.6
89 78.2
90 80.3
91 82.9
92 79.3
93 91
94 89.9
95 85.4
96 96.3
97 87.2
98 89.2
99 90.6
100 92.3
101 86.6
102 93
103 95
104 94
105 97.8
106 98.2
107 98.4
108 96.2
109 97
110 97.9
111 101
112 97
113 104.3
114 102.1
115 104.9
116 104.4
117 106.3
118 110.1
119 108.6
120 108.6
121 109.9
122 111.3
123 108.4
124 119.5
125 122.9
126 119.1
127 117.6
128 118.9
129 113.7
130 112.4
131 115.2
132 116.7
133 118.2
134 120.2
135 124.9
136 127.2
137 126.9
138 118.7
139 123.1