0 0.3
1 0.3
2 0.9
3 1.1
4 1.2
5 1.8
6 1.6
7 1.9
8 3.7
9 3.9
10 6.1
11 5.6
12 6.4
13 7.1
14 9.7
15 12.6
16 13.6
17 14.7
18 13.8
19 13.4
20 18.3
21 23.1
22 20.9
23 23.8
24 26.3
25 26
26 25.1
27 32.1
28 31.7
29 33.6
30 32.1
31 31.2
32 33.3
33 34.4
34 37.2
35 37.1
36 34.6
37 33.8
38 36.2
39 42
40 43.6
41 40.9
42 40.6
43 36.6
44 40.4
45 51.2
46 51.5
47 47.4
48 43.1
49 41.9
50 46.1
51 50.4
52 54.9
53 53.1
54 51.3
55 50.7
56 51.5
57 59.5
58 57.7
59 59.6
60 54.6
61 55.7
62 55.8
63 60.2
64 71.4
65 60.9
66 57.9
67 57.1
68 61.9
69 78.9
70 72.3
71 70.2
72 69.4
73 62.4
74 66.3
75 77.5
76 72.7
77 75.5
78 70.2
79 66
80 71.3
81 88.6
82 85.4
83 81.9
84 73.6
85 78.6
86 75.8
87 95.5
88 94.6
89 92.6
90 86.6
91 83.5
92 85.3
93 99.2
94 98.9
95 95.5
96 89.4
97 90.3
98 85.9
99 108
100 109.4
101 105.8
102 97.2
103 94.2
104 98.2
105 111.7
106 113.6
107 111.4
108 100.6
109 102.6
110 103.5
111 122.8
112 119.1
113 111.2
114 115
115 112.8
116 107.8
117 126.6
118 133.6
119 126.1
120 115.6
121 115.3
122 116.4
123 135.4
124 140.3
125 137.3
126 115.6
127 125.8
128 120
129 141.8
130 140.4
131 130.5
132 121.9
133 122.9
134 122.3
135 150.5
136 155.2
137 141.8
138 131.6
139 132.5
140 135.5
141 156
142 150.5
143 146.1
144 142.4
145 133.5
146 134.9
147 163.1
148 156.1
149 155.2
150 149.6
151 140.2
152 146.3
153 168.2
154 169.1
155 163.1
156 151.2
157 152.7
158 149.7
159 169.7
160 171.1
161 162.9
162 153.5
163 151.1
164 151.5
165 173
166 174.9
167 165.6
168 154.7
169 154