0 0.5
1 0.7
2 0.3
3 1.4
4 1.5
5 2.5
6 2.1
7 3
8 3.8
9 3.5
10 4.9
11 6.1
12 7.8
13 7.5
14 7.8
15 7.6
16 12.9
17 13.9
18 15.3
19 17.5
20 16.9
21 20.9
22 17
23 21.2
24 22.2
25 28.1
26 25.1
27 22.9
28 25.3
29 31.8
30 34.9
31 35.8
32 34.3
33 31.1
34 29.7
35 34.5
36 41.9
37 39.4
38 37
39 40.3
40 37.7
41 40
42 45.3
43 45.1
44 43.9
45 46.8
46 43.3
47 41.7
48 46.9
49 54.7
50 53.1
51 51.1
52 46.6
53 49.7
54 52.6
55 59.7
56 58.3
57 59.8
58 53.2
59 54.9
60 55.4
61 63.6
62 65.1
63 65.5
64 65.5
65 60.7
66 56
67 67.9
68 76.3
69 77.3
70 71.8
71 69.3
72 61.6
73 68.3
74 81.7
75 78.8
76 77.9
77 78.1
78 74.6
79 70.2
80 90.6
81 90.3
82 85
83 79.3
84 72.5
85 73.5
86 87.5
87 98.3
88 96.1
89 84.6
90 83.4
91 75.3
92 88.4
93 103.7
94 100.4
95 98.4
96 92.7
97 88.4
98 85
99 105.8
100 109.4
101 105.9
102 101.4
103 90.2
104 90
105 101.1
106 111.6
107 117.9
108 106.8
109 105.6
110 98.3
111 111.9
112 119.4
113 120.9
114 119.2
115 113.8
116 110.3
117 105.5
118 121.8
119 130.1
120 130.9
121 118.3
122 117.4
123 106.6
124 125.8
125 130.3
126 129.3
127 135.8
128 119.9
129 116
130 119.4
131 136.1
132 144.4
133 137.9
134 127.3
135 127.3
136 121.9
137 144
138 143.4
139 140.4
140 135.2
141 130.2
142 130.4
143 140.2
144 162.4
145 153
146 154.9
147 145
148 140.6
149 135.2
150 157
151 155.8
152 161.1
153 149.6
154 149.5
155 137.4
156 160.3
157 174.5
158 168.3
159 154.6
160 154.2
161 146
162 152.8
163 180.8
164 183.6
165 177.1
166 165.8
167 154.5
168 153.2
169 174.5
170 179.3
171 178.6
172 172.5
173 164.6
174 151.4
175 171.1
176 183.2
177 186.7
178 184.9
179 173.4