0 0.3
1 0.9
2 0.8
3 1.2
4 1.2
5 1.3
6 1.7
7 3.6
8 4.2
9 4.6
10 5.8
11 7.3
12 8.9
13 9.6
14 13.1
15 13.1
16 13.3
17 15.3
18 18.6
19 17.3
20 18.4
21 20.3
22 23
23 23.6
24 23.6
25 24.2
26 26.9
27 27.4
28 28.1
29 28.4
30 33.1
31 38.1
32 33.5
33 34.5
34 37.8
35 35.5
36 37.8
37 34.2
38 40.3
39 39.2
40 43.5
41 45.8
42 45.5
43 44
44 43.7
45 46.6
46 43.8
47 48.2
48 51.4
49 50.9
50 58.7
51 53
52 55.9
53 53
54 54.4
55 54.2
56 53.3
57 54.3
58 60.6
59 65.1
60 61
61 65.7
62 60.2
63 63.5
64 61.8
65 62.9
66 66.2
67 70.4
68 75.3
69 77.6
70 70.1
71 78.2
72 70.1
73 69.7
74 76.1
75 75.5
76 75.6
77 77.8
78 78
79 78.9
80 76.4
81 78.4
82 84.7
83 79.1
84 82.6
85 89.1
86 89.9
87 91.5
88 88.6
89 84.9
90 85.8
91 90.3
92 86.9
93 93.9
94 94.4
95 101.1
96 91.3
97 99.9
98 95.4
99 89.9
100 94.3
101 98
102 102.9
103 101.3
104 112.5
105 103.9
106 107.1
107 104.8
108 109.8
109 105
110 102.6
111 112
112 115.7
113 116.7
114 117.8
115 116
116 114.6
117 111.7
118 111.9
119 115.2
120 112.7
121 124.6
122 126
123 127
124 126.3
125 119.6
126 126
127 123.4
128 126.3
129 130.8
130 137.8
131 135.5
132 137.8
133 137.7
134 130.6
135 128.2
136 127.2
137 130.4
138 137.1
139 145.1
140 152.6
141 143.7
142 151.6
143 140.2
144 143.8
145 136.2
146 138.3
147 141.3
148 157.9
149 151.6