0 0.6
1 0.7
2 0.8
3 0.6
4 0.9
5 1.1
6 1.2
7 2.1
8 2.5
9 3.1
10 3.3
11 3.6
12 5.4
13 7
14 6.7
15 10.2
16 10.4
17 12.2
18 12.4
19 14.6
20 15.7
21 18.4
22 18.9
23 20.3
24 23.3
25 27.7
26 24.7
27 30.3
28 33.2
29 31.7
30 35.7
31 32.8
32 36
33 38.3
34 38.8
35 37.5
36 38.1
37 40.2
38 45.2
39 40.2
40 42.3
41 41.6
42 46
43 43.2
44 49.6
45 48.4
46 51.4
47 48.4
48 48.2
49 48.4
50 56.1
51 46
52 50
53 52.3
54 52.4
55 54.2
56 55.9
57 53.3
58 53.6
59 54
60 58.6
61 58.2
62 58.2
63 56.6
64 60.6
65 61.7
66 60.3
67 58.9
68 56.7
69 54.8