0 0.2
1 0.8
2 0.5
3 1
4 1.5
5 1
6 1.9
7 3.2
8 2.6
9 3.8
10 4.8
11 4.1
12 6.3
13 6.3
14 9.6
15 8.5
16 10.2
17 12
18 13.1
19 16.3
20 15.9
21 18.8
22 22.4
23 19.3
24 24.3
25 26.1
26 25.6
27 27.1
28 26.3
29 29.3
30 31.8
31 31.5
32 34.1
33 34.5
34 37.6
35 35.6
36 37.3
37 40.8
38 40.5
39 39.2
40 42
41 43.4
42 44.7
43 41.2
44 43.1
45 45
46 44
47 47.8
48 49.5
49 49.2
50 47.8
51 51.9
52 50.9
53 51.6
54 54.2
55 52.9
56 56
57 51.5
58 58.1
59 59
60 58.6
61 61.6
62 62.5
63 61.8
64 62.2
65 60.5
66 70.2
67 61.6
68 67.5
69 66.3
70 72
71 70.9
72 69.4
73 70.5
74 75.1
75 77.7
76 78.6
77 81.5
78 77.4
79 81
80 78.6
81 87.5
82 83.9
83 84.9
84 84.1
85 84.3
86 85
87 89.9
88 89.1
89 91.1
90 93.3
91 89.2
92 94
93 93
94 96.9
95 94.2
96 97
97 97.3
98 94.6
99 99.3