0 0.6
1 0.6
2 0.5
3 0.8
4 1.3
5 1.2
6 1.3
7 2.4
8 2.8
9 3.8
10 3.3
11 4.5
12 7.2
13 5.4
14 8.3
15 9.7
16 10.7
17 11.8
18 16.1
19 14.3
20 17.9
21 17.8
22 18.4
23 21
24 22.1
25 24.9
26 25.7
27 29.4
28 30.4
29 29.2
30 28.4
31 31.5
32 32.6
33 36
34 38.7
35 40.7
36 37.1
37 39
38 37.6
39 39.1
40 42.5
41 44.6
42 44.8
43 44.2
44 46
45 44.2
46 48.2
47 50.1
48 52.8
49 46
50 51.6
51 55.3
52 53.5
53 56.8
54 57.3
55 55.2
56 56.7
57 54.9
58 57.3
59 58.3
60 59.1
61 63
62 59.8
63 60.1
64 64.4
65 66.3
66 66.5
67 62.6
68 65.2
69 69.9
70 72.5
71 72.8
72 76.8
73 71.4
74 79
75 76.1
76 78
77 79.2
78 75.1
79 78.2
80 80.9
81 81.2
82 83.4
83 82.9
84 81.8
85 85.1
86 84.6
87 90.5
88 91.2
89 86.1
90 90.3
91 93.3
92 96.4
93 97.1
94 95.3
95 97.6
96 92.1
97 96.5
98 97.6
99 101.1