0 0.5
1 0.3
2 0.8
3 1.2
4 1.6
5 2.4
6 2.1
7 2.8
8 2.3
9 3.4
10 6.2
11 7.5
12 7
13 7.3
14 10.3
15 9.3
16 11
17 14.1
18 16.4
19 19.1
20 20.1
21 19.5
22 17.9
23 22.7
24 25.9
25 26.1
26 27.1
27 25.8
28 27.6
29 31
30 36.2
31 34.6
32 33.9
33 34.6
34 34.5
35 31
36 37.1
37 38.5
38 42.7
39 41.4
40 40.6
41 38.1
42 39.4
43 46.8
44 51.7
45 50.9
46 50.3
47 47.7
48 41.2
49 54.3
50 55.9
51 57.4
52 55.8
53 51.8
54 50.9
55 48.9
56 58.5
57 58
58 60.7
59 60.6
60 61.6
61 60.2
62 59.7
63 72.6
64 71.8
65 69
66 65.7
67 64.3
68 60.5
69 73.2
70 77.5
71 80
72 72
73 67.8
74 70.9
75 73.7
76 86.1
77 83.6
78 82.5
79 78.6
80 77.7
81 75.1
82 82.3
83 88.8
84 86.6
85 86.3
86 84.4
87 79.2
88 85.8
89 90.1
90 94.4
91 99.6
92 88.4
93 89.2
94 86
95 91.8
96 99
97 106.4
98 101.3
99 96.9
100 94.2
101 88.9
102 98.3
103 106.3
104 109.6
105 103.9
106 100.9
107 96.9
108 101.6
109 119.9
110 120.4
111 121.7
112 114.4
113 109.7
114 101.1
115 112.9
116 119.9
117 126.4
118 117.2
119 117.5
120 109.5
121 106.3
122 126
123 132.9
124 132.1
125 126.2
126 120
127 117.1
128 123.2
129 139.8
130 134.6
131 135.8
132 130.4
133 125.2
134 118.1
135 136.6
136 149.3
137 142.1
138 138.6
139 123.7
140 127.4
141 132.4
142 155.9
143 151.7
144 153.1
145 142.2
146 135.3
147 135.9
148 146.5
149 158.8
150 168.5
151 162.7
152 146
153 135.6
154 138
155 162.7
156 167.5
157 165.1
158 156.2
159 153.6
160 139.1
161 154.8
162 179.8
163 172.2
164 168.9
165 165.4
166 157.6
167 152
168 168.4
169 177.5
170 171
171 175.6
172 159.6
173 151.4
174 174.4
175 187.2
176 187.3
177 185.6
178 177.6
179 170.5