0 0.8
1 0.5
2 0.6
3 1.1
4 0.7
5 1.6
6 2.2
7 3.5
8 2.8
9 3.8
10 4
11 5.4
12 6.5
13 8.9
14 9.6
15 10.1
16 9.4
17 15
18 13
19 14.5
20 15.3
21 18.4
22 22.6
23 23.4
24 25.2
25 27.9
26 28
27 27.5
28 32.6
29 32.8
30 32
31 30.4
32 36.5
33 33.7
34 40.8
35 38.1
36 33.6
37 36.2
38 39.1
39 40.4
40 42.6
41 39.4
42 42.6
43 43.9
44 45.6
45 43.8
46 45.6
47 49.3
48 45
49 50
50 47.5
51 50.1
52 50.5
53 50.4
54 53.4
55 54.9
56 56.4
57 52.8
58 53.5
59 57.1
60 57.5
61 62.2
62 63.1
63 60.1
64 61.2
65 63.4
66 63.6
67 65.1
68 64.2
69 67.5
70 69.4
71 69.7
72 71.2
73 69
74 75.1
75 76.3
76 74.6
77 79.2
78 78.7
79 81
80 81.3
81 76.5
82 81.4
83 85.3
84 88.4
85 82.7
86 83.4
87 90
88 89.5
89 88.7
90 88
91 90.2
92 92.2
93 92.8
94 98.9
95 94.4
96 92.2
97 97.9
98 100.2
99 99
100 101.8
101 104.9
102 103.4
103 101.4
104 101.9
105 103.6
106 103.1
107 107.9
108 111.6
109 109.5
110 110
111 113.6
112 108.5
113 110.4
114 113.3
115 115.3
116 114.7
117 111.7
118 113.5
119 115.8