0 0.7
1 0.5
2 0.5
3 0.6
4 0.9
5 1.6
6 1.9
7 2.7
8 2
9 4.6
10 4.6
11 4
12 6.2
13 6.5
14 8.7
15 9.9
16 12.1
17 12.1
18 13.5
19 17
20 17.7
21 17
22 21.8
23 24
24 23.1
25 24
26 24.9
27 27.4
28 28.3
29 30.1
30 30.9
31 29.7
32 35
33 35.4
34 34.3
35 38.2
36 35
37 41.5
38 41.8
39 39.7
40 37.4
41 38.8
42 44.5
43 44.6
44 40.9
45 46.7
46 46
47 46.2
48 48.3
49 49.4
50 52.3
51 54.6
52 51.4
53 52.3
54 52.8
55 55.7
56 53.7
57 56.3
58 53.6
59 57.5
60 60.1
61 61.1
62 57.9
63 59.7
64 67
65 61.5
66 62.6
67 70.8
68 69.4
69 73
70 67.6
71 71.4
72 72.3
73 75.2
74 66.7
75 74.6
76 72.6
77 74.8
78 76.4
79 77.4
80 81.5
81 80
82 82.4
83 84.5
84 80.9
85 84.7
86 81.6
87 92.1
88 81.3
89 86.5
90 94.7
91 92.8
92 89.2
93 91.3
94 93.5
95 94.4
96 90.4
97 94.8
98 102.4
99 98.4