0 0.6
1 0.4
2 0.5
3 1.1
4 1.4
5 1.8
6 2.1
7 1.8
8 3.4
9 3.7
10 7.5
11 6.8
12 8.4
13 8
14 7.3
15 10.3
16 13.6
17 14.7
18 16.7
19 15.6
20 16.2
21 17.3
22 20.9
23 22
24 24.5
25 28.2
26 29.4
27 29
28 26.5
29 29.6
30 36.5
31 36.5
32 35.2
33 32.6
34 31.6
35 34.3
36 46
37 40
38 40.7
39 43.3
40 39.8
41 36.5
42 40.8
43 46.6
44 46.1
45 53
46 44.6
47 42.7
48 45.3
49 56.1
50 52.5
51 59.1
52 54.3
53 49.9
54 52.1
55 60.2
56 62.7
57 60.4
58 60.7
59 56.2
60 56.9
61 57.8
62 67.4
63 70.4
64 68.8
65 67.2
66 64
67 56.3
68 67.7
69 74.5
70 76.1
71 77.6
72 71.1
73 67
74 65.7
75 78.3
76 83.4
77 80.1
78 78.5
79 72.4
80 70.1
81 83.3
82 89.1
83 90.9
84 86.9
85 78.2
86 78.9
87 81.2
88 92.5
89 99.7
90 96.9
91 91.9
92 90.6
93 80.9
94 91.9
95 102.5
96 98.4
97 99.7
98 93.4
99 89.2
100 94.8
101 106.1
102 114.6
103 110.1
104 104.2
105 96
106 88.3
107 102
108 119.7
109 108.5
110 111.2
111 107.4
112 99.9
113 103.6
114 121.5
115 126.8
116 122
117 112.1
118 109.5
119 100.5
120 121.8
121 128.6
122 123.3
123 126
124 118.1
125 114
126 109.2
127 135.2
128 133.5
129 136.9
130 128.5
131 120.1
132 122.9
133 130.8
134 144.2
135 141.4
136 144.5
137 135.9
138 130
139 127.3
140 153
141 149.6
142 152.2
143 142.9
144 140.1
145 131.4
146 147.8
147 158.2
148 165.9
149 156
150 143.4
151 134
152 137.1
153 166
154 167.2
155 172.8
156 154.9
157 150.2
158 145.1
159 159.2
160 175.5
161 179.4
162 159.8
163 160.3
164 154.2
165 151
166 184.6
167 184.5
168 177
169 173