0 0.3
1 0.8
2 0.8
3 0.8
4 0.7
5 1.2
6 3.5
7 2.1
8 2.8
9 3
10 4.8
11 4.5
12 4.1
13 5.9
14 6.5
15 9.9
16 9.8
17 11.5
18 13.7
19 16.1
20 16
21 14.5
22 21.3
23 22.2
24 21.8
25 25.6
26 27.5
27 30.7
28 29.1
29 32.5
30 33.9
31 35.7
32 37.4
33 38.7
34 40.4
35 39.2
36 39.6
37 42.8
38 40.4
39 45.3
40 48.1
41 47.6
42 43.8
43 47.4
44 48.1
45 48.3
46 50.9
47 49.9
48 53.5
49 50.5
50 51.8
51 52.1
52 51.9
53 53.6
54 55.3
55 55.2
56 52.7
57 56.5
58 54.2
59 58.3
60 60.1
61 57.7
62 61.8
63 57.6
64 60.9
65 61.4
66 59.6
67 60.5
68 63.3
69 62.1
70 64.5
71 60.8
72 60
73 63.9
74 65.4
75 64.3
76 65
77 63.7
78 68.1
79 70.5