0 0.2
1 0.7
2 0.7
3 1.4
4 1.5
5 1.9
6 3.2
7 2.6
8 2.3
9 4.8
10 5.5
11 6.9
12 7.4
13 5.3
14 8.8
15 10.5
16 12.4
17 17.7
18 15.4
19 17.1
20 16.3
21 17.8
22 21.1
23 21.9
24 27.3
25 24.3
26 27.7
27 25.4
28 25.5
29 30
30 33.3
31 36.5
32 33.4
33 32.5
34 32.6
35 33.4
36 39.5
37 39.5
38 43.2
39 42
40 38.3
41 39.2
42 45.3
43 50.8
44 47.4
45 48.1
46 43
47 42.7
48 43.5
49 48.1
50 52
51 53.8
52 51.8
53 49.1
54 46.7
55 56.7
56 57
57 62.7
58 62.6
59 57
60 53.2
61 53.4
62 68.5
63 66.6
64 70.3
65 66.7
66 61.8
67 57.3
68 67.2
69 73.4
70 73.7
71 79
72 71.6
73 72.3
74 67.8
75 84.1
76 82.6
77 85.8
78 77.2
79 75.4
80 76.8
81 87.9
82 96.2
83 85.5
84 86.2
85 79.6
86 75.4
87 82.9
88 101
89 99.1
90 94.5
91 94.8
92 84.6
93 78.2
94 91.3
95 104.8
96 106.9
97 102.6
98 100.2
99 94.1
100 95.2
101 106.6
102 108.8
103 111.7
104 102.7
105 100.2
106 94.4
107 108.4
108 119.2
109 119
110 102.6
111 107.1
112 98.6
113 102
114 124.4
115 124.4
116 118.5
117 113
118 108.7
119 103.8
120 119.3
121 129.7
122 134.8
123 134.3
124 120.2
125 114.7
126 118.1
127 131.9
128 132.2
129 133.6
130 131.6
131 127.6
132 113
133 129.4
134 142.7
135 144.5
136 142.5
137 131.7
138 125
139 124
140 146.8
141 151.4
142 150.1
143 147
144 138.2
145 124.7
146 148.7
147 155.2
148 164.1
149 155.7
150 141.3
151 144.3
152 142.4
153 164.1
154 165.1
155 166.4
156 157.5
157 150.9
158 149
159 154.6
160 169.1
161 175.9
162 171.2
163 152.4
164 157.1
165 152.5
166 184.6
167 177.9
168 176.5
169 166.8
170 165.3
171 155.6
172 169.7
173 193.2
174 186.6
175 179.5
176 164.4
177 168
178 165.8
179 187.1