0 0.5
1 0.5
2 0.6
3 0.7
4 1
5 1.6
6 2.4
7 2.7
8 2.6
9 3.8
10 5.3
11 6.2
12 6.9
13 8.7
14 8.6
15 9.3
16 10.8
17 13.8
18 12.9
19 16.5
20 17.9
21 17.7
22 18.8
23 21.5
24 25
25 25.9
26 24.8
27 29
28 28.7
29 29.6
30 31.5
31 30.1
32 32.9
33 31.3
34 30.1
35 36.3
36 33.6
37 37.7
38 35.1
39 38.6
40 42.1
41 39.2
42 41.7
43 41.5
44 40.9
45 42.1
46 45.6
47 50.5
48 47
49 47.3
50 46.5
51 52.1
52 46.6
53 53.7
54 50.8
55 57.3
56 52
57 52.8
58 56.9
59 53.7
60 56.5
61 59.9
62 65.4
63 63.7
64 66.8
65 64.7
66 64
67 61.4
68 65.1
69 67.8
70 73.8
71 76.7
72 69.4
73 67.4
74 73.3
75 73.6
76 73
77 79
78 76.2
79 79.8
80 76.2
81 74.5
82 79.4
83 77.4
84 81.8
85 85.2
86 89.6
87 86.1
88 90.4
89 85.2
90 89.5
91 90.7
92 96
93 95.9
94 94.6
95 92.1
96 96.5
97 92.6
98 94.3
99 98.8
100 99.5
101 103.9
102 102.9
103 98.6
104 101.9
105 99.9
106 108.4
107 114.8
108 112.4
109 111.5
110 113.8
111 110.7
112 105
113 109.8
114 115.6
115 119.3
116 120
117 120.3
118 118.1
119 120.2
120 123
121 119.3
122 124.2
123 123.4
124 130.5
125 127.6
126 123.3
127 121.9
128 125.5
129 133.9
130 133.6
131 132.5
132 131.7
133 133.2
134 128.7
135 137
136 132.5
137 136.4
138 140.8
139 141.9
140 147.8
141 138.2
142 141.4
143 145.7
144 140.5
145 140.7
146 142.7
147 144.2
148 143.2
149 149.2