0 0.4
1 0.4
2 0.9
3 1.5
4 1.4
5 1.9
6 1.6
7 1.9
8 2.9
9 3
10 5.5
11 6.7
12 9
13 9.3
14 8.2
15 12.7
16 11.7
17 17.7
18 16.7
19 16.2
20 16.3
21 18.3
22 21
23 23.9
24 27.5
25 26.3
26 29.3
27 25.8
28 25.2
29 32.7
30 33.5
31 32.9
32 34.5
33 33.4
34 30.2
35 36.8
36 41.7
37 42.3
38 42.8
39 35.2
40 35
41 37.6
42 45.3
43 50.8
44 47
45 45.9
46 44
47 42.2
48 51.5
49 54.5
50 51.7
51 53.1
52 50.8
53 44.5
54 51.9
55 62.4
56 60.3
57 61.3
58 57
59 54.8
60 57.1
61 62.8
62 65
63 68.1
64 66.1
65 59.9
66 58.9
67 66.9
68 74.4
69 73.4
70 74.7
71 71.6
72 64.9
73 63.7
74 82.8
75 79.8
76 83.2
77 79.3
78 71.4
79 67.5
80 85
81 92
82 84.9
83 87.9
84 78.4
85 76.6
86 78.8
87 93.3
88 91.7
89 94.7
90 83.8
91 81.3
92 86.7
93 98
94 96.9
95 98.9
96 95.8
97 94.2
98 87.5
99 93.7
100 108.9
101 109.4
102 106.5
103 106.6
104 95.6
105 97
106 106.8
107 114.5
108 110.2
109 112.5
110 103.6
111 92
112 110.1
113 121.8
114 124.1
115 117.9
116 114.3
117 106.4
118 109
119 127
120 125.8
121 124
122 118.7
123 114.4
124 111.8
125 129
126 140.2
127 133.2
128 127.2
129 119.6
130 116.4
131 120.4
132 137.7
133 147.7
134 144.6
135 131.4
136 130
137 121
138 142.9
139 149.8
140 150.3
141 142.7
142 140.1
143 127.3
144 133.9
145 156
146 151.8
147 151.2
148 152.1
149 139.7
150 138.6
151 156.2
152 166.6
153 163.3
154 156.6
155 145.1
156 138.2
157 152.8
158 180.8
159 165.4
160 169.2
161 159.8
162 146
163 151.3
164 175.4
165 185.4
166 176
167 173.8
168 154.4
169 152.5