0 0.5
1 0.3
2 0.7
3 1.4
4 0.7
5 2
6 0.9
7 1.7
8 2.3
9 2.5
10 3.6
11 4.5
12 5.1
13 5
14 7.2
15 7.9
16 10.8
17 11.6
18 13
19 13.3
20 13.5
21 16.6
22 17.6
23 20.1
24 23.7
25 23
26 25
27 25.8
28 28.6
29 30.2
30 30.2
31 33.3
32 32.5
33 35.8
34 36.4
35 33.9
36 36.5
37 38.9
38 40.4
39 37.9
40 41.3
41 44.8
42 42.1
43 43.8
44 44.6
45 45.9
46 52.3
47 50.1
48 48.7
49 48.1
50 50.6
51 52.1
52 49
53 52.4
54 54.9
55 55.3
56 58.9
57 58
58 55.6
59 62.4
60 60.9
61 62.8
62 63.7
63 62.1
64 63.6
65 63.5
66 71.2
67 69.4
68 69.3
69 66.7
70 72.7
71 73
72 72.3
73 75.2
74 75.2
75 76.1
76 78.2
77 75.1
78 75.5
79 80.6
80 82.4
81 77.8
82 81.9
83 86.8
84 80.9
85 84
86 78.8
87 83.2
88 85.5
89 83.4