0 0.6
1 0.7
2 0.7
3 0.7
4 1
5 2.8
6 1.9
7 2.7
8 2.5
9 4.5
10 4.7
11 5.1
12 6.7
13 7.8
14 8.6
15 9.9
16 11.7
17 13.8
18 14.4
19 15.1
20 16.7
21 16.6
22 22.1
23 18.9
24 23.7
25 24.6
26 23.6
27 26.3
28 28.6
29 32.2
30 32.9
31 31.3
32 34.6
33 34.2
34 31
35 35.9
36 37.9
37 37.9
38 40.8
39 39.8
40 41.3
41 40.3
42 43
43 44.1
44 44.3
45 49
46 44.5
47 48.6
48 46.6
49 48.9
50 52.2
51 48.8
52 53.8
53 55.5
54 54
55 58.2
56 58.8
57 53.6
58 56.2
59 57.8
60 54.1
61 61
62 67
63 62.4
64 59.4
65 64.5
66 69.4
67 66.8
68 71.3
69 67.7
70 69.5
71 71.6
72 72.8
73 71
74 76.4
75 76.2
76 75.8
77 76
78 76.3
79 76.9
80 77.5
81 78.3
82 82.3
83 86.5
84 81.1
85 84.5
86 85.8
87 90.5
88 87.5
89 88.7
90 90.8
91 90.2
92 95.1
93 93.4
94 90.1
95 97.3
96 93
97 103
98 95.8
99 101.7
100 103.4
101 104.2
102 105.4
103 106.2
104 101.6
105 107
106 108.3
107 101.4
108 107.9
109 104.6
110 111.1
111 114.4
112 113.3
113 111.5
114 110.6
115 108.6
116 116.1
117 121.1
118 110.5
119 106.8