0 0.5
1 0.4
2 0.5
3 1.2
4 1.2
5 1.3
6 2.6
7 2.8
8 2.1
9 3.2
10 3.8
11 4.4
12 5.9
13 8.3
14 8.7
15 9.2
16 10.1
17 11.1
18 11.5
19 17
20 18.8
21 18.4
22 21.5
23 20.7
24 24.8
25 24.6
26 24.6
27 29.6
28 30.2
29 31.1
30 32.1
31 33.8
32 37
33 34.7
34 36
35 36.4
36 35.8
37 38.5
38 37.9
39 43.1
40 44.9
41 43.7
42 42.7
43 45.1
44 45.7
45 49.4
46 42.6
47 46.6
48 48.5
49 51.9
50 52.7
51 53.4
52 51.9
53 54.5
54 55
55 57.6
56 55.1
57 58.2
58 57.7
59 61.6
60 58.8
61 59.5
62 59.7
63 65.9
64 64
65 67.2
66 65.3
67 64.6
68 67.6
69 73.4
70 69.8
71 70.5
72 72.5
73 72.7
74 76.9
75 76
76 79.1
77 79.3
78 77.4
79 82.2
80 80.5
81 81.6
82 85.6
83 83.7
84 86
85 83.4
86 87.1
87 83.3
88 90.7
89 88.5
90 90.3
91 91.9
92 96.2
93 90.4
94 92.3
95 93.3
96 93.8
97 102.2
98 103.9
99 97.5