0 0.3
1 0.6
2 1
3 1.1
4 0.7
5 1.7
6 2.6
7 2.1
8 2.9
9 2.8
10 4.9
11 3.8
12 4.4
13 7.5
14 8.1
15 9.4
16 11.3
17 10
18 12.7
19 15.1
20 13.5
21 15.4
22 20.4
23 21
24 22.8
25 21.3
26 25.6
27 25.7
28 27.1
29 27.9
30 31.9
31 32
32 32.7
33 32.9
34 37.4
35 38.1
36 31.6
37 35.9
38 37.4
39 39.4
40 41.6
41 40.4
42 44.6
43 43.4
44 43.2
45 48.6
46 48
47 46.5
48 44.8
49 50.2
50 48.1
51 51.1
52 54.4
53 50.6
54 53.4
55 59.1
56 54.5
57 55.5
58 61.3
59 57
60 60.1
61 56.5
62 59.5
63 61.7
64 58.5
65 64.9
66 69.1
67 72.1
68 68.9
69 67.8
70 66.3
71 70.9
72 67.4
73 69.6
74 69.3
75 68.2
76 71.2
77 68
78 77
79 74.9