0 0.4
1 0.6
2 0.8
3 0.7
4 0.8
5 1.5
6 1.5
7 2.4
8 3.4
9 2.7
10 4.1
11 4.6
12 5.4
13 7.2
14 9.7
15 8.2
16 12.2
17 13
18 14.2
19 14.4
20 15.6
21 19.9
22 20.6
23 22.4
24 25.1
25 23.4
26 22.7
27 29.7
28 27.3
29 28.8
30 34.4
31 32.3
32 35.3
33 32.8
34 37.7
35 37.4
36 37.1
37 38.7
38 39
39 42.2
40 44.2
41 40.6
42 40.4
43 40.8
44 45.4
45 43.6
46 49
47 50.8
48 50.9
49 47.2
50 52
51 51.3
52 52.3
53 50.9
54 52.8
55 52.5
56 57.6
57 50.5
58 57.9
59 57.8
60 54.8
61 61
62 63.1
63 64.3
64 64
65 65.5
66 66.6
67 57.7
68 67.5
69 70.9
70 68.9
71 74.8
72 69.9
73 75.9
74 69.7
75 79.7
76 77
77 80.4
78 78.8
79 79.4
80 79.2
81 83.3
82 81.3
83 81.6
84 86.8
85 88.4
86 89.9
87 88.8
88 83
89 87
90 91.2
91 100.3
92 90.9
93 92.3
94 89.2
95 89.5
96 96.9
97 99.4
98 101.5
99 93.5