0 0.6
1 0.8
2 0.9
3 0.6
4 0.9
5 1.2
6 1.3
7 2.3
8 3.1
9 2.3
10 4.4
11 5.4
12 5.6
13 7.6
14 8.3
15 10.8
16 14.7
17 16.5
18 16.7
19 20.4
20 21.7
21 22.9
22 21.4
23 23
24 27.3
25 27.5
26 29
27 27
28 27.1
29 25
30 29.2
31 31.3
32 29
33 32.8
34 32.5
35 39.2
36 40
37 42.5
38 46.1
39 46.2
40 51
41 53.7
42 49.3
43 45.9
44 50
45 47.5
46 46.8
47 47.6
48 50.8
49 47.7
50 43.3
51 42.9
52 47.2
53 49.6
54 48.6
55 56.7
56 52.7
57 56
58 55.5
59 63.3
60 63.7
61 69
62 73.8
63 72.7
64 69.6
65 72.5
66 73.9
67 67.9
68 71
69 70.4
70 67.6
71 64.5
72 63
73 65.5
74 65.7
75 66.4
76 68.4
77 70
78 67.9
79 75.3
80 75.8
81 79.5
82 87.3
83 86.7
84 91.8
85 96.4
86 96.5
87 91.7
88 92.5
89 93.8
90 89.9
91 84.9
92 89.2
93 78.8
94 83.8
95 84.3
96 82.2
97 80.3
98 79.6
99 90.9
100 95.7
101 94.2
102 100.7
103 105.2
104 108.5
105 113.3
106 117.7
107 116.4
108 124.1
109 123.4
110 118.7
111 118.5
112 110.8
113 111.4
114 108.6
115 105.4
116 105
117 100.5
118 98.2
119 101.4
120 107.4
121 107.4
122 110.1
123 113.1
124 119.8
125 124.7
126 130.6
127 141.2
128 146.9
129 145
130 147.9
131 142.6
132 140.9
133 141.9
134 134.1
135 134.6
136 133.4
137 132.5
138 125.4
139 120.6
140 119.7
141 123.3
142 128.6
143 131.8
144 132.6
145 142.1
146 149.3
147 143.3
148 158.8
149 164.2
150 163.3
151 171.3
152 168.8
153 169
154 164
155 171.5
156 166.2
157 158.8
158 154.8
159 153.2