0 0.5
1 0.6
2 0.3
3 0.9
4 0.9
5 1.6
6 2.4
7 2.4
8 3.8
9 4.1
10 4.8
11 5.9
12 7.9
13 7.8
14 9.7
15 9.2
16 12.3
17 15.1
18 17.3
19 16.6
20 19.1
21 18
22 22.9
23 25.1
24 22.9
25 23.7
26 27.7
27 25.5
28 27.7
29 31.6
30 33
31 32.1
32 30.7
33 31.1
34 32.6
35 37.8
36 36.7
37 41.8
38 37.3
39 36.3
40 35.6
41 43.7
42 51
43 46
44 43.5
45 43.5
46 36.8
47 40.6
48 49.9
49 52.8
50 48.7
51 51.1
52 45.2
53 46.8
54 54.9
55 54.4
56 56.2
57 57.6
58 53.2
59 54.1
60 55.5
61 67.1
62 61.8
63 64.2
64 64.1
65 61.8
66 58.8
67 67.1
68 71
69 74.9
70 68.9
71 65.9
72 65.7
73 73.5
74 82.6
75 76.3
76 72.5
77 72.3
78 70.2
79 76.1
80 87.1
81 84.5
82 81.6
83 75.8
84 80.5
85 75.6
86 94.6
87 98.9
88 96.8
89 89
90 81.3
91 80.9
92 91
93 98.9
94 98.1
95 95.1
96 90.7
97 81.9
98 95.3
99 109.6
100 104.1
101 105.7
102 100.9
103 92.9
104 95.4
105 118
106 114.9
107 114.1
108 103.5
109 104.8
110 93.6
111 110.7
112 124
113 122.1
114 107.7
115 106.3
116 106.9
117 114.4
118 134.3
119 133
120 122.7
121 121
122 116.9
123 113.8
124 138.3
125 133.7
126 128.3
127 123.9
128 120.2
129 116.1
130 135.6
131 151.8
132 140.8
133 137.5
134 123.7
135 119
136 130.6
137 155.7
138 146.8
139 144.9
140 140.2
141 122.8
142 135.4
143 158.9
144 156
145 150.6
146 142.3
147 136.4
148 136.9
149 151.1
150 168
151 162.6
152 154.1
153 145.7
154 143.2
155 150.7
156 168.6
157 170
158 164
159 154.3
160 145.2
161 144.6
162 174.6
163 176
164 180
165 166.2
166 158.8
167 144.8
168 174.7
169 182.2
170 178
171 166
172 168.8
173 159.9
174 165.1
175 188.5
176 194.1
177 183.2
178 168.6
179 166.5