0 0.4
1 0.7
2 0.9
3 1.3
4 1.4
5 1.3
6 2.1
7 3.2
8 3.6
9 4.4
10 4.9
11 6.4
12 6.7
13 8.8
14 8.7
15 12.5
16 13.3
17 13.7
18 13.8
19 15.6
20 16.6
21 19.6
22 20.4
23 24.7
24 22.9
25 23.7
26 24.3
27 31.1
28 32.1
29 28.4
30 26.5
31 30.7
32 31.3
33 37.1
34 36.9
35 35.9
36 34.6
37 34.6
38 34.9
39 46.7
40 44.1
41 41.7
42 39.3
43 37.9
44 42.5
45 50.4
46 49
47 48.9
48 44
49 45.1
50 43.7
51 55.6
52 54
53 52.6
54 48.3
55 48
56 49.5
57 60.3
58 61.7
59 58.7
60 53.4
61 55.9
62 56.4
63 67.9
64 69.8
65 67
66 62.3
67 61.9
68 59.5
69 79.8
70 75.1
71 70.4
72 67.7
73 66.3
74 67.8
75 76.6
76 79.8
77 80
78 70.9
79 71
80 77.1
81 89.8
82 87.1
83 88.6
84 79.2
85 74.4
86 77.5
87 93.6
88 91.8
89 94.8
90 92.5
91 82.5
92 83.1
93 98.9
94 109.3
95 98.9
96 91.8
97 92.3
98 89.9
99 110.1
100 110.7
101 105.5
102 93.6
103 89.2
104 97.8
105 113
106 109.1
107 111.1
108 107.6
109 103.5
110 102.5
111 118
112 113.3
113 119.5
114 116.6
115 107.8
116 108
117 131
118 128.9
119 128.8
120 111.3
121 111.8
122 115.3
123 133.7
124 138.4
125 131.8
126 125.7
127 123.7
128 124.8
129 137.4
130 142.2
131 135.6
132 129.8
133 125.7
134 123.6
135 147.5
136 146.3
137 139
138 135.2
139 134
140 137
141 162.3
142 152.7
143 148.3
144 132.6
145 140.1
146 136.8
147 157.3
148 164.6
149 151.6
150 142.7
151 142.5
152 143.8
153 163.1
154 163.7
155 161.7
156 150.2
157 149.5
158 144
159 176.2
160 172.2
161 163.4
162 149
163 147.2
164 158.5
165 177
166 176.4
167 166.2
168 159
169 151.7