0 0.2
1 0.5
2 0.7
3 0.7
4 1.3
5 1.2
6 1.5
7 2.4
8 3
9 2.9
10 3.7
11 3.8
12 6.9
13 5.8
14 7.7
15 8.8
16 9.6
17 12.3
18 11.7
19 12.2
20 18
21 16.3
22 19
23 17
24 22.3
25 25.2
26 24.3
27 26.2
28 29.5
29 30.4
30 30.5
31 31
32 32.4
33 34.2
34 36.9
35 37.7
36 39.4
37 41.5
38 39.2
39 39.9
40 39.7
41 44.1
42 42.7
43 44.5
44 43.7
45 41.3
46 52.4
47 49.4
48 48.4
49 45.8
50 51.1
51 52.3
52 53.7
53 54.9
54 52.7
55 56.6
56 55.3
57 61.2
58 53.8
59 59.4
60 58.7
61 59
62 59.2
63 60.2
64 67.8
65 63.8
66 64.7
67 65.7
68 62.2
69 65.8
70 68.6
71 68.2
72 72.6
73 71.8
74 71.3
75 74.1
76 75.3
77 78
78 77.8
79 75.1
80 80.2
81 78.6
82 77
83 79.7
84 80.3
85 84.1
86 85.5
87 88.2
88 90.6
89 90.2