0 719
0.01 712
0.02 707
0.03 698
0.04 688
0.05 680
0.06 672
0.07 664
0.08 659
0.09 647
0.1 639
0.11 635
0.12 631
0.13 626
0.14 620
0.15 615
0.16 610
0.17 603
0.18 594
0.19 587
0.2 580
0.21 572
0.22 568
0.23 564
0.24 559
0.25 554
0.26 550
0.27 544
0.28 540
0.29 533
0.3 526
0.31 522
0.32 518
0.33 514
0.34 508
0.35 504
0.36 495
0.37 494
0.38 488
0.39 484
0.4 483
0.41 477
0.42 474
0.43 470
0.44 469
0.45 463
0.46 461
0.47 461
0.48 452
0.49 446
0.5 440
0.51 436
0.52 430
0.53 427
0.54 425
0.55 420
0.56 416
0.57 410
0.58 405
0.59 400
0.6 396
0.61 392
0.62 390
0.63 386
0.64 383
0.65 382
0.66 379
0.67 372
0.68 367
0.69 362
0.7 360
0.71 358
0.72 355
0.73 354
0.74 348
0.75 347
0.76 343
0.77 341
0.78 340
0.79 333
0.8 332
0.81 330
0.82 325
0.83 322
0.84 321
0.85 315
0.86 314
0.87 310
0.88 307
0.89 305
0.9 301
0.91 299
0.92 298
0.93 295
0.94 290
0.95 288
0.96 283
0.97 279
0.98 276
0.99 272
1 269
