0 29
0.01 29
0.02 28
0.03 30
0.04 30
0.05 28
0.06 27
0.07 27
0.08 27
0.09 28
0.1 32
0.11 30
0.12 24
0.13 24
0.14 26
0.15 24
0.16 27
0.17 29
0.18 19
0.19 24
0.2 22
0.21 23
0.22 25
0.23 22
0.24 21
0.25 26
0.26 19
0.27 22
0.28 22
0.29 16
0.3 17
0.31 16
0.32 14
0.33 16
0.34 14
0.35 14
0.36 13
0.37 15
0.38 15
0.39 13
0.4 14
0.41 12
0.42 15
0.43 16
0.44 14
0.45 14
0.46 12
0.47 11
0.48 11
0.49 12
0.5 11
0.51 11
0.52 13
0.53 12
0.54 14
0.55 15
0.56 16
0.57 16
0.58 12
0.59 13
0.6 12
0.61 11
0.62 15
0.63 13
0.64 12
0.65 11
0.66 12
0.67 11
0.68 10
0.69 11
0.7 13
0.71 10
0.72 13
0.73 11
0.74 11
0.75 11
0.76 12
0.77 12
0.78 9
0.79 9
0.8 8
0.81 12
0.82 8
0.83 8
0.84 4
0.85 6
0.86 7
0.87 4
0.88 5
0.89 4
0.9 6
0.91 5
0.92 10
0.93 8
0.94 9
0.95 6
0.96 8
0.97 2
0.98 2
0.99 3
1 4
