0 114
0.01 112
0.02 112
0.03 112
0.04 112
0.05 110
0.06 110
0.07 110
0.08 110
0.09 110
0.1 110
0.11 110
0.12 110
0.13 110
0.14 110
0.15 110
0.16 110
0.17 108
0.18 106
0.19 106
0.2 104
0.21 104
0.22 104
0.23 104
0.24 104
0.25 104
0.26 104
0.27 104
0.28 104
0.29 102
0.3 102
0.31 102
0.32 102
0.33 102
0.34 102
0.35 102
0.36 102
0.37 102
0.38 102
0.39 102
0.4 102
0.41 102
0.42 102
0.43 102
0.44 102
0.45 102
0.46 102
0.47 102
0.48 102
0.49 102
0.5 102
0.51 102
0.52 102
0.53 102
0.54 102
0.55 102
0.56 102
0.57 102
0.58 102
0.59 102
0.6 102
0.61 102
0.62 102
0.63 100
0.64 100
0.65 100
0.66 100
0.67 100
0.68 100
0.69 100
0.7 100
0.71 100
0.72 100
0.73 100
0.74 100
0.75 100
0.76 100
0.77 100
0.78 96
0.79 96
0.8 96
0.81 96
0.82 96
0.83 96
0.84 96
0.85 96
0.86 96
0.87 96
0.88 96
0.89 94
0.9 94
0.91 94
0.92 94
0.93 94
0.94 94
0.95 94
0.96 94
0.97 94
0.98 94
0.99 94
1 92
