0 30
0.01 25
0.02 31
0.03 32
0.04 31
0.05 30
0.06 32
0.07 29
0.08 31
0.09 23
0.1 25
0.11 24
0.12 26
0.13 26
0.14 27
0.15 30
0.16 29
0.17 29
0.18 30
0.19 27
0.2 30
0.21 30
0.22 24
0.23 25
0.24 30
0.25 21
0.26 21
0.27 26
0.28 21
0.29 23
0.3 19
0.31 20
0.32 22
0.33 21
0.34 18
0.35 20
0.36 20
0.37 20
0.38 20
0.39 17
0.4 19
0.41 20
0.42 19
0.43 17
0.44 17
0.45 16
0.46 16
0.47 17
0.48 16
0.49 14
0.5 15
0.51 18
0.52 15
0.53 12
0.54 13
0.55 9
0.56 14
0.57 12
0.58 13
0.59 12
0.6 14
0.61 12
0.62 11
0.63 14
0.64 13
0.65 12
0.66 14
0.67 11
0.68 9
0.69 9
0.7 11
0.71 10
0.72 9
0.73 8
0.74 11
0.75 10
0.76 11
0.77 14
0.78 10
0.79 8
0.8 10
0.81 7
0.82 5
0.83 9
0.84 8
0.85 6
0.86 11
0.87 7
0.88 10
0.89 6
0.9 5
0.91 4
0.92 3
0.93 3
0.94 5
0.95 6
0.96 6
0.97 5
0.98 4
0.99 4
1 3
