0 719
0.01 709
0.02 700
0.03 688
0.04 682
0.05 675
0.06 668
0.07 663
0.08 653
0.09 643
0.1 637
0.11 629
0.12 622
0.13 617
0.14 614
0.15 601
0.16 592
0.17 581
0.18 573
0.19 571
0.2 567
0.21 557
0.22 552
0.23 548
0.24 545
0.25 542
0.26 541
0.27 536
0.28 531
0.29 529
0.3 522
0.31 513
0.32 509
0.33 505
0.34 502
0.35 498
0.36 494
0.37 486
0.38 480
0.39 474
0.4 469
0.41 463
0.42 459
0.43 452
0.44 448
0.45 443
0.46 439
0.47 434
0.48 429
0.49 428
0.5 425
0.51 421
0.52 413
0.53 407
0.54 396
0.55 388
0.56 384
0.57 379
0.58 374
0.59 374
0.6 370
0.61 365
0.62 363
0.63 356
0.64 355
0.65 351
0.66 348
0.67 343
0.68 340
0.69 336
0.7 334
0.71 331
0.72 329
0.73 325
0.74 320
0.75 319
0.76 315
0.77 311
0.78 309
0.79 304
0.8 298
0.81 294
0.82 292
0.83 283
0.84 282
0.85 277
0.86 275
0.87 272
0.88 268
0.89 265
0.9 261
0.91 258
0.92 253
0.93 252
0.94 252
0.95 249
0.96 245
0.97 243
0.98 241
0.99 239
1 237
