0 20
0.01 19
0.02 19
0.03 19
0.04 19
0.05 18
0.06 18
0.07 17
0.08 17
0.09 17
0.1 17
0.11 17
0.12 17
0.13 17
0.14 17
0.15 17
0.16 17
0.17 17
0.18 17
0.19 17
0.2 16
0.21 16
0.22 15
0.23 15
0.24 15
0.25 15
0.26 14
0.27 13
0.28 13
0.29 13
0.3 13
0.31 13
0.32 13
0.33 13
0.34 13
0.35 13
0.36 13
0.37 13
0.38 13
0.39 13
0.4 13
0.41 13
0.42 13
0.43 13
0.44 13
0.45 13
0.46 13
0.47 13
0.48 13
0.49 13
0.5 12
0.51 12
0.52 12
0.53 12
0.54 12
0.55 11
0.56 11
0.57 10
0.58 9
0.59 9
0.6 9
0.61 9
0.62 9
0.63 9
0.64 9
0.65 9
0.66 8
0.67 8
0.68 8
0.69 8
0.7 8
0.71 8
0.72 8
0.73 8
0.74 8
0.75 8
0.76 8
0.77 8
0.78 8
0.79 8
0.8 8
0.81 8
0.82 8
0.83 8
0.84 8
0.85 8
0.86 8
0.87 8
0.88 8
0.89 8
0.9 8
0.91 8
0.92 8
0.93 8
0.94 8
0.95 8
0.96 8
0.97 7
0.98 7
0.99 7
1 7
