0 20
0.01 20
0.02 20
0.03 20
0.04 20
0.05 20
0.06 20
0.07 20
0.08 20
0.09 20
0.1 20
0.11 20
0.12 20
0.13 20
0.14 20
0.15 19
0.16 19
0.17 19
0.18 19
0.19 19
0.2 19
0.21 19
0.22 19
0.23 19
0.24 19
0.25 19
0.26 19
0.27 19
0.28 18
0.29 18
0.3 18
0.31 18
0.32 18
0.33 18
0.34 18
0.35 17
0.36 17
0.37 17
0.38 17
0.39 17
0.4 16
0.41 16
0.42 16
0.43 16
0.44 15
0.45 15
0.46 15
0.47 15
0.48 15
0.49 15
0.5 15
0.51 14
0.52 14
0.53 14
0.54 14
0.55 14
0.56 13
0.57 13
0.58 13
0.59 13
0.6 13
0.61 13
0.62 13
0.63 13
0.64 13
0.65 13
0.66 13
0.67 12
0.68 12
0.69 12
0.7 12
0.71 12
0.72 12
0.73 12
0.74 12
0.75 12
0.76 12
0.77 12
0.78 12
0.79 12
0.8 12
0.81 12
0.82 12
0.83 12
0.84 12
0.85 12
0.86 12
0.87 12
0.88 12
0.89 11
0.9 11
0.91 11
0.92 11
0.93 11
0.94 11
0.95 11
0.96 11
0.97 11
0.98 11
0.99 11
1 11
