0 112
0.01 110
0.02 110
0.03 108
0.04 106
0.05 106
0.06 106
0.07 104
0.08 104
0.09 104
0.1 104
0.11 104
0.12 104
0.13 104
0.14 104
0.15 104
0.16 104
0.17 104
0.18 104
0.19 104
0.2 104
0.21 104
0.22 104
0.23 104
0.24 102
0.25 102
0.26 100
0.27 100
0.28 100
0.29 100
0.3 100
0.31 100
0.32 100
0.33 100
0.34 100
0.35 100
0.36 100
0.37 100
0.38 100
0.39 100
0.4 100
0.41 100
0.42 100
0.43 100
0.44 100
0.45 100
0.46 100
0.47 100
0.48 100
0.49 100
0.5 100
0.51 100
0.52 100
0.53 100
0.54 100
0.55 100
0.56 100
0.57 100
0.58 100
0.59 100
0.6 100
0.61 98
0.62 98
0.63 98
0.64 98
0.65 98
0.66 98
0.67 98
0.68 98
0.69 98
0.7 98
0.71 98
0.72 98
0.73 98
0.74 98
0.75 98
0.76 96
0.77 96
0.78 96
0.79 96
0.8 94
0.81 94
0.82 92
0.83 90
0.84 90
0.85 90
0.86 90
0.87 90
0.88 90
0.89 90
0.9 90
0.91 90
0.92 90
0.93 90
0.94 90
0.95 90
0.96 90
0.97 88
0.98 88
0.99 88
1 88
