0 114
0.01 114
0.02 114
0.03 114
0.04 114
0.05 114
0.06 114
0.07 112
0.08 112
0.09 112
0.1 112
0.11 112
0.12 112
0.13 112
0.14 112
0.15 112
0.16 110
0.17 110
0.18 110
0.19 110
0.2 110
0.21 110
0.22 110
0.23 110
0.24 108
0.25 108
0.26 108
0.27 108
0.28 108
0.29 108
0.3 108
0.31 108
0.32 108
0.33 108
0.34 108
0.35 108
0.36 108
0.37 108
0.38 108
0.39 108
0.4 108
0.41 108
0.42 108
0.43 108
0.44 108
0.45 108
0.46 108
0.47 108
0.48 108
0.49 108
0.5 108
0.51 106
0.52 106
0.53 106
0.54 104
0.55 104
0.56 104
0.57 104
0.58 104
0.59 104
0.6 102
0.61 102
0.62 102
0.63 102
0.64 102
0.65 102
0.66 102
0.67 102
0.68 102
0.69 102
0.7 102
0.71 102
0.72 102
0.73 102
0.74 102
0.75 102
0.76 102
0.77 102
0.78 102
0.79 102
0.8 102
0.81 102
0.82 100
0.83 100
0.84 100
0.85 100
0.86 98
0.87 98
0.88 98
0.89 98
0.9 98
0.91 98
0.92 98
0.93 96
0.94 96
0.95 96
0.96 96
0.97 96
0.98 96
0.99 96
1 96
