0 723
0.01 719
0.02 704
0.03 697
0.04 686
0.05 682
0.06 671
0.07 663
0.08 654
0.09 646
0.1 638
0.11 634
0.12 629
0.13 624
0.14 619
0.15 611
0.16 603
0.17 594
0.18 590
0.19 584
0.2 580
0.21 574
0.22 573
0.23 567
0.24 559
0.25 554
0.26 544
0.27 540
0.28 532
0.29 525
0.3 524
0.31 517
0.32 508
0.33 506
0.34 502
0.35 500
0.36 496
0.37 490
0.38 486
0.39 484
0.4 479
0.41 472
0.42 468
0.43 465
0.44 462
0.45 460
0.46 457
0.47 450
0.48 448
0.49 441
0.5 437
0.51 434
0.52 423
0.53 417
0.54 414
0.55 412
0.56 408
0.57 405
0.58 401
0.59 399
0.6 394
0.61 389
0.62 383
0.63 378
0.64 372
0.65 369
0.66 367
0.67 362
0.68 359
0.69 353
0.7 351
0.71 348
0.72 345
0.73 341
0.74 337
0.75 333
0.76 329
0.77 325
0.78 322
0.79 319
0.8 313
0.81 312
0.82 309
0.83 304
0.84 303
0.85 299
0.86 297
0.87 294
0.88 292
0.89 289
0.9 284
0.91 279
0.92 278
0.93 276
0.94 272
0.95 271
0.96 265
0.97 264
0.98 261
0.99 258
1 255
