-3.40145
-3.40369
-3.40593
-3.40818
-3.41042
-3.41267
-3.41492
-3.41716
-3.41941
-3.42166
-3.42391
-3.42615
-3.4284
-3.43065
-3.43289
-3.43514
-3.43738
-3.43962
-3.44187
-3.44411
-3.44634
-3.44858
-3.45081
-3.45304
-3.45527
-3.4575
-3.45972
-3.46194
-3.46416
-3.46637
-3.46859
-3.47079
-3.473
-3.4752
-3.47739
-3.47958
-3.48177
-3.48396
-3.48613
-3.48831
-3.49048
-3.49264
-3.4948
-3.49696
-3.49911
-3.50125
-3.50339
-3.50553
-3.50765
-3.50978
-3.51189
-3.514
-3.51611
-3.51821
-3.5203
-3.52239
-3.52447
-3.52654
-3.52861
-3.53067
-3.53273
-3.53478
-3.53682
-3.53885
-3.54088
-3.5429
-3.54491
-3.54692
-3.54892
-3.55091
-3.5529
-3.55488
-3.55685
-3.55881
-3.56077
-3.56271
-3.56465
-3.56659
-3.56851
-3.57043
-3.57233
-3.57423
-3.57612
-3.57801
-3.57988
-3.58175
-3.5836
-3.58545
-3.58729
-3.58913
-3.59095
-3.59276
-3.59457
-3.59637
-3.59815
-3.59993
-3.6017
-3.60347
-3.60522
-3.60696
-3.6087