-3.40145
-3.39614
-3.39071
-3.38517
-3.37952
-3.37377
-3.3679
-3.36194
-3.35589
-3.34976
-3.34356
-3.3373
-3.331
-3.32466
-3.31831
-3.31195
-3.3056
-3.29927
-3.29296
-3.28669
-3.28047
-3.2743
-3.2682
-3.26218
-3.25623
-3.25038
-3.24462
-3.23898
-3.23345
-3.22804
-3.22274
-3.21757
-3.21252
-3.20759
-3.20279
-3.1981
-3.19352
-3.18906
-3.18472
-3.18049
-3.17638
-3.17239
-3.16851
-3.16475
-3.1611
-3.15755
-3.15411
-3.15077
-3.14753
-3.14439
-3.14133
-3.13837
-3.13548
-3.13268
-3.12996
-3.12731
-3.12474
-3.12224
-3.11981
-3.11745
-3.11516
-3.11293
-3.11077
-3.10867
-3.10662
-3.10464
-3.10271
-3.10083
-3.09901
-3.09724
-3.09552
-3.09384
-3.09221
-3.09062
-3.08908
-3.08757
-3.0861
-3.08468
-3.08328
-3.08193
-3.0806
-3.07931
-3.07805
-3.07682
-3.07562
-3.07445
-3.07331
-3.07219
-3.0711
-3.07004
-3.069
-3.06798
-3.06699
-3.06602
-3.06507
-3.06415
-3.06324
-3.06236
-3.06149
-3.06064
-3.05981