-3.40145
-3.40005
-3.39862
-3.39718
-3.39572
-3.39424
-3.39274
-3.39121
-3.38967
-3.38811
-3.38653
-3.38493
-3.38331
-3.38168
-3.38003
-3.37836
-3.37667
-3.37497
-3.37325
-3.37152
-3.36978
-3.36802
-3.36625
-3.36447
-3.36269
-3.36089
-3.35909
-3.35728
-3.35547
-3.35365
-3.35182
-3.35
-3.34817
-3.34634
-3.3445
-3.34267
-3.34083
-3.339
-3.33717
-3.33533
-3.3335
-3.33168
-3.32986
-3.32804
-3.32622
-3.32441
-3.32261
-3.32081
-3.31902
-3.31723
-3.31546
-3.31369
-3.31192
-3.31017
-3.30843
-3.30669
-3.30497
-3.30326
-3.30156
-3.29987
-3.29819
-3.29652
-3.29487
-3.29322
-3.29159
-3.28998
-3.28837
-3.28678
-3.28519
-3.28363
-3.28207
-3.28053
-3.27899
-3.27748
-3.27597
-3.27447
-3.27299
-3.27152
-3.27006
-3.26862
-3.26718
-3.26576
-3.26435
-3.26295
-3.26156
-3.26018
-3.25881
-3.25746
-3.25611
-3.25478
-3.25346
-3.25215
-3.25085
-3.24956
-3.24829
-3.24702
-3.24577
-3.24453
-3.2433
-3.24207
-3.24087