-3.40145
-3.39869
-3.39589
-3.39305
-3.39016
-3.38723
-3.38425
-3.38124
-3.37819
-3.37511
-3.37199
-3.36884
-3.36566
-3.36245
-3.35923
-3.35599
-3.35273
-3.34947
-3.3462
-3.34294
-3.33967
-3.33641
-3.33316
-3.32992
-3.32669
-3.32348
-3.3203
-3.31713
-3.31399
-3.31088
-3.30779
-3.30474
-3.30171
-3.29873
-3.29578
-3.29286
-3.28999
-3.28717
-3.28438
-3.28164
-3.27895
-3.2763
-3.2737
-3.27115
-3.26864
-3.26618
-3.26376
-3.26139
-3.25906
-3.25677
-3.25453
-3.25233
-3.25016
-3.24804
-3.24596
-3.24392
-3.24192
-3.23996
-3.23804
-3.23616
-3.23432
-3.23252
-3.23076
-3.22903
-3.22734
-3.22568
-3.22406
-3.22248
-3.22092
-3.2194
-3.21791
-3.21645
-3.21503
-3.21363
-3.21226
-3.21091
-3.20959
-3.2083
-3.20703
-3.20579
-3.20457
-3.20337
-3.2022
-3.20105
-3.19992
-3.19881
-3.19772
-3.19665
-3.1956
-3.19458
-3.19357
-3.19258
-3.1916
-3.19065
-3.18972
-3.1888
-3.1879
-3.18701
-3.18614
-3.18529
-3.18445