-3.40145
-3.40176
-3.40207
-3.40237
-3.40267
-3.40297
-3.40326
-3.40354
-3.40382
-3.4041
-3.40437
-3.40463
-3.40489
-3.40514
-3.40539
-3.40564
-3.40588
-3.40611
-3.40633
-3.40656
-3.40677
-3.40698
-3.40718
-3.40738
-3.40757
-3.40776
-3.40794
-3.40812
-3.40828
-3.40845
-3.40861
-3.40876
-3.4089
-3.40904
-3.40918
-3.40931
-3.40943
-3.40955
-3.40966
-3.40977
-3.40987
-3.40996
-3.41005
-3.41014
-3.41022
-3.4103
-3.41037
-3.41044
-3.4105
-3.41055
-3.4106
-3.41065
-3.41069
-3.41073
-3.41076
-3.41079
-3.41081
-3.41083
-3.41084
-3.41085
-3.41085
-3.41085
-3.41084
-3.41083
-3.41081
-3.41079
-3.41077
-3.41074
-3.4107
-3.41067
-3.41062
-3.41058
-3.41053
-3.41047
-3.41041
-3.41035
-3.41028
-3.41021
-3.41014
-3.41006
-3.40998
-3.40989
-3.4098
-3.40971
-3.40962
-3.40952
-3.40942
-3.40931
-3.4092
-3.40909
-3.40898
-3.40887
-3.40875
-3.40863
-3.4085
-3.40838
-3.40825
-3.40812
-3.40798
-3.40785
-3.40771