-3.40145
-3.3985
-3.39551
-3.39247
-3.38938
-3.38624
-3.38306
-3.37983
-3.37655
-3.37324
-3.36988
-3.36649
-3.36307
-3.35961
-3.35613
-3.35263
-3.3491
-3.34557
-3.34202
-3.33847
-3.33491
-3.33136
-3.32781
-3.32426
-3.32073
-3.3172
-3.31369
-3.3102
-3.30673
-3.30329
-3.29987
-3.29647
-3.2931
-3.28977
-3.28646
-3.2832
-3.27997
-3.27678
-3.27363
-3.27052
-3.26746
-3.26444
-3.26147
-3.25854
-3.25566
-3.25282
-3.25003
-3.24728
-3.24457
-3.24191
-3.23929
-3.23671
-3.23417
-3.23167
-3.22921
-3.22679
-3.22441
-3.22208
-3.21978
-3.21752
-3.21531
-3.21313
-3.21099
-3.20889
-3.20683
-3.2048
-3.20281
-3.20086
-3.19894
-3.19705
-3.1952
-3.19338
-3.19159
-3.18983
-3.18811
-3.18641
-3.18474
-3.1831
-3.18149
-3.1799
-3.17834
-3.1768
-3.17528
-3.17379
-3.17233
-3.17088
-3.16946
-3.16806
-3.16669
-3.16533
-3.16399
-3.16268
-3.16139
-3.16011
-3.15886
-3.15762
-3.1564
-3.1552
-3.15402
-3.15286
-3.15171