-3.40145
-3.39634
-3.39112
-3.3858
-3.38037
-3.37484
-3.36921
-3.36348
-3.35767
-3.35179
-3.34583
-3.33983
-3.33378
-3.3277
-3.3216
-3.3155
-3.30941
-3.30333
-3.29728
-3.29126
-3.28529
-3.27938
-3.27353
-3.26775
-3.26204
-3.25643
-3.2509
-3.24549
-3.24018
-3.23498
-3.22991
-3.22494
-3.2201
-3.21537
-3.21076
-3.20626
-3.20188
-3.1976
-3.19344
-3.18939
-3.18545
-3.18163
-3.17792
-3.17431
-3.17081
-3.16742
-3.16413
-3.16094
-3.15784
-3.15484
-3.15192
-3.14909
-3.14634
-3.14367
-3.14107
-3.13855
-3.1361
-3.13372
-3.13141
-3.12916
-3.12699
-3.12487
-3.12281
-3.12082
-3.11888
-3.117
-3.11517
-3.11339
-3.11167
-3.10999
-3.10836
-3.10678
-3.10524
-3.10374
-3.10228
-3.10087
-3.09949
-3.09815
-3.09684
-3.09557
-3.09432
-3.09311
-3.09194
-3.09079
-3.08967
-3.08857
-3.08751
-3.08647
-3.08545
-3.08446
-3.0835
-3.08256
-3.08164
-3.08074
-3.07986
-3.079
-3.07817
-3.07735
-3.07655
-3.07577
-3.07501