-3.40145
-3.39523
-3.38886
-3.38234
-3.37569
-3.36889
-3.36196
-3.3549
-3.34773
-3.34044
-3.33307
-3.32561
-3.31809
-3.31053
-3.30293
-3.29532
-3.2877
-3.28009
-3.2725
-3.26495
-3.25744
-3.24999
-3.2426
-3.23529
-3.22807
-3.22096
-3.21395
-3.20706
-3.20029
-3.19365
-3.18714
-3.18077
-3.17452
-3.16841
-3.16242
-3.15657
-3.15084
-3.14524
-3.13978
-3.13445
-3.12925
-3.12418
-3.11925
-3.11444
-3.10975
-3.10519
-3.10075
-3.09642
-3.0922
-3.08809
-3.08408
-3.08017
-3.07635
-3.07263
-3.06899
-3.06545
-3.06199
-3.05861
-3.05532
-3.05211
-3.04897
-3.04591
-3.04292
-3.04001
-3.03716
-3.03438
-3.03166
-3.029
-3.02641
-3.02387
-3.02139
-3.01897
-3.01659
-3.01427
-3.01199
-3.00977
-3.00758
-3.00545
-3.00335
-3.0013
-2.99928
-2.99731
-2.99537
-2.99347
-2.9916
-2.98977
-2.98797
-2.98621
-2.98447
-2.98277
-2.9811
-2.97946
-2.97784
-2.97626
-2.9747
-2.97317
-2.97166
-2.97018
-2.96873
-2.9673
-2.96589