-3.40145
-3.39826
-3.39502
-3.39173
-3.38839
-3.38501
-3.38158
-3.3781
-3.37457
-3.37101
-3.3674
-3.36375
-3.36006
-3.35633
-3.35258
-3.34879
-3.34497
-3.34113
-3.33726
-3.33338
-3.32949
-3.32558
-3.32167
-3.31775
-3.31382
-3.3099
-3.30597
-3.30205
-3.29814
-3.29423
-3.29034
-3.28645
-3.28258
-3.27873
-3.2749
-3.27108
-3.26728
-3.26351
-3.25976
-3.25604
-3.25235
-3.24868
-3.24505
-3.24144
-3.23787
-3.23434
-3.23084
-3.22738
-3.22395
-3.22055
-3.2172
-3.21388
-3.2106
-3.20736
-3.20415
-3.20098
-3.19784
-3.19474
-3.19168
-3.18865
-3.18565
-3.1827
-3.17977
-3.17688
-3.17402
-3.17119
-3.16839
-3.16563
-3.1629
-3.16021
-3.15755
-3.15492
-3.15232
-3.14975
-3.14722
-3.14471
-3.14224
-3.1398
-3.13739
-3.13501
-3.13266
-3.13034
-3.12805
-3.12578
-3.12355
-3.12134
-3.11916
-3.117
-3.11488
-3.11277
-3.1107
-3.10864
-3.10662
-3.10461
-3.10263
-3.10067
-3.09874
-3.09683
-3.09493
-3.09306
-3.09121