-3.40145
-3.395
-3.3884
-3.38164
-3.37473
-3.36767
-3.36047
-3.35314
-3.34568
-3.3381
-3.33043
-3.32267
-3.31486
-3.30699
-3.29909
-3.29118
-3.28326
-3.27535
-3.26747
-3.25962
-3.25183
-3.2441
-3.23644
-3.22887
-3.2214
-3.21404
-3.20679
-3.19968
-3.1927
-3.18585
-3.17914
-3.17257
-3.16614
-3.15984
-3.15368
-3.14766
-3.14177
-3.13603
-3.13043
-3.12497
-3.11965
-3.11447
-3.10943
-3.10451
-3.09973
-3.09508
-3.09054
-3.08613
-3.08182
-3.07763
-3.07354
-3.06955
-3.06566
-3.06187
-3.05817
-3.05456
-3.05104
-3.04761
-3.04426
-3.041
-3.03781
-3.0347
-3.03167
-3.02871
-3.02582
-3.023
-3.02024
-3.01755
-3.01491
-3.01234
-3.00982
-3.00736
-3.00495
-3.00259
-3.00028
-2.99801
-2.99579
-2.99362
-2.99149
-2.9894
-2.98735
-2.98534
-2.98337
-2.98144
-2.97954
-2.97768
-2.97586
-2.97406
-2.9723
-2.97057
-2.96887
-2.96721
-2.96557
-2.96395
-2.96237
-2.96082
-2.95929
-2.95778
-2.9563
-2.95485
-2.95341