-3.40145
-3.39461
-3.38759
-3.38041
-3.37306
-3.36554
-3.35786
-3.35004
-3.34208
-3.33399
-3.32579
-3.3175
-3.30914
-3.30073
-3.29228
-3.28381
-3.27533
-3.26687
-3.25842
-3.25002
-3.24167
-3.23339
-3.22519
-3.21708
-3.20907
-3.20119
-3.19343
-3.18581
-3.17833
-3.17099
-3.1638
-3.15675
-3.14985
-3.14309
-3.13647
-3.13001
-3.1237
-3.11753
-3.11153
-3.10567
-3.09996
-3.0944
-3.08898
-3.08371
-3.07856
-3.07355
-3.06867
-3.06391
-3.05927
-3.05473
-3.05031
-3.04599
-3.04178
-3.03767
-3.03366
-3.02975
-3.02593
-3.0222
-3.01857
-3.01501
-3.01154
-3.00815
-3.00484
-3.00161
-2.99844
-2.99535
-2.99233
-2.98937
-2.98647
-2.98364
-2.98086
-2.97814
-2.97548
-2.97286
-2.9703
-2.96779
-2.96532
-2.96291
-2.96053
-2.9582
-2.95592
-2.95367
-2.95147
-2.94931
-2.94718
-2.94509
-2.94304
-2.94102
-2.93904
-2.93709
-2.93517
-2.93329
-2.93144
-2.92962
-2.92782
-2.92606
-2.92433
-2.92262
-2.92094
-2.91928
-2.91765