2.74435
2.74282
2.74129
2.73976
2.73823
2.7367
2.73518
2.73365
2.73212
2.73059
2.72906
2.72753
2.72601
2.72448
2.72295
2.72142
2.7199
2.71837
2.71685
2.71532
2.7138
2.71227
2.71075
2.70922
2.7077
2.70618
2.70466
2.70314
2.70162
2.7001
2.69858
2.69706
2.69554
2.69402
2.69251
2.69099
2.68948
2.68796
2.68645
2.68494
2.68343
2.68192
2.68041
2.6789
2.67739
2.67588
2.67438
2.67287
2.67137
2.66986
2.66836
2.66686
2.66536
2.66386
2.66237
2.66087
2.65938
2.65788
2.65639
2.6549
2.65341
2.65192
2.65043
2.64894
2.64746
2.64597
2.64449
2.64301
2.64153
2.64005
2.63857
2.6371
2.63562
2.63415
2.63268
2.63121
2.62974
2.62827
2.62681
2.62534
2.62388
2.62242
2.62096
2.6195
2.61804
2.61659
2.61514
2.61368
2.61223
2.61079
2.60934
2.60789
2.60645
2.60501
2.60357
2.60213
2.60069
2.59926
2.59782
2.59639
2.59496