2.74435
2.73873
2.7331
2.72747
2.72182
2.71617
2.71052
2.70486
2.69919
2.69353
2.68786
2.68218
2.67651
2.67084
2.66517
2.6595
2.65383
2.64817
2.64251
2.63685
2.6312
2.62556
2.61992
2.61429
2.60867
2.60306
2.59746
2.59187
2.58629
2.58072
2.57516
2.56962
2.56409
2.55857
2.55307
2.54759
2.54212
2.53667
2.53123
2.52581
2.52041
2.51503
2.50967
2.50433
2.49901
2.49372
2.48844
2.48319
2.47797
2.47277
2.46759
2.46244
2.45732
2.45222
2.44716
2.44212
2.4371
2.43212
2.42717
2.42224
2.41735
2.41248
2.40764
2.40284
2.39806
2.39331
2.3886
2.38391
2.37925
2.37463
2.37003
2.36546
2.36093
2.35642
2.35194
2.3475
2.34308
2.33869
2.33433
2.33
2.32569
2.32142
2.31717
2.31296
2.30877
2.3046
2.30047
2.29636
2.29229
2.28824
2.28421
2.28022
2.27626
2.27232
2.26842
2.26454
2.26069
2.25687
2.25308
2.24931
2.24558