2.74435
2.73453
2.72466
2.71475
2.70479
2.69479
2.68477
2.67471
2.66463
2.65452
2.6444
2.63426
2.62412
2.61397
2.60383
2.59368
2.58355
2.57344
2.56334
2.55326
2.54321
2.5332
2.52322
2.51329
2.5034
2.49357
2.48379
2.47407
2.46443
2.45485
2.44535
2.43593
2.42659
2.41733
2.40815
2.39907
2.39007
2.38117
2.37236
2.36364
2.35501
2.34648
2.33804
2.32969
2.32144
2.31328
2.30521
2.29723
2.28935
2.28157
2.27388
2.26629
2.2588
2.2514
2.24411
2.23691
2.22981
2.2228
2.2159
2.20909
2.20237
2.19575
2.18921
2.18277
2.17642
2.17016
2.16399
2.1579
2.15189
2.14597
2.14013
2.13437
2.12868
2.12307
2.11754
2.11208
2.10669
2.10136
2.09611
2.09092
2.0858
2.08075
2.07576
2.07083
2.06597
2.06117
2.05643
2.05175
2.04713
2.04257
2.03807
2.03362
2.02923
2.0249
2.02062
2.0164
2.01223
2.00811
2.00404
2.00002
1.99605