2.74435
2.7368
2.72924
2.72165
2.71404
2.70641
2.69877
2.69111
2.68344
2.67576
2.66808
2.66038
2.65269
2.64499
2.63728
2.62958
2.62189
2.61419
2.60651
2.59883
2.59116
2.58351
2.57586
2.56824
2.56063
2.55303
2.54546
2.53791
2.53039
2.52289
2.51542
2.50797
2.50056
2.49318
2.48584
2.47853
2.47127
2.46404
2.45686
2.44972
2.44263
2.43559
2.42859
2.42164
2.41474
2.40789
2.40109
2.39435
2.38765
2.38101
2.37441
2.36788
2.36139
2.35495
2.34857
2.34224
2.33597
2.32974
2.32357
2.31744
2.31137
2.30535
2.29938
2.29346
2.2876
2.28178
2.27602
2.27032
2.26467
2.25907
2.25352
2.24803
2.2426
2.23721
2.23188
2.22661
2.22139
2.21622
2.2111
2.20604
2.20102
2.19606
2.19115
2.18629
2.18148
2.17672
2.17201
2.16735
2.16273
2.15816
2.15364
2.14916
2.14473
2.14034
2.136
2.1317
2.12744
2.12322
2.11904
2.11491
2.11081