2.74435
2.72716
2.70971
2.69203
2.67411
2.65599
2.63767
2.61917
2.60051
2.58171
2.56281
2.54382
2.52478
2.50572
2.48666
2.46764
2.44869
2.42984
2.4111
2.3925
2.37406
2.3558
2.33773
2.31987
2.30222
2.28481
2.26764
2.25074
2.23411
2.21778
2.20174
2.186
2.17056
2.15542
2.14057
2.12602
2.11175
2.09776
2.08404
2.0706
2.05743
2.04453
2.03191
2.01955
2.00746
1.99563
1.98405
1.97273
1.96164
1.95079
1.94017
1.92978
1.9196
1.90963
1.89986
1.89028
1.88089
1.87169
1.86266
1.85381
1.84513
1.83662
1.82828
1.82009
1.81206
1.80418
1.79645
1.78887
1.78142
1.77412
1.76694
1.7599
1.75298
1.74618
1.73951
1.73295
1.7265
1.72016
1.71392
1.70779
1.70176
1.69583
1.68999
1.68424
1.67858
1.673
1.66751
1.6621
1.65677
1.65152
1.64635
1.64125
1.63623
1.63127
1.62639
1.62157
1.61682
1.61213
1.60751
1.60296
1.59846