2.74435
2.72968
2.71485
2.69987
2.68475
2.66949
2.65411
2.63861
2.62302
2.60734
2.59159
2.57578
2.55994
2.54407
2.5282
2.51234
2.49651
2.48073
2.46503
2.44941
2.4339
2.4185
2.40323
2.3881
2.37313
2.35831
2.34365
2.32917
2.31487
2.30074
2.2868
2.27306
2.25953
2.24621
2.23311
2.22022
2.20756
2.19513
2.18291
2.17091
2.15914
2.14757
2.13622
2.12508
2.11413
2.10339
2.09283
2.08246
2.07228
2.06228
2.05247
2.04285
2.0334
2.02414
2.01504
2.00612
1.99737
1.98878
1.98036
1.97209
1.96397
1.956
1.94818
1.9405
1.93296
1.92556
1.91828
1.91113
1.9041
1.89719
1.8904
1.88371
1.87714
1.87067
1.86431
1.85805
1.8519
1.84584
1.83987
1.83401
1.82823
1.82255
1.81695
1.81144
1.80601
1.80067
1.79541
1.79023
1.78512
1.78009
1.77514
1.77025
1.76544
1.7607
1.75602
1.75141
1.74686
1.74238
1.73796
1.7336
1.72929