2.74435
2.72921
2.7139
2.69842
2.68278
2.667
2.65108
2.63504
2.6189
2.60266
2.58635
2.56998
2.55357
2.53715
2.52072
2.50432
2.48796
2.47166
2.45545
2.43934
2.42336
2.4075
2.39179
2.37624
2.36086
2.34565
2.33063
2.3158
2.30116
2.28672
2.2725
2.25849
2.24472
2.23118
2.21788
2.20482
2.19199
2.17941
2.16706
2.15494
2.14306
2.1314
2.11995
2.10873
2.09771
2.0869
2.07628
2.06587
2.05566
2.04565
2.03584
2.02621
2.01678
2.00753
1.99846
1.98958
1.98087
1.97233
1.96396
1.95575
1.9477
1.9398
1.93205
1.92445
1.91698
1.90966
1.90246
1.89539
1.88845
1.88162
1.87491
1.86832
1.86184
1.85547
1.8492
1.84304
1.83699
1.83103
1.82517
1.81941
1.81374
1.80817
1.80268
1.79727
1.79196
1.78672
1.78157
1.7765
1.7715
1.76658
1.76173
1.75696
1.75225
1.74761
1.74304
1.73853
1.73409
1.72971
1.72539
1.72113
1.71693