2.74435
2.72697
2.70934
2.69146
2.67334
2.655
2.63647
2.61775
2.59886
2.57985
2.56072
2.5415
2.52224
2.50295
2.48368
2.46445
2.4453
2.42624
2.40731
2.38853
2.36992
2.3515
2.33327
2.31526
2.29747
2.27993
2.26265
2.24564
2.22893
2.21251
2.1964
2.1806
2.1651
2.14991
2.13502
2.12043
2.10612
2.09211
2.07837
2.06491
2.05173
2.03884
2.02622
2.01387
2.0018
1.98999
1.97843
1.96714
1.95608
1.94527
1.93469
1.92434
1.9142
1.90428
1.89456
1.88503
1.87569
1.86654
1.85757
1.84877
1.84016
1.83171
1.82342
1.8153
1.80733
1.79952
1.79185
1.78433
1.77695
1.76971
1.7626
1.75562
1.74877
1.74204
1.73542
1.72893
1.72254
1.71626
1.71009
1.70402
1.69805
1.69217
1.68639
1.6807
1.67509
1.66957
1.66414
1.65878
1.65351
1.64831
1.64319
1.63814
1.63317
1.62827
1.62343
1.61867
1.61397
1.60933
1.60476
1.60025
1.5958