2.74435
2.74133
2.73831
2.73529
2.73226
2.72924
2.72621
2.72318
2.72016
2.71713
2.7141
2.71107
2.70805
2.70502
2.70199
2.69897
2.69594
2.69292
2.6899
2.68688
2.68386
2.68084
2.67783
2.67481
2.6718
2.66879
2.66579
2.66278
2.65978
2.65679
2.65379
2.6508
2.64781
2.64483
2.64185
2.63887
2.6359
2.63293
2.62996
2.627
2.62404
2.62109
2.61814
2.6152
2.61226
2.60933
2.6064
2.60348
2.60056
2.59765
2.59475
2.59184
2.58895
2.58606
2.58318
2.5803
2.57743
2.57456
2.5717
2.56885
2.566
2.56316
2.56033
2.5575
2.55468
2.55187
2.54906
2.54626
2.54347
2.54069
2.53791
2.53514
2.53237
2.52961
2.52686
2.52412
2.52139
2.51866
2.51594
2.51323
2.51052
2.50782
2.50514
2.50246
2.49978
2.49712
2.49446
2.49182
2.48918
2.48655
2.48393
2.48132
2.47872
2.47612
2.47354
2.47096
2.46839
2.46584
2.46329
2.46075
2.45822