2.74435
2.72692
2.70924
2.6913
2.67313
2.65474
2.63614
2.61735
2.5984
2.57931
2.56011
2.54081
2.52146
2.50209
2.48272
2.46339
2.44413
2.42497
2.40593
2.38703
2.36829
2.34974
2.33138
2.31323
2.2953
2.27761
2.26018
2.24302
2.22616
2.20959
2.19332
2.17736
2.1617
2.14635
2.1313
2.11654
2.10207
2.08789
2.07398
2.06036
2.04702
2.03396
2.02118
2.00867
1.99644
1.98447
1.97276
1.9613
1.95009
1.93912
1.92838
1.91786
1.90756
1.89747
1.88758
1.87788
1.86837
1.85906
1.84992
1.84097
1.83219
1.82358
1.81514
1.80686
1.79874
1.79077
1.78296
1.77529
1.76777
1.76038
1.75313
1.74601
1.73901
1.73214
1.72539
1.71876
1.71224
1.70583
1.69952
1.69332
1.68722
1.68122
1.67531
1.66949
1.66376
1.65812
1.65256
1.64709
1.6417
1.63639
1.63115
1.626
1.62091
1.6159
1.61096
1.60609
1.60129
1.59655
1.59188
1.58727
1.58273