2.74435
2.73109
2.71772
2.70423
2.69064
2.67694
2.66316
2.64929
2.63535
2.62135
2.6073
2.5932
2.57907
2.56493
2.55077
2.53662
2.52248
2.50838
2.49432
2.48032
2.46638
2.45254
2.43878
2.42513
2.41159
2.39817
2.38488
2.37172
2.3587
2.34582
2.33309
2.32051
2.30808
2.2958
2.28368
2.27172
2.25994
2.24833
2.2369
2.22565
2.21458
2.20368
2.19297
2.18244
2.17209
2.16191
2.1519
2.14206
2.13239
2.12288
2.11352
2.10433
2.09528
2.08637
2.07762
2.06901
2.06054
2.05222
2.04404
2.036
2.02809
2.02032
2.01269
2.00518
1.9978
1.99055
1.98342
1.9764
1.96951
1.96273
1.95607
1.94951
1.94306
1.93671
1.93046
1.92431
1.91826
1.9123
1.90643
1.90065
1.89495
1.88934
1.88381
1.87836
1.87298
1.86769
1.86246
1.85731
1.85224
1.84723
1.84229
1.83742
1.83262
1.82788
1.82321
1.8186
1.81405
1.80956
1.80513
1.80076
1.79645