2.74435
2.73742
2.73047
2.72351
2.71653
2.70953
2.70253
2.69552
2.68849
2.68146
2.67442
2.66738
2.66034
2.65329
2.64624
2.6392
2.63216
2.62512
2.61809
2.61106
2.60404
2.59704
2.59004
2.58305
2.57608
2.56913
2.56219
2.55527
2.54837
2.54148
2.53462
2.52778
2.52097
2.51418
2.50741
2.50068
2.49397
2.4873
2.48066
2.47405
2.46748
2.46094
2.45445
2.44799
2.44158
2.4352
2.42886
2.42257
2.41632
2.41011
2.40395
2.39783
2.39176
2.38572
2.37974
2.3738
2.3679
2.36205
2.35624
2.35048
2.34476
2.33909
2.33346
2.32787
2.32233
2.31683
2.31137
2.30596
2.30059
2.29526
2.28998
2.28474
2.27954
2.27439
2.26929
2.26423
2.25921
2.25424
2.24932
2.24444
2.2396
2.23481
2.23006
2.22536
2.2207
2.21609
2.21152
2.20699
2.2025
2.19806
2.19366
2.1893
2.18499
2.18071
2.17647
2.17228
2.16812
2.164
2.15993
2.15589
2.15188