0 20
0.01 20
0.02 20
0.03 20
0.04 20
0.05 20
0.06 20
0.07 20
0.08 20
0.09 20
0.1 19
0.11 19
0.12 19
0.13 19
0.14 19
0.15 19
0.16 18
0.17 18
0.18 18
0.19 18
0.2 18
0.21 18
0.22 18
0.23 18
0.24 17
0.25 17
0.26 17
0.27 17
0.28 17
0.29 17
0.3 17
0.31 17
0.32 17
0.33 17
0.34 17
0.35 17
0.36 17
0.37 16
0.38 16
0.39 16
0.4 16
0.41 16
0.42 15
0.43 15
0.44 15
0.45 15
0.46 15
0.47 14
0.48 14
0.49 12
0.5 12
0.51 12
0.52 12
0.53 12
0.54 12
0.55 12
0.56 12
0.57 12
0.58 12
0.59 12
0.6 12
0.61 12
0.62 12
0.63 12
0.64 12
0.65 12
0.66 12
0.67 12
0.68 11
0.69 11
0.7 11
0.71 11
0.72 10
0.73 10
0.74 10
0.75 9
0.76 9
0.77 9
0.78 9
0.79 9
0.8 9
0.81 9
0.82 9
0.83 9
0.84 8
0.85 8
0.86 8
0.87 8
0.88 8
0.89 8
0.9 8
0.91 8
0.92 8
0.93 7
0.94 7
0.95 7
0.96 7
0.97 7
0.98 7
0.99 7
1 7
