1.83933147742537e-07
1.71862575653958e-06
1.3055970249871e-05
8.09304734143008e-05
0.000410409516443423
0.00170562268393707
0.00581478664471725
0.0162661714415249
0.0373218550732832
0.0701653005779954
0.107910385768553
0.135468116565782
0.138429836115142
0.114737560540599
0.0767862530701578
0.0412366540851982
0.0176120954090192
0.00589688221542943
0.00150749595592095
0.000277247709791164
2.86809683694647e-07
2.71886129208345e-06
2.08354507532033e-05
0.000129760102997156
0.000659204344374037
0.00273874296839057
0.00932025661509734
0.0259999086659132
0.0594517896143015
0.111345559903492
0.170554637677189
0.213212719752083
0.216914732605313
0.178932359118148
0.119096892286069
0.0635347820655642
0.0268969021922355
0.00888923741875243
0.00222305767651905
0.000390274527881297
3.519010119232e-07
3.42002326268766e-06
2.66225658661993e-05
0.000167391615254271
0.000854896831175291
0.00355990781437806
0.0121166094903326
0.033755340887451
0.0770040085522801
0.143783952116736
0.219483366722621
0.27334757613912
0.276963637595471
0.227443330855311
0.150604621307766
0.0798332456134785
0.0335092068144324
0.0109338170798609
0.00267406518178069
0.00044633246345805
3.33026665708367e-07
3.38032267022459e-06
2.7028993294627e-05
0.000172828530410967
0.000891801166239972
0.00373539151834725
0.0127489362861977
0.0355373903230941
0.0809935199266154
0.150936106515468
0.229787006318545
0.285273982394534
0.288009776137956
0.235551026471905
0.15522853837021
0.0817952597867607
0.0340561639036536
0.0109762931257833
0.0026256320403655
0.000415242099525068
2.33239546186836e-07
2.57033923164613e-06
2.15386654155667e-05
0.000141716361202546
0.000744413228051
0.00315238025582948
0.010827522828981
0.0302770161878558
0.0690703826502711
0.1286427769745
0.19552834009758
0.242165601353154
0.243762426559673
0.19865652359513
0.130355095800714
0.0683163162167163
0.0282321987305467
0.0089944554260473
0.00210580586940263
0.000314773168251139
1.07829579940501e-07
1.43775896825854e-06
1.31771028063213e-05
9.11416518383691e-05
0.000493379464864222
0.0021286681927605
0.00739575989402988
0.0208203928626501
0.0476636040611534
0.0888860257787158
0.135064642113784
0.167053902571696
0.167791291833149
0.136350082571882
0.0891430829500903
0.0464946560155176
0.0190855144847349
0.00601624836302918
0.00138023140774163
0.000194790104375156
1.63993109273521e-08
5.2019863467943e-07
5.90197607413077e-06
4.49415291094894e-05
0.000256397557958008
0.00114133918752136
0.00404253245533367
0.0115160850256367
0.0265489845115494
0.0496965559223884
0.075630796104937
0.0935414875588034
0.0938469040551353
0.0761058576667282
0.0496113760427079
0.025771754887572
0.0105174188507719
0.00328424275816036
0.000739574242740351
9.86086361245806e-05
-2.12663042801438e-08
4.73078723062795e-08
1.68092915595541e-06
1.61732468024888e-05
0.000102112442150956
0.000479920485506858
0.00175508954162509
0.00509871027677444
0.0118969252856063
0.0224300808212529
0.0342697855095104
0.0424583407615192
0.042603766126951
0.034514902387998
0.0224536872389816
0.0116272280781654
0.00472214074754459
0.00146270353852609
0.000324006994531073
4.0923107260009e-05
-2.27432065343598e-08
-8.17879171560418e-08
8.68218563419606e-08
3.65884869959683e-06
2.96493377898467e-05
0.000154727990197222
0.000597980693290918
0.00179408911885115
0.00426921827883663
0.00814674376828426
0.0125373066934308
0.015595696120027
0.0156779327932055
0.0127047656764087
0.00825711477446102
0.00426653620973488
0.00172628953134098
0.000531209970280128
0.000116037685882696
1.39500619770569e-05
-1.29805742709952e-08
-6.59340228708201e-08
-1.99019525818611e-07
1.09123641755503e-07
5.39158576837156e-06
3.64175154532159e-05
0.000156441716725041
0.000495978853483138
0.00121855229160275
0.00237084827120689
0.00369229581141187
0.00462605989461898
0.00466930709320994
0.00379101937165364
0.00246466576081878
0.00127221425002923
0.000513446487886076
0.000157205183661676
3.39561600386517e-05
3.91187232333517e-06
-5.2026433808915e-09
-2.98613454645836e-08
-1.2405419817596e-07
-3.08360762348515e-07
1.12923726380352e-07
5.39531298270914e-06
2.99876789778656e-05
0.000105530044488281
0.000273676483584901
0.000549335805089585
0.000871828773998816
0.00110505657897859
0.00112324479993543
0.000915623480673838
0.000596415919121871
0.000307952631237411
0.000124132131871509
3.78778907660279e-05
8.11310249016184e-06
9.03058774730532e-07
-1.57223720192441e-09
-9.59545389072607e-09
-4.48457023357868e-08
-1.51581994388676e-07
-3.0494530734268e-07
1.10090254734166e-07
3.66758241741415e-06
1.65456754703518e-05
4.74517191520363e-05
0.000100335809796238
0.000164082638964629
0.000211784443810231
0.000217688335498335
0.000178661634422093
0.000116833276198247
6.04394423342734e-05
2.43676600326577e-05
7.42294337065867e-06
1.58107760878968e-06
1.71581734269745e-07
-3.68856819666263e-10
-2.33368827138952e-09
-1.1582321953341e-08
-4.39730587352968e-08
-1.20294967324471e-07
-1.92356096519156e-07
8.78748464236471e-08
1.68896344290296e-06
6.10652819495218e-06
1.41982246922731e-05
2.43913454337815e-05
3.23892825306896e-05
3.38706968970208e-05
2.80962445142283e-05
1.84938027066548e-05
9.60376319105248e-06
3.87915769970773e-06
1.18171655870667e-06
2.50984840554072e-07
2.67970851744323e-08
-6.81836973126133e-11
-4.41436436932188e-10
-2.2700952297036e-09
-9.15017065112453e-09
-2.81493523384589e-08
-6.19708625450299e-08
-7.70993979348527e-08
4.78312336108456e-08
5.24168809596949e-07
1.50332762411747e-06
2.81973078854574e-06
3.92033841911052e-06
4.21015878218213e-06
3.54946761177072e-06
2.36009938978092e-06
1.23332784440444e-06
5.00043048436972e-07
1.52610804203015e-07
3.24030601727856e-08
3.43208599301284e-09
-1.00159340068408e-11
-6.58613414657582e-11
-3.46505866665372e-10
-1.44720224193585e-09
-4.73077408476894e-09
-1.17605720035496e-08
-2.07000337397378e-08
-1.94748349900129e-08
1.65117801602462e-08
1.0889891915791e-07
2.45941195297742e-07
3.70402296623502e-07
4.14975317433098e-07
3.58596247621747e-07
2.42079353379919e-07
1.27721072292683e-07
5.21001949178024e-08
1.59614686474638e-08
3.39600497825312e-09
3.59328297755814e-10
-1.17546554801286e-12
-7.81387967452382e-12
-4.17487108149462e-11
-1.78399681913103e-10
-6.0461273589138e-10
-1.60036822274627e-09
-3.20496747213165e-09
-4.47484455823072e-09
-3.05065739933594e-09
3.56529664794596e-09
1.50362139236537e-08
2.66155556559585e-08
3.20402351695605e-08
2.87767806286749e-08
1.98735567091361e-08
1.06346403393413e-08
4.37777596309373e-09
1.3493171762431e-09
2.8831080083482e-10
3.06324061498372e-11
-1.10605741900064e-13
-7.40976430200389e-13
-4.00184469384168e-12
-1.73672322847111e-11
-6.02434267984598e-11
-1.65515037922665e-10
-3.54123267465674e-10
-5.69241103536318e-10
-6.24279618756108e-10
-2.86622136135901e-10
4.82713743446054e-10
1.36986910563381e-09
1.8949617885606e-09
1.81450678781203e-09
1.29774733974223e-09
7.09109987714992e-10
2.95785542653647e-10
9.19692975405604e-11
1.9776907461742e-11
2.11661684066993e-12
-8.36501835842908e-15
-5.63548352582077e-14
-3.06708071082922e-13
-1.34551368874584e-12
-4.741261682722e-12
-1.33422634411371e-11
-2.968439617246e-11
-5.12323019116413e-11
-6.58212919262131e-11
-5.59760808067397e-11
-1.48367618382202e-11
4.11722752690889e-11
8.17544351662678e-11
8.8175483519965e-11
6.67490248522886e-11
3.76441287336162e-11
1.60056959320447e-11
5.03830739372091e-12
1.09271655618558e-12
1.17915599594643e-13
-5.0938914438643e-16
-3.44575991882831e-15
-1.88576280296945e-14
-8.33664781387805e-14
-2.9700144144992e-13
-8.49417552541285e-13
-1.93778913057056e-12
-3.48688994458823e-12
-4.84334782978388e-12
-4.94804699735168e-12
-3.20725653577015e-12
-2.92825287190965e-13
2.21881280742189e-12
3.17153237331547e-12
2.65843186793219e-12
1.57657629349529e-12
6.89670147494331e-13
2.20888266595777e-13
4.84360398784401e-14
5.26232438164083e-15
-2.50090831948194e-17
-1.69673970729126e-16
-9.32307626792748e-16
-4.14444834920905e-15
-1.48804788743486e-14
-4.30399022785835e-14
-9.9859210692962e-14
-1.84533644123002e-13
-2.68183076285975e-13
-2.99007056585772e-13
-2.41439660991786e-13
-1.16478110993851e-13
8.2878804225992e-15
7.55408123337787e-14
7.92186563992139e-14
5.12846145976537e-14
2.34527592106176e-14
7.7020854438803e-15
1.71300828574617e-15
1.86546822911365e-16