2.85826659082649e-07
2.45816712744545e-06
1.74451487638787e-05
0.000102260174526865
0.000495417562198207
0.00198400473357716
0.00656558064423857
0.0179382855410424
0.040406588330413
0.0748953120270943
0.113960468898553
0.141945992746531
0.144253360280467
0.119142529451727
0.0795922535882585
0.0427411723363631
0.018289857406163
0.00615267509227523
0.0015880940654166
0.00029837219424403
4.98982026744974e-07
4.25395909658123e-06
2.99138859201362e-05
0.000173699573408728
0.000833512918979636
0.00330653062463446
0.0108421821582658
0.0293654084219967
0.0656097918848243
0.120699807993425
0.182393386098375
0.225740707635369
0.228035551170545
0.187233624809308
0.124314617146543
0.0662961764234824
0.0281256739975825
0.00934780149712318
0.00236610401866982
0.000427437855736385
7.10144817203914e-07
6.00411174450348e-06
4.18524375798963e-05
0.000240818288979943
0.00114489282743801
0.00449973301155645
0.0146210024714147
0.0392559193299755
0.08699003030777
0.158817166490475
0.238316025304127
0.293050890794206
0.294238241187165
0.24017023866664
0.158497646125314
0.0839557016894138
0.035320703917641
0.0116020478400514
0.00288035241543677
0.000499435343351181
8.23491029041642e-07
6.90780971186485e-06
4.77506844680421e-05
0.000272360980759938
0.00128323514789523
0.00499779639369044
0.016094096187755
0.0428371089225331
0.0941468396140269
0.170567414091843
0.254139276160207
0.310472506479167
0.309836190059293
0.251424783926806
0.164942493772475
0.0868015958663865
0.0362280109588394
0.0117679320005166
0.00286738486884894
0.00047688068476726
7.77699954028186e-07
6.47514372843736e-06
4.44043554647573e-05
0.00025115496577013
0.00117305806221189
0.00452837048430277
0.0144541771761285
0.0381421688696015
0.0831414893463508
0.149471290364622
0.221122893206502
0.268368742079522
0.266192803896665
0.2147633316808
0.140081543504277
0.0732623274656986
0.0303500524748461
0.00975699200147492
0.00233607483564087
0.000372900002087349
5.97886515150143e-07
4.94284159185111e-06
3.36396803315918e-05
0.00018874282432275
0.000874172546759888
0.00334561757060753
0.0105868615374477
0.0277002033416316
0.0598881081371036
0.106838972770891
0.156926772418043
0.189207035686719
0.186538750543652
0.149645450000318
0.0970667544354166
0.050470144566273
0.0207654171819108
0.00661353733354882
0.00155852080681424
0.000239330118758481
3.74033956326664e-07
3.07144146217097e-06
2.07524505989291e-05
0.000115541128093323
0.000530816023541862
0.00201460460970631
0.00632125498222792
0.0164012570725846
0.0351729095180707
0.0622666421336019
0.0908058223706337
0.108767238603705
0.106589762425623
0.0850334487837239
0.0548632516495416
0.0283716104518426
0.0116014346434854
0.00366474197083863
0.000851802845916903
0.00012634411108943
1.90344086128969e-07
1.55304652378817e-06
1.04209341073535e-05
5.75919676994213e-05
0.000262529851088758
0.000988329787176302
0.00307556589345737
0.00791439498820112
0.0168367409329932
0.0295787065148469
0.0428285844272685
0.0509646242637482
0.0496470093319484
0.0393911680451408
0.0252858158815719
0.013010627510829
0.0052912388336202
0.0016598644201848
0.000381449128175204
5.49607936499151e-05
7.8771848391579e-08
6.38791068383338e-07
4.25803237721397e-06
2.33659792615996e-05
0.000105714401571332
0.000394860997615932
0.00121889426744666
0.00311130403501008
0.00656648143166027
0.0114485063752936
0.0164592064763245
0.0194582316075984
0.0188432625749464
0.0148711227328162
0.0094996539174531
0.00486549228146088
0.00196938088977343
0.00061431627448551
0.000139946950702036
1.97256200172041e-05
2.65025802685114e-08
2.13666481607585e-07
1.41526358194888e-06
7.71357457209424e-06
3.46463675498168e-05
0.000128428538636929
0.000393342748884381
0.00099608990768402
0.00208584994216943
0.00360926262673958
0.00515223335950395
0.00605143511560599
0.00582584976975009
0.00457377785067533
0.00290815909294254
0.00148321960886816
0.000597936847260879
0.000185704689463693
4.20502505944156e-05
5.84381743588456e-06
7.24746678078818e-09
5.81034907861207e-08
3.82531462524476e-07
2.07130555737917e-06
9.23869000321523e-06
3.39947031006506e-05
0.000103322953871153
0.000259623182611444
0.000539471781708573
0.00092650975174658
0.00131327749397492
0.00153248337852692
0.00146676654851135
0.00114563074063785
0.000725187219071002
0.000368436277758072
0.000148027702299213
4.58297621480552e-05
1.03420024768853e-05
1.42854504782212e-06
1.61054354801166e-09
1.28426275437165e-08
8.40595081049031e-08
4.52303305419795e-07
2.00385438964608e-06
7.32087745592487e-06
2.20856874672419e-05
5.50738237115515e-05
0.000113568786334457
0.000193603825128483
0.000272497564410576
0.000315925369134205
0.000300625314253048
0.000233619315817241
0.000147247394532992
7.45458369933772e-05
2.98669959218377e-05
9.22829746234205e-06
2.08040386335838e-06
2.87821765832789e-07
2.90779914338158e-10
2.30674742401604e-09
1.50140004512531e-08
8.02979938298136e-08
3.53436044529568e-07
1.28232616662117e-06
3.8405404540341e-06
9.50565655871194e-06
1.94550669622466e-05
3.29222861952121e-05
4.60143558797525e-05
5.30031541318299e-05
5.01446750908206e-05
3.87730706776814e-05
2.43365811377666e-05
1.22805161374548e-05
4.90904112739957e-06
1.515252039272e-06
3.41996147152286e-07
4.77111090713737e-08
4.26470132241195e-11
3.36634907436468e-10
2.17924629829495e-09
1.15870248364178e-08
5.06805223385471e-08
1.82645641689433e-07
5.43163064508856e-07
1.33457275653806e-06
2.71130436452007e-06
4.55477483516866e-06
6.32174549764166e-06
7.23491318710786e-06
6.80517510229399e-06
5.23576456123463e-06
3.27297327345256e-06
1.64655486754612e-06
6.56987354586328e-07
2.02755673078692e-07
4.59008796574272e-08
6.49308856238352e-09
5.08018676987896e-12
3.99078468985462e-11
2.57001788188914e-10
1.35876406509174e-09
5.9069501894664e-09
2.1149359962072e-08
6.24630520318704e-08
1.52378225398492e-07
3.07321394268161e-07
5.12557038501973e-07
7.06465063380875e-07
8.03293270212433e-07
7.51205143368901e-07
5.75093934834871e-07
3.5806504103964e-07
1.79616023505488e-07
7.15614039368702e-08
2.20966335014722e-08
5.02501200844542e-09
7.23819149289565e-10
4.91449787998972e-13
3.84266236279413e-12
2.46214542767912e-11
1.29461954461526e-10
5.59490472286799e-10
1.99054814491249e-09
5.83953812120555e-09
1.41458731123537e-08
2.83257675756032e-08
4.69052560092767e-08
6.42036612320677e-08
7.25316533730553e-08
6.7434358613065e-08
5.13684132034791e-08
3.18561815176972e-08
1.59359073626433e-08
6.34131957139411e-09
1.96018001677432e-09
4.48303438395879e-10
6.59469872799485e-11
3.86042226125246e-14
3.00484747115155e-13
1.91590526196922e-12
1.00206294970848e-11
4.30578424501864e-11
1.5224884591714e-10
4.43722191869687e-10
1.06752014056137e-09
2.12254945930453e-09
3.48994018575229e-09
4.74413936433325e-09
5.32482436144797e-09
4.92169630699194e-09
3.7303683268375e-09
2.30422107597094e-09
1.14957326205623e-09
4.56972728068577e-10
1.41465660283846e-10
3.25652316566637e-11
4.9008636134371e-12
2.4620673415563e-15
1.90799140490425e-14
1.21076158630596e-13
6.29996511832673e-13
2.69198143674512e-12
9.46164398620383e-12
2.73995345243427e-11
6.54759789015078e-11
1.29282810426809e-10
2.11082151991067e-10
2.84973015090763e-10
3.17779872191404e-10
2.91994744758796e-10
2.20198442598935e-10
1.35472136590376e-10
6.74065469969997e-11
2.67704964285213e-11
8.30194072678431e-12
1.92462327944936e-12
2.96557215060983e-13
1.27477245216696e-16
9.8366457546194e-16
6.21319209000491e-15
3.21671976969101e-14
1.36706267841165e-13
4.77685688476536e-13
1.37468412945649e-12
3.26342617011821e-12
6.39964939458233e-12
1.03764308809539e-11
1.39131365776983e-11
1.54140499344703e-11
1.40794342794546e-11
1.05633372563387e-11
6.47258955426903e-12
3.21190385778141e-12
1.27449715467054e-12
3.95996512095907e-13
9.24798965699118e-14
1.45907063128781e-14
5.35791219878507e-18
4.1171049883705e-17
2.58877863182311e-16
1.33372834065716e-15
5.63823758473275e-15
1.95892756645701e-14
5.60304765963598e-14
1.32154881293364e-13
2.57415646556519e-13
4.14513451702348e-13
5.52017963909734e-13
6.07586713480203e-13
5.51664952618594e-13
4.11753906578423e-13
2.51260751250949e-13
1.24342332483736e-13
4.92961878550582e-14
1.53467839615807e-14
3.61076104211336e-15
5.83005743115777e-16