5.02062264066805e-07
4.10657723546106e-06
2.79247958960078e-05
0.000157773163141949
0.000740486062481568
0.00288661100370723
0.00934380127192165
0.0250984604457794
0.0558838354776324
0.10298256759447
0.156753847293924
0.196625716556853
0.202726551890749
0.171327685323636
0.118335872999467
0.0665906838272046
0.0304240395732063
0.0112406462072889
0.00334192438853002
0.00079428276542357
6.79966617797952e-07
5.93753156976815e-06
4.23128867869054e-05
0.000246948658644828
0.00118404827166317
0.00467619193599559
0.0152411077303512
0.0410439083432022
0.0913568625314665
0.167996660398681
0.254931493509956
0.318675219200969
0.327425590938373
0.275804026080885
0.189919871989428
0.106574410940837
0.0485638079085713
0.0178960111444979
0.00530586567055497
0.00125695840827943
5.75154919938975e-07
6.00712225370243e-06
4.76257083612512e-05
0.000297080333822099
0.0014855372971965
0.00602201451155804
0.0199331570836295
0.0541252616993716
0.120896095965422
0.222415883322501
0.337045828190852
0.420329736640969
0.430676613694494
0.361747521942169
0.248421700013754
0.13904709502641
0.0632089855346525
0.0232385923226779
0.00687325413761182
0.00162382391499472
5.17017087759265e-08
3.15686486505439e-06
3.57815206149736e-05
0.000261944158661223
0.00142773461311202
0.00608358644318761
0.0207369862840491
0.0572668229094812
0.129072262366514
0.238419676862496
0.361647557169567
0.450636188909751
0.460906683672936
0.386289673683843
0.2646676251463
0.147810475712064
0.0670510346844559
0.0246014221685903
0.00726167884774468
0.00171184508769683
-7.15980352941721e-07
-1.73374962742979e-06
9.89400898195429e-06
0.000147159758741342
0.000997338428605673
0.00470574608475146
0.0169431887678605
0.0482567093005487
0.110665129460071
0.206308358072825
0.314273385825508
0.392107665434883
0.400876648683736
0.335538842349874
0.22950565577586
0.127943126682636
0.0579369410240756
0.0212220839930615
0.00625419218973122
0.00147195502340198
-1.30950135555463e-06
-5.99586206173549e-06
-1.58929839721984e-05
1.54986376031909e-05
0.000429828098917759
0.00264220506657832
0.0106251134725581
0.0320109485634796
0.0756964352470091
0.143523983877947
0.220596434925197
0.276394545185655
0.282986895383812
0.236840102150563
0.161851239259259
0.0901159381109704
0.0407537537936317
0.0149090912367522
0.00438865588454568
0.00103180106775061
-1.42329464955713e-06
-7.45018968883181e-06
-2.84974956606667e-05
-6.68336596903218e-05
7.83546094311231e-06
0.000910212683703695
0.00486499245009372
0.0163735848437492
0.0408845846439878
0.0798100651961156
0.124629907255032
0.157467750448704
0.161875250727156
0.13568677516085
0.0927408383881699
0.0516098454236895
0.0233215624107981
0.00852489044083646
0.00250764436854146
0.000589268675137562
-1.11090534305781e-06
-6.15204005363548e-06
-2.62956864151342e-05
-8.23629866020075e-05
-0.000159452941300131
4.61085629695753e-06
0.00139762205392606
0.00618359162683986
0.0171297877953167
0.0351638130810657
0.056394188956491
0.0722893695127296
0.0748831660671311
0.063005627184872
0.0431323045391303
0.0240130608795927
0.0108497209684779
0.0039648223134806
0.00116602710526524
0.000274016283632706
-6.59106234646942e-07
-3.7601671077138e-06
-1.6926781180448e-05
-5.8742862214979e-05
-0.000148719465588345
-0.00022765440532546
4.74677026582157e-05
0.0015249759324184
0.00537255220787469
0.0120962940524494
0.0202882137657463
0.0266300807121262
0.0279420961298376
0.023671973885277
0.0162621602594314
0.00906858427378448
0.00410031226901543
0.00149886557180614
0.000440943663675085
0.000103682553890085
-3.04727103018536e-07
-1.76918108177748e-06
-8.19647350625871e-06
-2.99242356778381e-05
-8.39153777511859e-05
-0.000169748944387758
-0.000196616516003903
0.000106852731512901
0.00115040574323421
0.0031590285948232
0.00573451618863949
0.0078246634414818
0.00838111145529053
0.00718057078185363
0.00496315428731586
0.00277678149925239
0.00125772545740155
0.000460250324992673
0.000135519926611552
3.19019288398693e-05
-1.11228158812941e-07
-6.52893490325541e-07
-3.07811243042086e-06
-1.1568609677123e-05
-3.41768722796365e-05
-7.70631251032448e-05
-0.000122932026314367
-0.000100873455573221
0.000108664074759872
0.000586398195672207
0.00124645957798244
0.00181663328023443
0.00201087392069167
0.00175351560338878
0.00122390185547092
0.000688500160080884
0.000312833455401516
0.000114705095255931
3.38276355643215e-05
7.97668750210058e-06
-3.23007064847783e-08
-1.9095105708038e-07
-9.10363829069292e-07
-3.48351983627276e-06
-1.06084198419851e-05
-2.52963221492803e-05
-4.55931622364582e-05
-5.63415915206968e-05
-2.85761126688178e-05
6.0981771444899e-05
0.000198984173617062
0.000327916064625144
0.000383090512183857
0.00034337626699856
0.00024328726352147
0.000138024643667325
6.3026492078599e-05
2.31824959753566e-05
6.85292999893004e-06
1.61968756731797e-06
-7.49958937407993e-09
-4.45412721448828e-08
-2.13914602510382e-07
-8.28139156963505e-07
-2.57037679647017e-06
-6.33359703357162e-06
-1.21518707326392e-05
-1.73699181496695e-05
-1.61731081560578e-05
-3.17072971485607e-06
2.03924592673313e-05
4.45784156572794e-05
5.72540194892891e-05
5.36087163757629e-05
3.88592609031687e-05
2.23281694010674e-05
1.02718394286502e-05
3.79586488465082e-06
1.12585468473314e-06
2.66897595240674e-07
-1.39679504411276e-09
-8.32075120766687e-09
-4.01557957977955e-08
-1.56663660727968e-07
-4.92336210768152e-07
-1.23848579655641e-06
-2.4647465850691e-06
-3.78905568302047e-06
-4.24705025108619e-06
-2.83606846481522e-06
4.54349204673188e-07
4.21744472329676e-06
6.5659820279785e-06
6.61278594703338e-06
4.96495231236577e-06
2.9072319688578e-06
1.35203141670824e-06
5.02978518015744e-07
1.49872170453222e-07
3.56657665776066e-08
-2.0917698899075e-10
-1.24841314218526e-09
-6.04400003539605e-09
-2.37020808550231e-08
-7.51083508681385e-08
-1.9151836880409e-07
-3.90029797369572e-07
-6.2537609822081e-07
-7.65825213987232e-07
-6.61465702653197e-07
-2.85002044656006e-07
2.00099734739406e-07
5.50673302336855e-07
6.3458840480202e-07
5.04008853432194e-07
3.03600521970037e-07
1.43428904214172e-07
5.38629359424339e-08
1.61500008667389e-08
3.8620543620714e-09
-2.52302772551463e-11
-1.50741746954984e-10
-7.31261003265272e-10
-2.87750228196319e-09
-9.16943971391924e-09
-2.35949530393756e-08
-4.87844011567708e-08
-8.03104521733832e-08
-1.03396961243765e-07
-1.00008832469759e-07
-6.46432566332546e-08
-1.29286271010844e-08
2.92293324044871e-08
4.59600032997729e-08
4.02058606397944e-08
2.5298570139354e-08
1.22289207155479e-08
4.6536762742733e-09
1.40715406016005e-09
3.38591178858145e-10
-2.45420985710768e-12
-1.46702981736168e-11
-7.12504188252161e-11
-2.80980994899492e-10
-8.98706133804924e-10
-2.32682635592703e-09
-4.86009739640471e-09
-8.14023508194698e-09
-1.08099934202202e-08
-1.11217897963051e-08
-8.38744370758001e-09
-3.8391791387893e-09
2.46489479613024e-10
2.33269265460482e-09
2.4709962301154e-09
1.668853228903e-09
8.34720684221062e-10
3.23672042489026e-10
9.89967385682403e-11
2.40103554873021e-11
-1.9271130237349e-13
-1.15203481971837e-12
-5.59833816485099e-12
-2.21059894450866e-11
-7.08746435682969e-11
-1.84256839790448e-10
-3.87522855244419e-10
-6.56641488730392e-10
-8.89762168651504e-10
-9.50365950977111e-10
-7.75949888126208e-10
-4.46806096453069e-10
-1.27521127517026e-10
6.18973807994589e-11
1.12214360433428e-10
8.59971292085865e-11
4.53495684335182e-11
1.80677182055279e-11
5.61352431319144e-12
1.37555972012801e-12
-1.22247144297142e-14
-7.30619840144468e-14
-3.55086919904323e-13
-1.40302373633305e-12
-4.50476360602809e-12
-1.17426418814224e-11
-2.48114047870644e-11
-4.2374038183809e-11
-5.81983898103713e-11
-6.36796543612705e-11
-5.44810236071213e-11
-3.49332629833508e-11
-1.48007137587548e-11
-1.64288255879922e-12
3.34894333784277e-12
3.37556612546329e-12
1.943019339082e-12
8.05952877121656e-13
2.55951051277992e-13
6.35750302278194e-14
-6.2685491899742e-16
-3.74465692117628e-15
-1.81953073276931e-14
-7.19052180006643e-14
-2.31041230637826e-13
-6.03242758186204e-13
-1.27848443885439e-12
-2.19507951672772e-12
-3.04256037677879e-12
-3.38300779786019e-12
-2.98124409454913e-12
-2.03079087812636e-12
-1.00586632405397e-12
-2.90811525793511e-13
3.11739352037879e-14
9.5270708558279e-14
6.46068630576941e-14
2.85412881346925e-14
9.35314434087964e-15
2.36593250393152e-15