-4.18551841942142e-09
-5.27802794753912e-08
-5.43358123003763e-07
-4.56430349055724e-06
-3.1268640479177e-05
-0.000174606445830036
-0.000794335326115845
-0.00294255900488209
-0.00887202551732839
-0.0217625901646953
-0.0434128936411116
-0.0704034149913697
-0.0927892911572893
-0.0993592468676056
-0.0864203181194869
-0.0610412984908782
-0.0350063017416603
-0.0162969842991014
-0.00615799505565582
-0.00188834991389583
-6.66862144339776e-09
-8.43025958900595e-08
-8.69774546890356e-07
-7.32020284852637e-06
-5.02311272619617e-05
-0.000280891558318461
-0.00127940620116155
-0.00474438540743495
-0.0143173798474591
-0.0351466419721211
-0.0701585356448308
-0.113843525723266
-0.150119328058118
-0.160823064642247
-0.139939108436303
-0.0988817046901167
-0.0567278231419393
-0.0264183661259136
-0.00998572896881766
-0.00306308391578312
-8.59177246023613e-09
-1.0888745775948e-07
-1.12593157491761e-06
-9.49471586084384e-06
-6.52648920741038e-05
-0.000365508901881961
-0.00166700159103772
-0.0061887433341986
-0.0186946819820819
-0.0459321819081346
-0.0917588039424774
-0.148995233273795
-0.19659240839453
-0.210726569241588
-0.183455256836064
-0.129691068057847
-0.0744353552954568
-0.0346789929589844
-0.01311317651828
-0.00402389225001333
-8.955526917979e-09
-1.13783368836971e-07
-1.17921025076506e-06
-9.96395016132968e-06
-6.86119371251413e-05
-0.00038485573491868
-0.00175766152560747
-0.00653326097456722
-0.0197566074491027
-0.0485875787585246
-0.0971459715629252
-0.157862943375696
-0.208436239908696
-0.223561728773996
-0.194740962042971
-0.137742224283273
-0.0790951751048273
-0.0368669429661655
-0.0139465452087739
-0.00428137107489454
-7.55486106623669e-09
-9.62286533772857e-08
-9.99537612068858e-07
-8.46290447211047e-06
-5.83811576390332e-05
-0.000327996857637214
-0.00150012734470167
-0.00558309984085455
-0.0169024686415737
-0.0416105270101778
-0.0832718007896263
-0.135428469320627
-0.17894790549107
-0.192064137118598
-0.167408486369933
-0.118478061665364
-0.0680696872430028
-0.0317437631145527
-0.0120141211095762
-0.00368978018971185
-5.15970573034222e-09
-6.58850523945233e-08
-6.85903259388751e-07
-5.81924950157154e-06
-4.02173535753435e-05
-0.000226318945887719
-0.00103660941738957
-0.00386306228760794
-0.0117089266043443
-0.0288555552290016
-0.0578014533050293
-0.0940863489949853
-0.124418685407008
-0.133634517860354
-0.116556946708561
-0.0825401409340021
-0.0474491726062162
-0.0221393221211685
-0.00838328628189503
-0.00257588320146924
-2.85363927990897e-09
-3.65287985150278e-08
-3.81142479368193e-07
-3.24021808751049e-06
-2.24345184755912e-05
-0.000126456345600677
-0.00058006857525558
-0.00216459145319887
-0.00656877183436797
-0.0162057450932757
-0.0324942572329277
-0.0529400247646174
-0.0700646734030124
-0.0753110519954905
-0.0657323426618175
-0.0465783974573668
-0.0267920896335746
-0.0125078710198554
-0.00473869740804651
-0.00145674177206631
-1.27832765976978e-09
-1.64036384966308e-08
-1.71537611327234e-07
-1.46124804186236e-06
-1.01358640262105e-05
-5.72271882868419e-05
-0.000262899281324513
-0.00098236266071048
-0.00298476588013558
-0.00737184104558402
-0.0147962247501421
-0.0241283432072463
-0.0319600809976501
-0.0343797977938244
-0.0300284918936707
-0.0212924578180528
-0.0122550291889526
-0.00572452671166541
-0.00216993859183313
-0.000667403994799056
-4.63907723444758e-10
-5.96727517638497e-09
-6.25389582567606e-08
-5.33807264103669e-07
-3.70945667720839e-06
-2.09781474056122e-05
-9.65166443109562e-05
-0.000361137238122432
-0.00109861161078649
-0.00271640917345602
-0.00545773872702108
-0.00890828550450035
-0.0118098912501007
-0.012714029505324
-0.0111129443998885
-0.00788522217112784
-0.00454123888708527
-0.0021225258064319
-0.000805003293950638
-0.00024771989612861
-1.36405339495009e-10
-1.7587530144103e-09
-1.84722809970774e-08
-1.57983734866635e-07
-1.09981298612832e-06
-6.22995822144717e-06
-2.87054822187813e-05
-0.000107552614215944
-0.000327586789595561
-0.000810893686875846
-0.00163089572399264
-0.00266449643466345
-0.00353542377619988
-0.00380911461000358
-0.00333187827670711
-0.00236575528934143
-0.0013633436207374
-0.000637588371903845
-0.000241949467674528
-7.44924552511341e-05
-3.2500825075218e-11
-4.20027358451278e-10
-4.42097363487724e-09
-3.78838615913117e-08
-2.64198610469747e-07
-1.49898729146335e-06
-6.91697434600814e-06
-2.59510007283056e-05
-7.9138959827619e-05
-0.000196115987237324
-0.000394838566393167
-0.000645678595070531
-0.000857468403429572
-0.000924585592062689
-0.000809343277664122
-0.00057505693319784
-0.000331606429891657
-0.000155172893152174
-5.89170601253021e-05
-1.81490649963359e-05
-6.27572842300743e-12
-8.12898190962121e-11
-8.57399089846326e-10
-7.36119569758467e-09
-5.14258687161561e-08
-2.9224006120274e-07
-1.35048003363624e-06
-5.07342793603766e-06
-1.54904373903544e-05
-3.84297803246585e-05
-7.74490776610242e-05
-0.000126770807278455
-0.00016849822460818
-0.000181831932163619
-0.000159285435971076
-0.000113253456136989
-6.53491892060893e-05
-3.05978621052442e-05
-1.16240464061803e-05
-3.58258230704047e-06
-9.8214625024973e-13
-1.27501360322269e-11
-1.34756158294146e-10
-1.15911368585628e-09
-8.11151236589416e-09
-4.61677282008237e-08
-2.13652059010661e-07
-8.03688194853552e-07
-2.45679604520093e-06
-6.1016822449344e-06
-1.23093611012188e-05
-2.01670039170192e-05
-2.68280543118239e-05
-2.89739535372391e-05
-2.53999165772264e-05
-1.80718931824889e-05
-1.04344100461783e-05
-4.88850161663708e-06
-1.85815600714384e-06
-5.72988418589483e-07
-1.2458312134082e-13
-1.62084422450189e-12
-1.71649018491282e-11
-1.47915141274612e-10
-1.03684830001759e-09
-5.91040126147746e-09
-2.73901414179819e-08
-1.03164990981638e-07
-3.15736762562202e-07
-7.85010023676157e-07
-1.58523312148333e-06
-2.59954440231216e-06
-3.46108991805039e-06
-3.74086436270727e-06
-3.28180168082813e-06
-2.33656175789253e-06
-1.34994141931642e-06
-6.32816650651364e-07
-2.40670447504811e-07
-7.42522626047571e-08
-1.28096207199886e-14
-1.67008171482505e-13
-1.77207641257867e-12
-1.52977847679635e-11
-1.07409126657591e-10
-6.13187768079839e-10
-2.84555514304999e-09
-1.0731289629344e-08
-3.28811395837031e-08
-8.18386914973812e-08
-1.6542531522603e-07
-2.71517995216386e-07
-3.61807217151629e-07
-3.91356526451218e-07
-3.43577813960769e-07
-2.44782503848401e-07
-1.41510463964141e-07
-6.63749246956712e-08
-2.52571879935631e-08
-7.79637994970402e-09
-1.06764147714711e-15
-1.3948311430198e-14
-1.48282135194619e-13
-1.28230085739379e-12
-9.01768677329231e-12
-5.15564112659401e-11
-2.39573663955052e-10
-9.04605551573119e-10
-2.77489343685927e-09
-6.91371101431882e-09
-1.39885393018759e-08
-2.29802654123687e-08
-3.06472087254549e-08
-3.31755069900215e-08
-2.91459257327089e-08
-2.07787549756521e-08
-1.20197298544556e-08
-5.64104438825777e-09
-2.14770015943129e-09
-6.63284794763658e-10
-7.21340983052302e-17
-9.44292448091135e-16
-1.00571179150541e-14
-8.71182957829384e-14
-6.13605374499565e-13
-3.51314469029576e-12
-1.63463710213638e-11
-6.17965990325993e-11
-1.8977241080389e-10
-4.73305718468501e-10
-9.58545160406353e-10
-1.57606494038116e-09
-2.10358931470697e-09
-2.27883716156724e-09
-2.0034400520866e-09
-1.42922289051091e-09
-8.27252568011123e-10
-3.88462051654684e-10
-1.47976436046888e-10
-4.5722952842555e-11
-3.9508643382035e-18
-5.18206039307903e-17
-5.52899792323169e-16
-4.79729487355804e-15
-3.38401611267085e-14
-1.94018159193334e-13
-9.03903852309459e-13
-3.42117930351972e-12
-1.05175508076211e-11
-2.62577333497861e-11
-5.32266430859811e-11
-8.75914668245433e-11
-1.17001871456835e-10
-1.26842495758457e-10
-1.11589975478656e-10
-7.96573489965412e-11
-4.61341538171048e-11
-2.16757767856807e-11
-8.26123117992125e-12
-2.55386773057183e-12
-1.75423299795306e-19
-2.30524309139286e-18
-2.46385200720274e-17
-2.14120404643136e-16
-1.51262669148547e-15
-8.6841695077506e-15
-4.05086756223064e-14
-1.53496700221184e-13
-4.72385567024881e-13
-1.18049186028764e-12
-2.39511752306851e-12
-3.9447793393026e-12
-5.27340009339139e-12
-5.72105220802475e-12
-5.03648898957073e-12
-3.59749663793766e-12
-2.08473531075186e-12
-9.80032209978612e-13
-3.73708209523447e-13
-1.15583153199962e-13
-6.31438159237111e-21
-8.31292948923815e-20
-8.89985550982164e-19
-7.74638598965762e-18
-5.48014382713548e-17
-3.15034755149945e-16
-1.47130710286553e-15
-5.58134127213635e-15
-1.71942506172944e-14
-4.30093604042254e-14
-8.73392641591681e-14
-1.43966118172035e-13
-1.92600707366926e-13
-2.09097870965826e-13
-1.84198945740732e-13
-1.3165156658857e-13
-7.63352981522223e-14
-3.59043949049813e-14
-1.36980239566425e-14
-4.23861784500728e-15