1.95926328071049e-06
1.3100249844872e-05
7.3832876710262e-05
0.000352343742467081
0.00142849724294585
0.00492816547172556
0.014461359083501
0.0360120373634764
0.0758149190834517
0.134305473512127
0.199196023312448
0.246130239797679
0.252195299203551
0.213389042204334
0.148535730972973
0.0847680684697251
0.0395376159740335
0.0150266350626835
0.00463958609467412
0.00116003294136339
3.84068789644839e-06
2.53137425560831e-05
0.000140436337707303
0.000658931405862083
0.00262465058583127
0.0088945774384271
0.0256515849879497
0.0628496877531223
0.130391666415494
0.228053063973783
0.334588694104062
0.40972628486764
0.416773811236346
0.350600126542263
0.2429347404568
0.138151811158632
0.0642630568413987
0.0243739364521074
0.00751413876157166
0.00187661719493013
6.14436040589833e-06
3.99295613074414e-05
0.000218125731661961
0.00100661304927462
0.00394055030809026
0.0131211301038387
0.0371949531115113
0.0896639143348814
0.1832892467638
0.316413357718783
0.459064298217813
0.5569262998127
0.562193164978252
0.470039280319739
0.324124054803586
0.183632231963888
0.0851749727560348
0.0322366272130159
0.00992271830835641
0.00247548141197387
8.02250426598824e-06
5.14119824300274e-05
0.000276596582679508
0.00125570771671704
0.00483209851891954
0.0158118458300343
0.0440611976797599
0.104502276000191
0.210455612987357
0.35851863259766
0.514217574264251
0.617834150825743
0.618727496318917
0.513988055503732
0.352626196567554
0.198989045522553
0.092019761059526
0.034749546030366
0.0106793333879501
0.00266149399816471
8.54968028216745e-06
5.40351956150888e-05
0.000286329464275097
0.00127888451302848
0.00483799912268828
0.0155585336401986
0.0426193364279118
0.0994458068282976
0.19727789015791
0.331568802320381
0.470015217750978
0.559126896539668
0.555324736483547
0.458227616173853
0.312691588859198
0.175717513751309
0.08099997011035
0.0305166360012549
0.00936323399422038
0.00233115151180286
7.43796140800465e-06
4.63631738391152e-05
0.000241977438746289
0.00106330153783046
0.00395421116699409
0.0124965565660937
0.0336475170453507
0.0772306306116382
0.1508926728535
0.25016042548361
0.350392456291782
0.412581990249195
0.406289478890094
0.332915113988406
0.225909793921788
0.12639405450883
0.058068655595195
0.0218236060702602
0.00668472366502159
0.0016626181012078
5.28306613929894e-06
3.24799604659306e-05
0.000166962125481739
0.00072173089592919
0.00263804964450096
0.00819143487582665
0.0216749449224965
0.0489282089163856
0.0941306236171318
0.153900307685344
0.212946583788436
0.248127380000309
0.242201728745121
0.197028655835076
0.132921559240166
0.0740269446231512
0.0338903752775116
0.0127039611702531
0.00388445826542876
0.000965150326723928
3.0641307631785e-06
1.85812884917341e-05
9.40729534093406e-05
0.000399979317069552
0.00143663871706763
0.00438167481298392
0.0113901805596898
0.0252788540023388
0.047873468693546
0.0771697050123807
0.105454742972864
0.121566639234548
0.11759545859561
0.0949500104191904
0.0636691061345878
0.0352889227349442
0.0160961423004057
0.00601733361155106
0.00183649524627132
0.000455817428254003
1.4513336756166e-06
8.68213725266504e-06
4.32912074867373e-05
0.0001810183766998
0.000638716467345886
0.00191267680980802
0.00488232623140373
0.0106484194959902
0.0198434679845677
0.0315261357259456
0.0425363017907092
0.0485007354902162
0.0464837027857342
0.037244601658348
0.0248184290492162
0.0136872163567915
0.00621900861196981
0.00231825745370503
0.000706148461876343
0.000175067582002403
5.61431563299324e-07
3.31383983167601e-06
1.6274659335951e-05
6.69161394119868e-05
0.000231875280280656
0.000681428284762441
0.00170706319679305
0.0036566690224928
0.00670174966529494
0.0104896826365576
0.0139695661030753
0.0157508188239664
0.0149533630094522
0.011887031779206
0.00787007068071644
0.00431789084942421
0.00195401503732008
0.000726212720721041
0.000220747775845611
5.46611235427448e-05
1.7737900560202e-07
1.03332434890696e-06
4.99902537881965e-06
2.02103151683871e-05
6.8754962504964e-05
0.000198185825193998
0.000486909989479631
0.00102363575509551
0.00184386911165636
0.00284181266316408
0.00373404921283441
0.00416209929186819
0.00391327690383741
0.00308580764107223
0.00202952463287081
0.00110756060258873
0.00049912034157385
0.000184915829703484
5.60855493688974e-05
1.38695689166816e-05
4.57679140187898e-08
2.63247323024599e-07
1.25484231690299e-06
4.98839066699218e-06
1.66568521063114e-05
4.70685782472626e-05
0.000113323276859468
0.000233612743887348
0.000413241051271471
0.00062671247823013
0.000812098342981441
0.000894572282719249
0.000832805574668713
0.000651321241069068
0.000425478489343421
0.000230923536670029
0.000103615542862335
3.82618842802098e-05
1.15779736957308e-05
2.85908247526144e-06
9.64318708013723e-09
5.47905457274906e-08
2.5743593254032e-07
1.00645361532567e-06
3.29811167735228e-06
9.13179400692182e-06
2.15277706139074e-05
4.34728477694656e-05
7.54412446194203e-05
0.0001124880749757
0.000143661358744897
0.000156334773021743
0.000144073937613138
0.000111737048890434
7.24912218653457e-05
3.91239558973838e-05
1.74769151629081e-05
6.43166689969446e-06
1.94144407899424e-06
4.78685947659631e-07
1.65881161391702e-09
9.31581785259619e-09
4.31659057798124e-08
1.66017222843335e-07
5.33903184589671e-07
1.44786273308223e-06
3.33937906793043e-06
6.5983873670298e-06
1.12199560958193e-05
1.64310774561931e-05
2.06661870795278e-05
2.22064574432624e-05
2.02534975948515e-05
1.55745163763908e-05
1.00339446998966e-05
5.38468538624111e-06
2.39445366690741e-06
8.78082442404334e-07
2.64375498536077e-07
6.50770277712582e-08
2.32904670705613e-10
1.29370579274712e-09
5.91540479652819e-09
2.23917979245055e-08
7.06822950690502e-08
1.87686439536795e-07
4.23184052737598e-07
8.17207133088196e-07
1.35970358531557e-06
1.95316411564012e-06
2.4169812210548e-06
2.56291904453068e-06
2.31267628754867e-06
1.76310486782243e-06
1.12793214484908e-06
6.0184718423227e-07
2.66398430037436e-07
9.73408696708798e-08
2.92295386916214e-08
7.18224924974408e-09
2.66824846142542e-11
1.46704021711282e-10
6.62433749428603e-10
2.46953111874948e-09
7.65437020350088e-09
1.99001381790021e-08
4.38353070183541e-08
8.26275540345247e-08
1.34312252866202e-07
1.88954869157714e-07
2.29775110396483e-07
2.40254923860341e-07
2.1441102775122e-07
1.62033434447248e-07
1.02932633839276e-07
5.46106272286754e-08
2.40612625513283e-08
8.7598697037069e-09
2.62320444595002e-09
6.43367874704453e-10
2.4933470570916e-12
1.35801226066293e-11
6.06065395502303e-11
2.22690183153875e-10
6.78143653177979e-10
1.72648207596411e-09
3.71361209748397e-09
6.82469127405935e-09
1.08195912371307e-08
1.48801453329419e-08
1.77541463034642e-08
1.82870339110009e-08
1.61324450847678e-08
1.20834480349834e-08
7.6224925785377e-09
4.02138394057187e-09
1.76374602360339e-09
6.39784467231834e-10
1.91054876925379e-10
4.67670472032387e-11
1.89964931558234e-13
1.02579073675977e-12
4.52881840805518e-12
1.64163287515698e-11
4.91546729276314e-11
1.22598041457738e-10
2.57448761968465e-10
4.60796150216517e-10
7.11207461753115e-10
9.54174430960699e-10
1.1149299609834e-09
1.1298035242882e-09
9.84599304837079e-10
7.30814103840085e-10
4.57829029759582e-10
2.40216377809958e-10
1.04891327124294e-10
3.7912873198288e-11
1.12902637995109e-11
2.75816328424207e-12
1.17954361485046e-14
6.32013139452212e-14
2.76297597635519e-13
9.89062667146867e-13
2.91477929925642e-12
7.12701794683841e-12
1.46127317901992e-11
2.54523515850492e-11
3.81767893259426e-11
4.98460230198664e-11
5.69080900916052e-11
5.66386398850563e-11
4.87178745106521e-11
3.58251198970711e-11
2.22907631850257e-11
1.1634562560858e-11
5.0589770905074e-12
1.8223287652169e-12
5.41212360670095e-13
1.31952035077009e-13
5.96643708556562e-16
3.17476186038762e-15
1.37565479777699e-14
4.86843695198453e-14
1.41370528125291e-13
3.39208514123172e-13
6.79368385437131e-13
1.15099082704493e-12
1.67495935666579e-12
2.12278042806081e-12
2.36136940880231e-12
2.30327751711615e-12
1.95309295221016e-12
1.42240179859979e-12
8.79158638880259e-13
4.56635128606452e-13
1.97792217870358e-13
7.10238007152336e-14
2.10394862571143e-14
5.11964681049079e-15