-2.81276235476177e-06
-1.20698018481448e-05
-3.51530757027757e-05
-3.59135330783164e-05
0.000287349710482966
0.00215114776460981
0.00884054266088049
0.0264948692403473
0.0622370808959831
0.117841864109125
0.182064567637288
0.230684982745184
0.240038381615721
0.20500576628295
0.143479715731107
0.082118743279017
0.0383431093384983
0.0145681080264404
0.00449120989987803
0.00111989678438334
-7.26102504632588e-06
-3.30498614522557e-05
-0.000111268334189482
-0.000233381668413665
1.77273682739474e-05
0.00259760067294818
0.013023824399676
0.0417146549849753
0.100671677996006
0.192653958451353
0.29853864346591
0.378027949609037
0.392502188075457
0.334331063367823
0.23338631931218
0.133269252608134
0.0621068554360537
0.0235601545209665
0.00725433763965967
0.00180708507282992
-1.48110830603005e-05
-6.98936644401735e-05
-0.000253723485296626
-0.00065845980906709
-0.000896714974858206
0.00151760660811271
0.0141251548077513
0.0514645100164493
0.130288346380474
0.254324472337076
0.397099899850406
0.50372639646812
0.522535482556974
0.444199184205539
0.309375110194695
0.176280917807069
0.0819995748768577
0.0310599014468718
0.00955252086868246
0.00237754656094912
-2.40701813953941e-05
-0.000116282178575404
-0.000441324542693373
-0.00126677277632182
-0.00245749303639153
-0.00156135087703138
0.00979585127812084
0.0483273623274361
0.133475891281049
0.269720020565241
0.42725836957394
0.544843890803474
0.565708004450943
0.480395412843672
0.333986681162859
0.189942346989739
0.0882026470466095
0.0333625651251288
0.0102498830146262
0.00254931082963921
-3.13254278301306e-05
-0.000153739631726338
-0.000600182954619446
-0.00182328107387868
-0.00408250943772345
-0.0055732528845396
0.00125056909293903
0.0322496004770029
0.106248687271188
0.228056197512234
0.370420471681196
0.477293866817281
0.497339412307681
0.422483073871437
0.293413719217287
0.166613992525495
0.0772526545077411
0.0291833995348532
0.00895747848231884
0.00222660584390336
-3.27568503519023e-05
-0.000162518642989924
-0.000646411377439621
-0.00203349099285268
-0.00490949387626988
-0.00838198411503935
-0.00694225565426307
0.0118636962260902
0.0632813178132057
0.151848022468322
0.257342181316681
0.337640743971757
0.354428316772906
0.301787201183075
0.209590361505504
0.118900503734539
0.0550627964864737
0.0207779086828092
0.00637234234128506
0.00158332510997292
-2.75867669662061e-05
-0.000137902258151505
-0.000555490500115878
-0.00178749464507798
-0.00451251872385048
-0.00856254568926247
-0.0106855552431901
-0.00277131170214393
0.0255201858837267
0.0778510515883267
0.142057824406811
0.192092975842593
0.204283021980046
0.174847274015986
0.121613050340497
0.0689796092937653
0.031919383934503
0.0120343980683743
0.00368840061115831
0.000916184837168252
-1.87417026908601e-05
-9.41770426947455e-05
-0.000382669316817089
-0.00125016157394799
-0.00324641931306278
-0.00653628400757224
-0.00957039695329596
-0.00795975184904294
0.00416601025057458
0.0292727816254039
0.0614356281331182
0.0873732767341615
0.0949395633150727
0.0820194472744011
0.057254741908376
0.0325064066683261
0.0150391871664694
0.0056671564584837
0.00173613090765869
0.000431187584754789
-1.02837194910589e-05
-5.18603189395355e-05
-0.000211983522028806
-0.000699689594720341
-0.00185099937881262
-0.00386464768839775
-0.00614630869754493
-0.00671950647570604
-0.00280046929187618
0.00697273648989952
0.0202650617539044
0.031479302097473
0.0354265306620452
0.0310800492942745
0.0218405608980445
0.0124315261331462
0.00575529545599923
0.00216859473650882
0.000664221055980666
0.000164971513736248
-4.56157820175004e-06
-2.30583447145805e-05
-9.46340125382727e-05
-0.000314545223516827
-0.000842539481606377
-0.00180075831968286
-0.00300615468526673
-0.00371779472201199
-0.00283684097229182
0.000247720632716259
0.00479190903879925
0.00884146867574871
0.0105472542327646
0.00948441487071462
0.00673876245640103
0.00385398904141828
0.00178752048065588
0.000673915759792723
0.000206446678986308
5.12868769437956e-05
-1.63681878543141e-06
-8.28624291028092e-06
-3.40978401125526e-05
-0.000113867576551833
-0.000307575672789389
-0.00066763641354805
-0.00114893583025084
-0.00152041342831329
-0.00142250501518343
-0.000633619348693797
0.000654696201405628
0.00187601532423196
0.00248034092557195
0.00232057358181744
0.00167790871462019
0.000967260440528301
0.000450186254627409
0.000169968408302134
5.2100601092381e-05
1.29496272686468e-05
-4.75373893090055e-07
-2.40852226103189e-06
-9.9272695265931e-06
-3.32530235279942e-05
-9.03270983950072e-05
-0.000198107106186453
-0.000347731779416744
-0.000479362666313507
-0.00049587367056023
-0.000332434099019316
-2.88979511806521e-05
0.000278264832216074
0.00045263930781131
0.000452231646773238
0.000336100600253303
0.000196191504183266
9.18408579024257e-05
3.47660627937348e-05
1.06704014288502e-05
2.65437433691131e-06
-1.11788597913058e-07
-5.66574700604844e-07
-2.33733610021966e-06
-7.84398449652079e-06
-2.13848607309856e-05
-4.72256380126086e-05
-8.39860647285006e-05
-0.000118829420592111
-0.000130181638912239
-0.000102749158918606
-4.32402356110443e-05
2.10031016482748e-05
6.1827713682545e-05
6.94448790968184e-05
5.39171762820736e-05
3.2087437854101e-05
1.51571760921679e-05
5.76245809826603e-06
1.77241709000236e-06
4.41486415857497e-07
-2.12925341916406e-08
-1.079122646466e-07
-4.45325922080605e-07
-1.49599841868011e-06
-4.08763388377492e-06
-9.06748633003554e-06
-1.62660611817416e-05
-2.34089630809315e-05
-2.65685579880859e-05
-2.28352528086692e-05
-1.31250323003074e-05
-1.99020178941924e-06
5.74968799004148e-06
8.24221267396515e-06
6.87949663798343e-06
4.21834551654365e-06
2.02028593832624e-06
7.73199531987064e-07
2.38621794186365e-07
5.95536778674597e-08
-3.28576162550932e-09
-1.6647267996985e-08
-6.86931168496468e-08
-2.30847920188392e-07
-6.31529019045826e-07
-1.40478237310883e-06
-2.53429775554588e-06
-3.6882648773203e-06
-4.28219760881013e-06
-3.86942105862338e-06
-2.55196123126177e-06
-9.58625246162582e-07
2.28620637403273e-07
7.26042486222602e-07
6.90312689367723e-07
4.43726056005142e-07
2.16992719715624e-07
8.38809992913797e-08
2.60181014924869e-08
6.51181085106458e-09
-4.10877522987285e-10
-2.08062147663134e-09
-8.58207633614739e-09
-2.88375833810708e-08
-7.89272105227153e-08
-1.75836080042372e-07
-3.18338124111931e-07
-4.66689589524673e-07
-5.49938942263446e-07
-5.12715805358229e-07
-3.64379801148802e-07
-1.76817064297782e-07
-2.9507688335588e-08
4.24216545698386e-08
5.33605155461801e-08
3.70843666981294e-08
1.87219927267401e-08
7.34540740784952e-09
2.29535755496384e-09
5.76806562896609e-10
-4.16416204019717e-11
-2.10724933312527e-10
-8.68650519668512e-10
-2.91751497364435e-09
-7.98438927522753e-09
-1.77991331546357e-08
-3.22889601377137e-08
-4.75554693219558e-08
-5.65838587184487e-08
-5.38280570910692e-08
-4.00056692708445e-08
-2.18992099730811e-08
-7.11351897637373e-09
8.38014137644164e-10
3.03941825273981e-09
2.43376782132071e-09
1.29161866660518e-09
5.18071705022156e-10
1.63648366502879e-10
4.13596662397643e-11
-3.4208911738142e-12
-1.72976536704885e-11
-7.12481594331743e-11
-2.3912845495252e-10
-6.54100123429772e-10
-1.45811693750486e-09
-2.64756851068203e-09
-3.9099925103695e-09
-4.68118640825097e-09
-4.5119985355958e-09
-3.44927077082859e-09
-2.01961407730504e-09
-8.18772303980129e-10
-1.30674453851703e-10
1.12153120878313e-10
1.227342798917e-10
7.07436235034213e-11
2.93382468657674e-11
9.41394762077607e-12
2.39856080713432e-12
-2.27821052426197e-13
-1.15097948242611e-12
-4.73651829815212e-12
-1.58827278472249e-11
-4.34103680819308e-11
-9.6721743433398e-11
-1.75644024765079e-10
-2.59748964942259e-10
-3.12150836612216e-10
-3.03422317596348e-10
-2.36212253370287e-10
-1.44074733487282e-10
-6.51331813285359e-11
-1.79327181715339e-11
1.02923997184492e-12
4.53589653154743e-12
3.03958323361773e-12
1.32786752966735e-12
4.36005547102249e-13
1.12369715302578e-13
-1.23006828696315e-14
-6.20877478594611e-14
-2.55250400800458e-13
-8.55032512288513e-13
-2.33460377740543e-12
-5.19726176412289e-12
-9.43380514750846e-12
-1.39563705560736e-11
-1.68059931523259e-11
-1.64221166102584e-11
-1.29355953975859e-11
-8.09665597896243e-12
-3.89469875430418e-12
-1.30916285321177e-12
-1.86850639694209e-13
1.06553200603328e-13
1.00190930970082e-13
4.76914166135083e-14
1.62084473654819e-14
4.24625775426435e-15