2.66233194568974e-08
1.18106659934415e-06
1.30866999673034e-05
9.55194491314462e-05
0.000523455494498506
0.00225435338768615
0.00779411972310203
0.0218779992535361
0.0501646339880022
0.0942448453496286
0.145224167816214
0.183485147134307
0.189841334108253
0.160531008547338
0.110668029165228
0.0620120509770709
0.0281417500637286
0.0102965703937526
0.00301937245267945
0.000703593587111221
-3.01955290959361e-07
-7.85364470444075e-08
1.19571512890326e-05
0.000120388254048567
0.000746210300614385
0.00341264788863925
0.0121795246716146
0.0347684540051263
0.0803886034020137
0.151532150185663
0.233600985128465
0.294795496149858
0.304390083685904
0.25677412416134
0.176563214790066
0.0986746820301736
0.0446560165892126
0.0162893500436987
0.00475960444100012
0.00110397444320568
-1.06957897906591e-06
-4.02869066186652e-06
-2.76494399623192e-06
8.82336889435596e-05
0.000768250793489721
0.00397035319175022
0.015015731726171
0.0441770638849446
0.10377357383624
0.197152194015164
0.304907963172581
0.384998245464517
0.397165448355426
0.334471762770898
0.229514833591864
0.127977794933497
0.0577776900539236
0.0210199932739634
0.00612283563826013
0.00141454009811989
-2.18253034697532e-06
-1.04229033353561e-05
-3.20870948336456e-05
-1.77653696075216e-05
0.000473621551551448
0.00337732936031241
0.0143169457991888
0.044439516985674
0.107317252932697
0.206854598232479
0.322213472211709
0.408070421583852
0.421229278171077
0.354491829464572
0.242914509509062
0.135211620807967
0.0609226711761681
0.0221153409272844
0.0064254148915972
0.0014796512259174
-3.17721944838844e-06
-1.66378349088033e-05
-6.42649233514167e-05
-0.000156854034788058
-3.29995314851782e-05
0.00180631381647932
0.0101312921020557
0.0348062616371171
0.0881725021910968
0.174198872525894
0.274867610461488
0.350347499433995
0.362635659111266
0.305382088129118
0.209159203261861
0.116293283494093
0.052322375061096
0.0189611803780971
0.00549813098557226
0.00126301610173028
-3.50813344670767e-06
-1.92626712213623e-05
-8.16287099418378e-05
-0.000252630923614518
-0.000473364573205572
0.000119460155109793
0.0047522060220216
0.020543505441247
0.0567758807481135
0.116933819464982
0.188529066157964
0.243029408778802
0.252980790940125
0.213568798644393
0.146377047936537
0.0813627573536096
0.0365765655792313
0.0132401887427544
0.00383405025980124
0.000879300326559298
-3.01589268078622e-06
-1.70276977493465e-05
-7.5763971121311e-05
-0.000258710864738978
-0.000634783374670489
-0.000872123493427685
0.000751406859870462
0.00842583529544512
0.0279378392696497
0.0618872312709434
0.103380239014898
0.135757450315109
0.142704539674108
0.121072232224176
0.0831696345247892
0.0462648119172933
0.020797397540304
0.00752484937233809
0.00217752688357302
0.00049897829191696
-2.04630552161284e-06
-1.175918425845e-05
-5.38627827677957e-05
-0.000193765209945763
-0.000530520958382317
-0.00101775143729816
-0.000942836121363032
0.00170655906013024
0.00992470535922249
0.0253322975346021
0.0449288924427655
0.0607845034692064
0.064909425241177
0.0555350871120594
0.0383166945158758
0.0213599325988795
0.00961066539050901
0.00347830040990688
0.00100656543007784
0.000230648862139941
-1.10456784848551e-06
-6.42220227223263e-06
-2.99671255542729e-05
-0.000111214313683675
-0.000322594947463649
-0.000703718514621762
-0.00103403677921032
-0.000524429512230415
0.0021120325646326
0.00770808439447748
0.0152519132621546
0.0216649805224001
0.0237163740896595
0.0205632089092134
0.0142908852663378
0.00799786435576849
0.00360613749114043
0.00130666776190463
0.000378426705296628
8.67829399591919e-05
-4.7672755935356e-07
-2.79400618248705e-06
-1.31993901114274e-05
-4.99726614438747e-05
-0.000150025584558759
-0.000349686315243708
-0.00060244313113017
-0.000655371738598411
-4.91558369312121e-05
0.00156561464758215
0.00393369194338901
0.00607972240139283
0.00692301485884742
0.00612727247182711
0.00430650099883383
0.00242539022347039
0.0010975603740738
0.000398587443430814
0.000115624784619965
2.65584676647475e-05
-1.65072644417258e-07
-9.72806493093732e-07
-4.6346915098693e-06
-1.77821169140338e-05
-5.45711029710884e-05
-0.000132261434816532
-0.000246577646313913
-0.000331168296638729
-0.000250064333045892
0.000115786124214917
0.000722380095651578
0.00131728478412226
0.00160112197665196
0.00146291857109791
0.00104587102291647
0.000594702662706543
0.00027064085107349
9.86356661157799e-05
2.86876509262493e-05
6.60566004659696e-06
-4.59664068125961e-08
-2.71924686710497e-07
-1.30310993734119e-06
-5.04546574752504e-06
-1.57125366925744e-05
-3.90378478825212e-05
-7.61767016692862e-05
-0.000112856650622929
-0.00011576038301769
-5.2052056726251e-05
7.48715331915338e-05
0.000211570375773452
0.000289312914570656
0.00027808652587196
0.000203996046630834
0.000117655943613412
5.39905767188798e-05
1.97803406066502e-05
5.77471812177038e-06
1.3341944069368e-06
-1.03114195387653e-08
-6.11589122655473e-08
-2.94271988713466e-07
-1.14659040827751e-06
-3.60665543134662e-06
-9.10952472367013e-06
-1.82925413601013e-05
-2.86330373678262e-05
-3.3390361858433e-05
-2.52448003803591e-05
-3.52143862073874e-06
2.25103498336114e-05
3.9775610221801e-05
4.16622777875939e-05
3.17993353990244e-05
1.87290911044598e-05
8.6983529634826e-06
3.21058397613616e-06
9.42183949279579e-07
2.18644688167457e-07
-1.86582550987648e-09
-1.10857474081929e-08
-5.34877752260762e-08
-2.09319256948237e-07
-6.63001624376091e-07
-1.69348160687708e-06
-3.46547104068421e-06
-5.61172192406195e-06
-7.00934635754842e-06
-6.34038767894744e-06
-3.29382421885936e-06
8.10371582791263e-07
3.91321741167131e-06
4.83252011448232e-06
3.93204069092912e-06
2.3896782937672e-06
1.12918931441003e-06
4.21148278638495e-07
1.24460129689147e-07
2.90453469477943e-08
-2.72601440702249e-10
-1.62141027029928e-09
-7.83749960636221e-09
-3.07628024578168e-08
-9.79065187671503e-08
-2.52024217249817e-07
-5.22384288326187e-07
-8.64846936066974e-07
-1.12581297668195e-06
-1.11362604845002e-06
-7.62797138944807e-07
-2.27986253613689e-07
2.22844125337763e-07
4.18523415956254e-07
3.80945673668601e-07
2.43020372033643e-07
1.1775672632624e-07
4.45628278357179e-08
1.32938770322865e-08
3.12458857188382e-09
-3.21828517416395e-11
-1.91535093610739e-10
-9.2688841253385e-10
-3.64528163190749e-09
-1.16395374743808e-08
-3.01224265732445e-08
-6.29895623263078e-08
-1.05851675788222e-07
-1.41499195338782e-07
-1.47419008530756e-07
-1.14169299951532e-07
-5.66946376761831e-08
-3.75415112047946e-09
2.46037796098082e-08
2.82652388340221e-08
1.95258058858574e-08
9.82264445444261e-09
3.79431775993454e-09
1.14634032634089e-09
2.71886429382933e-10
-3.07202420024588e-12
-1.82871772269054e-11
-8.85511672965597e-11
-3.48680841354783e-10
-1.11575831438779e-09
-2.8980682679013e-09
-6.09717714489285e-09
-1.03514162954669e-08
-1.4084877866035e-08
-1.51607214288443e-08
-1.25610672074903e-08
-7.47933214014195e-09
-2.45488394117857e-09
6.13676555911826e-10
1.5274154101693e-09
1.22095952071032e-09
6.51181651244661e-10
2.59097453788078e-10
7.96422654248734e-11
1.91103281340392e-11
-2.37213803793326e-13
-1.41200770273282e-12
-6.83882667995391e-12
-2.69464335636613e-11
-8.63424115197467e-11
-2.24807102793891e-10
-4.7493196872626e-10
-8.12006715032187e-10
-1.11830395376764e-09
-1.22988154262419e-09
-1.06184039699873e-09
-6.93067911439946e-10
-3.07592092451382e-10
-5.07740986728891e-11
5.14860460829809e-11
5.76993123495568e-11
3.39552142429817e-11
1.41209777259211e-11
4.44613872232483e-12
1.0831851526147e-12
-1.48231751599578e-14
-8.82101757870158e-14
-4.27197673059225e-13
-1.68363977460834e-12
-5.39865299572052e-12
-1.40773865842134e-11
-2.98219984834116e-11
-5.12330763340378e-11
-7.11464343196495e-11
-7.9391325904961e-11
-7.03963038289372e-11
-4.84816083042428e-11
-2.45685786132875e-11
-7.65571392678721e-12
1.65794924059916e-13
1.91958507425106e-12
1.36718023402289e-12
6.09710488520603e-13
1.98708836333182e-13
4.9402203390008e-14
-7.49837856629842e-16
-4.46017744137668e-15
-2.15937057734615e-14
-8.50954987686186e-14
-2.72931493556643e-13
-7.12269364012878e-13
-1.51148847248979e-12
-2.60498333936583e-12
-3.63803055543997e-12
-4.10022610040742e-12
-3.70115846672736e-12
-2.63683498416216e-12
-1.43696233563246e-12
-5.52038439337874e-13
-1.04706479653814e-13
3.42595624157233e-14
4.09134990667342e-14
2.06014875529152e-14
7.07082524644952e-15
1.80768168710214e-15