2.57742409828217e-06
1.68875873741332e-05
9.30584146353735e-05
0.000433558183130125
0.00171552242559836
0.00578222710207667
0.0166162054780432
0.0406552895493693
0.0844129062450117
0.148040176869239
0.218132700738406
0.268595132308422
0.274990288887412
0.233025460771797
0.162785920328845
0.0934185186760347
0.043903740254054
0.0168499368187195
0.00526711039768289
0.00133748454731117
5.23448574943579e-06
3.37884986688811e-05
0.000183064657206538
0.000837028973744335
0.00324574723931252
0.0107134160472283
0.0301550193385244
0.0723464251082534
0.147564140520513
0.254812812024228
0.370593316699053
0.451481483050243
0.458304620520659
0.385777364850806
0.26811141684506
0.153264787908337
0.0718226426320447
0.0275080528354936
0.00858649758849229
0.0021784092320552
8.69627300142473e-06
5.53372560202068e-05
0.000294974726604989
0.0013244236121089
0.00503529993078067
0.0162797768230016
0.0448787890332413
0.105538057147715
0.211340420291544
0.359063773218837
0.515044171875392
0.620336350544247
0.623942941570877
0.521402874490904
0.360337437449933
0.20510692338296
0.0958119928116332
0.0366120561030887
0.0114103277964452
0.00289197971513438
1.1815603282891e-05
7.4165192786614e-05
0.00038920074753405
0.00171702113477319
0.00640316593549427
0.0202828116778141
0.0547594415960714
0.126179129533863
0.247922526843511
0.414126749578236
0.585408030749765
0.696542551274599
0.693690264232258
0.575146264881297
0.395051124745939
0.223816111718106
0.104186817068814
0.0397117034164364
0.0123548549659878
0.00312799456613424
1.3125659741144e-05
8.1320301507691e-05
0.000420392993071845
0.00182336408873232
0.00667290940446414
0.0207142601265892
0.054768173498137
0.123617058572833
0.238183801206564
0.390872187189248
0.544075531530582
0.639008661030417
0.629661408729116
0.517639792649651
0.353191517702486
0.199079772056049
0.0923169506657546
0.0350893142268456
0.0108957481684651
0.00275526935124358
1.19175506709202e-05
7.29260563149912e-05
0.000371628886364783
0.00158566575783703
0.00569761789931665
0.0173379126304231
0.0448943660007858
0.0992290809819938
0.187384801739161
0.301880504603835
0.413421174978681
0.478888095866474
0.466530745585142
0.380027243017224
0.257429172549081
0.1442950747151
0.0666312289507166
0.02524842842437
0.00782324830789695
0.00197564746976849
8.84070691138888e-06
5.34686061524688e-05
0.000268781724452427
0.00112894975470523
0.00398508446698995
0.0118917641008914
0.0301587191458399
0.0652609811018687
0.120719386281543
0.190777021346396
0.256825129710488
0.293148521151001
0.282111741722737
0.227538200639035
0.152929696942493
0.0852009585266173
0.0391623024749387
0.0147894219896974
0.00457162764680379
0.00115274659420408
5.35585955198544e-06
3.20383386890246e-05
0.00015898939759001
0.000657853769970089
0.00228268821270774
0.00668272160134574
0.0166021541719909
0.0351662942700024
0.0636887461601755
0.0986579680804315
0.130438384058404
0.14657426000079
0.139217662610329
0.111092891968318
0.0740338567993233
0.0409737163824811
0.0187385639286101
0.00705010648018268
0.00217353367364463
0.000547121205262876
2.64848781705424e-06
1.5681697332374e-05
7.68830466309546e-05
0.00031363081836601
0.00107053171333372
0.00307639057517073
0.00748889651553178
0.0155264630840356
0.0275191710006934
0.04175489213001
0.054167863025846
0.0598642512649203
0.0560654755894922
0.0442260528527069
0.029202208481442
0.0160455649885661
0.00729768635286934
0.00273436168737017
0.000840521429632413
0.00021116474260895
1.06845874674866e-06
6.26673370269265e-06
3.03791792430857e-05
0.000122280530356479
0.00041091150115204
0.00115987618943481
0.00276777561026438
0.00561700469901728
0.00973982957262571
0.0144653764353708
0.0183959856029335
0.019974437809526
0.0184269331121031
0.0143557970940472
0.00938461286983475
0.00511608280467851
0.00231280417932992
0.000862659551275302
0.000264308644274193
6.62564180109735e-05
3.51445193073442e-07
2.04346665374467e-06
9.80321756174919e-06
3.89700242132206e-05
0.000129036763181879
0.000358042509341706
0.000837986517300832
0.00166503572035895
0.00282402564701089
0.0041029245225829
0.00511038044186317
0.00544588685535338
0.00494343226801482
0.003799810322425
0.00245713266444936
0.00132807183614672
0.000596407526070949
0.000221346886587304
6.75718950973609e-05
1.68966985108373e-05
9.41968864032614e-08
5.43387779559682e-07
2.58197170300721e-06
1.01460555826922e-05
3.31347089557897e-05
9.04577673530639e-05
0.000207795668443919
0.000404393495601429
0.000670863934127523
0.000953013456852166
0.00116159979758857
0.00121358210178437
0.00108272066323603
0.000820241908952203
0.000524176286107177
0.000280673189066646
0.000125131375021529
4.61854883399045e-05
1.40424823947764e-05
3.50154686179235e-06
2.05602586866766e-08
1.17759560637794e-07
5.54691722306741e-07
2.15671273988773e-06
6.95368300079427e-06
1.86958009592803e-05
4.21881222342857e-05
8.04612787338146e-05
0.000130578896712328
0.000181317960196182
0.000216107119799192
0.000221116108222949
0.000193660878281599
0.000144430578127232
9.11206971842602e-05
4.8294274766714e-05
2.13599081296581e-05
7.8361714610429e-06
2.37188955597579e-06
5.89572100327888e-07
3.65230531644783e-09
2.07849881164288e-08
9.71372999004284e-08
3.74053253994372e-07
1.19189947610162e-06
3.15931130951646e-06
7.00998556104278e-06
1.31120195267012e-05
2.08244676784102e-05
2.82614846303708e-05
3.29175890253059e-05
3.29521827459537e-05
2.82981549245308e-05
2.0750869078204e-05
1.29101661043692e-05
6.76631855098296e-06
2.9665876842259e-06
1.08107872715655e-06
3.25601344179153e-07
8.0646391267601e-08
5.27701495513822e-10
2.98602724443533e-09
1.3856906640925e-08
5.28964322399661e-08
1.6675064837229e-07
4.3623724521796e-07
9.52785091777991e-07
1.74945560636545e-06
2.72071262155062e-06
3.60916141556933e-06
4.10637959064943e-06
4.01819571925237e-06
3.37941098310772e-06
2.43346714120741e-06
1.49119979853984e-06
7.72049735174898e-07
3.35257152944892e-07
1.21276091871596e-07
3.63250209903321e-08
8.96134249182446e-09
6.19774781433372e-11
3.48943034570792e-10
1.60917761280913e-09
6.09495965345773e-09
1.9028050487796e-08
4.91859925436709e-08
1.05867762010792e-07
1.91024931248827e-07
2.91134763231783e-07
3.77639018176831e-07
4.19626896997148e-07
4.01078099488394e-07
3.29975916210565e-07
2.3302637321404e-07
1.40466371631748e-07
7.17589040375982e-08
3.08336341082799e-08
1.10633845991801e-08
3.29350744821312e-09
8.08885271699701e-10
5.91360046710455e-12
3.31485238991718e-11
1.5202464935968e-10
5.7182815354666e-10
1.76973194861762e-09
4.5251853791635e-09
9.61018679491421e-09
1.70603938130364e-08
2.55064039407639e-08
3.23710427489545e-08
3.51320793887408e-08
3.27815965466327e-08
2.63560284808745e-08
1.82295023894175e-08
1.07947463964099e-08
5.43467289494497e-09
2.30826041373043e-09
8.20819383958982e-10
2.42699008522656e-10
5.93100457365327e-11
4.58139295651594e-13
2.55836080608757e-12
1.16766209547446e-11
4.36528143701089e-11
1.34057835024701e-10
3.39456300830246e-10
7.1216932110429e-10
1.24542769964986e-09
1.82867503947013e-09
2.27267868474002e-09
2.40987360479842e-09
2.19461081916517e-09
1.72277024766587e-09
1.16559852743137e-09
6.77098793815013e-10
3.35501858445413e-10
1.40692626744242e-10
4.95367713179192e-11
1.45370396203742e-11
3.53276571372908e-12
2.88025920085541e-14
1.60322102965276e-13
7.28687722246906e-13
2.70968324807703e-12
8.26486082297764e-12
2.07469915209625e-11
4.3051219116382e-11
7.42617268191601e-11
1.0722496269363e-10
1.30633168989236e-10
1.35422055551479e-10
1.2036249229452e-10
9.21933024257225e-11
6.09462854257397e-11
3.46822758236026e-11
1.68897564356643e-11
6.98430246570219e-12
2.43234137674804e-12
7.07853798326683e-13
1.70954468054074e-13
1.46865329018641e-15
8.15288159818069e-15
3.692512430311e-14
1.36678149801534e-13
4.1440963382652e-13
1.03233695827476e-12
2.12127308636913e-12
3.61402884800939e-12
5.13837591400355e-12
6.14437846434687e-12
6.23275401554649e-12
5.40823953786485e-12
4.04053065914042e-12
2.60725222460793e-12
1.45147458846496e-12
6.93690315871333e-13
2.82490742463277e-13
9.7198035606123e-14
2.80253674635993e-14
6.72163880605341e-15