6.41140692504216e-07
4.91303389278811e-06
3.16748802390782e-05
0.000171604247426242
0.000780028022503262
0.00296943850118068
0.00944801559236967
0.0250688424167493
0.0553327522712673
0.101325463229595
0.153497106609728
0.191790731695676
0.19704360382756
0.165932910295273
0.114161662565927
0.0639474819234647
0.0290523749100252
0.0106572852649865
0.00313872891134768
0.000736370940354439
1.03007372187704e-06
7.98484926769807e-06
5.19672048349701e-05
0.000283420402092051
0.00129302013953287
0.004926671685686
0.0156531882997134
0.041403917016464
0.0910049472095564
0.165861199744906
0.250047766494271
0.310975868755074
0.318118545931595
0.266847821585557
0.182945957955625
0.102147358149415
0.0462653926526847
0.0169190941379924
0.00496596174992742
0.00116020983228393
1.27322263381201e-06
1.01096240695573e-05
6.71348760242196e-05
0.000371841798056073
0.00171461161210452
0.00657449629792562
0.0209454996174292
0.0553993515919695
0.12152365294437
0.220775152337793
0.331568233074434
0.410719177010859
0.418525789867441
0.349803829205629
0.239026101486826
0.133055323917597
0.0600931481822471
0.021914149018611
0.00641276539122859
0.00149289470139176
1.16083005761561e-06
9.69387455407666e-06
6.70263799508024e-05
0.000382734448446548
0.00180355611099848
0.00701564328287264
0.0225429178396527
0.0598723351370939
0.131466169885878
0.238572057549312
0.357441877264466
0.441426985501568
0.448356615728427
0.373539198083818
0.25447789316938
0.141263487437844
0.0636355385454929
0.023148212958589
0.00675652804947616
0.0015683313383649
6.93936148564745e-07
6.58848416763435e-06
4.97903120554133e-05
0.000302232209843478
0.00148446427180299
0.00593477724859885
0.0194032333833577
0.0520597917927184
0.114900213420608
0.208871627311879
0.312802902125585
0.385631186773515
0.390753030125658
0.32469823886558
0.220631332780238
0.122175154180835
0.0549116929376525
0.0199321518909244
0.00580559274583603
0.00134455986761324
1.28437211936649e-07
2.49662065943375e-06
2.48838356504869e-05
0.000174504960630516
0.000932309934796548
0.0039238311403418
0.0132425834045791
0.0362218620173512
0.0808357439270286
0.147786033922672
0.22180962874167
0.273463091312778
0.276762641493932
0.229559276951777
0.15566655040547
0.0860257066409962
0.0385905669801797
0.0139832785806689
0.00406625202198464
0.000940234702969872
-2.44347916948399e-07
-4.87783230959753e-07
4.95345897074855e-06
6.38343316737655e-05
0.00042226647830724
0.00197456337831119
0.00706678627022698
0.0200039905193976
0.0455494186794521
0.0842270257183619
0.127160103519851
0.157156979380459
0.159115589333111
0.131877535509779
0.0893098565550055
0.0492808777535674
0.0220744260830815
0.00798798000058517
0.00232019809563536
0.000535991262874262
-3.32683754052857e-07
-1.55852854365342e-06
-4.22713490493318e-06
3.90534931521041e-06
0.00011471451641208
0.00071173835725484
0.00287252100444842
0.00865401838521392
0.0204053906122001
0.0384923913376634
0.0587637957025503
0.0730475642759853
0.0741467841445438
0.0614944939085669
0.0416298996777989
0.022951972969949
0.0102709782426055
0.00371345183821191
0.00107790780031371
0.00024892932098873
-2.45047398652011e-07
-1.31818827565927e-06
-5.20092694773997e-06
-1.29047994516003e-05
-2.90973666772666e-06
0.000149340978083935
0.000837873211370222
0.00286242708322353
0.00718177068513101
0.0140136449790545
0.0218038671478364
0.0273904560483517
0.0279564029197935
0.023245427176631
0.0157503359210043
0.00868379154727965
0.00388464599391758
0.00140397109828925
0.000407470205810699
9.41262519048782e-05
-1.26999240704807e-07
-7.22112080482897e-07
-3.1730043722557e-06
-1.02966960206445e-05
-2.14734220806693e-05
-8.11024530952253e-06
0.000143323073198843
0.000685825049826359
0.00194385497486848
0.00402245670287126
0.00645878808352949
0.00825700598442041
0.00850965785051113
0.00711224881922572
0.00483129217363275
0.00266664005642274
0.00119340850576849
0.0004314116514921
0.000125254087242181
2.8958443642131e-05
-4.96412095596774e-08
-2.90501534655626e-07
-1.3414046761348e-06
-4.78895061935104e-06
-1.26182872122793e-05
-2.12396592855806e-05
-5.33989151080255e-06
0.000100209617568633
0.000386571560205808
0.000894054716902746
0.00151412833383854
0.00199147680432117
0.00208501920887948
0.00175797010781282
0.00119989735715633
0.000663973522611483
0.000297561428354465
0.000107665723285918
3.12886577630681e-05
7.24403737590111e-06
-1.50619119759105e-08
-8.96491224082538e-08
-4.25511139077384e-07
-1.59294737088296e-06
-4.6018392799091e-06
-9.7485369938997e-06
-1.28229674991069e-05
-1.78029826203746e-07
4.94601003397127e-05
0.000148347290510524
0.00027679830499324
0.000381510167055329
0.000409556445421571
0.000350163682904125
0.000240889409053541
0.000133893943597716
6.01624726739638e-05
2.18068513920713e-05
6.34730934250742e-06
1.47244129119837e-06
-3.60008016791286e-09
-2.16585286118691e-08
-1.0454657388766e-07
-4.02254055946897e-07
-1.2188731917345e-06
-2.83819423932393e-06
-4.78596021108526e-06
-4.73318369641528e-06
1.44068109228932e-06
1.66923668400524e-05
3.83579031613153e-05
5.73706856632022e-05
6.41130922791627e-05
5.60172789767285e-05
3.90097548971791e-05
2.18364491523521e-05
9.85350918767719e-06
3.58168088552493e-06
1.04495159420963e-06
2.4302822118271e-07
-6.83675294475192e-10
-4.14220004553575e-09
-2.02141430079193e-08
-7.91243165589974e-08
-2.4661473157023e-07
-6.03722347611702e-07
-1.12809275772776e-06
-1.49573461249144e-06
-1.04529174369668e-06
7.90846606153552e-07
3.76792943046363e-06
6.62846269721917e-06
7.92435152472238e-06
7.16268570573176e-06
5.08159632917507e-06
2.87505731097994e-06
1.30570357684989e-06
4.76611527757571e-07
1.39502674842556e-07
3.25493094660755e-08
-1.03713691645947e-10
-6.31369006295118e-10
-3.10377767410422e-09
-1.22875365792979e-08
-3.89916373580474e-08
-9.8352493468885e-08
-1.94070599243973e-07
-2.89359777206859e-07
-2.964667681996e-07
-1.28424643747516e-07
2.05136668187427e-07
5.61846648718963e-07
7.61004661612682e-07
7.26712593478472e-07
5.30411541155508e-07
3.04897982110748e-07
1.39777814536526e-07
5.13295895983036e-08
1.50901526544122e-08
3.53498285448294e-09
-1.26137029393371e-11
-7.703604962702e-11
-3.80607349317312e-10
-1.51841785107028e-09
-4.87627633304633e-09
-1.253819888579e-08
-2.55618534053745e-08
-4.05325482719023e-08
-4.78510155554225e-08
-3.68542751952536e-08
-6.34453329524388e-09
3.05010633178201e-08
5.50069099478966e-08
5.78057283901375e-08
4.41095254745296e-08
2.59624762597977e-08
1.20654659208266e-08
4.46833040301895e-09
1.32137733185546e-09
3.11076472884743e-10
-1.2330293469338e-12
-7.54698029270492e-12
-3.74155069987726e-11
-1.50061153728642e-10
-4.85862273542953e-10
-1.2654180270904e-09
-2.63450595691971e-09
-4.33343463896324e-09
-5.49898680269844e-09
-5.08258036462724e-09
-2.80092674473985e-09
3.47133079940778e-10
2.76530087260914e-09
3.52637477745828e-09
2.89637923803049e-09
1.7671702781448e-09
8.37647790869566e-10
3.13911884642289e-10
9.3563950630045e-11
2.21626389755586e-11
-9.70581680035818e-14
-5.94917731554034e-13
-2.95634199194595e-12
-1.19004579163279e-11
-3.87494948777463e-11
-1.01814444039379e-10
-2.14967485928029e-10
-3.6198670651628e-10
-4.79231292897618e-10
-4.83842793692512e-10
-3.44065328746486e-10
-1.22038242799339e-10
6.96254380421888e-11
1.57237014184988e-10
1.47861570241093e-10
9.55012113815422e-11
4.66079497144633e-11
1.7760656136913e-11
5.35007237616566e-12
1.27713740073722e-12
-6.16056076019258e-15
-3.77950933787982e-14
-1.88109538475603e-13
-7.59120048943779e-13
-2.48151919488249e-12
-6.56015299918739e-12
-1.39849620643678e-11
-2.39213009708211e-11
-3.25317134930879e-11
-3.45469391148831e-11
-2.75167396262695e-11
-1.46212363611133e-11
-2.40167212039491e-12
4.43396254711317e-12
5.69246317884078e-12
4.05260595090184e-12
2.06776082294682e-12
8.07019786751602e-13
2.46628885654896e-13
5.94597702318917e-14
-3.15644802075579e-16
-1.93745163981332e-15
-9.65235954507036e-15
-3.90176061176236e-14
-1.27890249772725e-13
-3.39528248246801e-13
-7.28663616031409e-13
-1.2598243423506e-12
-1.74414045557474e-12
-1.91159519675815e-12
-1.62059257027688e-12
-1.00533125333613e-12
-3.77880909275109e-13
1.96551745387102e-14
1.53370887255148e-13
1.32360318530832e-13
7.25591874944854e-14
2.93331850429516e-14
9.14507320196615e-15
2.23340049956484e-15