3.29868154283629e-09
3.22952044187409e-08
2.44226503291794e-07
1.37495803968023e-06
5.2247214850171e-06
8.13545218716325e-06
-4.84152206865644e-05
-0.000460273987366667
-0.00213640976012897
-0.00685818965043031
-0.0165166858710749
-0.0308197257004511
-0.0452797674382842
-0.0528589049636657
-0.0493098262977851
-0.0368955928596416
-0.0222004477123522
-0.0107620446115127
-0.00420881058884504
-0.00132920951980752
3.94316866105232e-09
3.67535191254133e-08
2.55073819343043e-07
1.19541176257661e-06
2.30426090796429e-06
-1.67162668321635e-05
-0.000196437343862909
-0.00112454782399702
-0.00445090606482216
-0.013215159132026
-0.0304007334753258
-0.0550646210200306
-0.079252500897458
-0.0911529799390363
-0.0840954286912158
-0.0623934382573986
-0.0372967028192821
-0.0179867512386954
-0.00700524830701528
-0.00220503388528907
3.62749791433235e-09
3.10180268528451e-08
1.79057515428621e-07
4.24176291963615e-07
-3.8184101827331e-06
-5.5201996448903e-05
-0.000389337476823837
-0.00189903018833456
-0.00694935843439585
-0.0197052263924751
-0.0439971622248431
-0.0780631786213931
-0.110690504512694
-0.125904744823755
-0.115176009564878
-0.084892523441227
-0.0504834982942873
-0.024245943364426
-0.00941174334546042
-0.0029545904769417
2.47198229054257e-09
1.75525779187258e-08
5.06880173621415e-08
-5.77431240870849e-07
-1.0216855624315e-05
-8.86736107429658e-05
-0.000532727740242949
-0.00240200762420384
-0.00839360254348328
-0.0230984547847179
-0.0505169500452563
-0.0883015834326675
-0.123822071832139
-0.139650931730379
-0.12691215127404
-0.0930593018306416
-0.0551124098972788
-0.0263816907080433
-0.0102134697376138
-0.00319932398195887
1.12560789404703e-09
3.92511559642433e-09
-5.78378795464512e-08
-1.24570823362701e-06
-1.32876451055913e-05
-9.8268757569273e-05
-0.000545754306878612
-0.00234970663085219
-0.00796840044882229
-0.0214785876992366
-0.0462767171803801
-0.0799936320081683
-0.111223796125771
-0.124618825597557
-0.112666420527334
-0.0822742983864475
-0.0485648161368979
-0.0231856708145385
-0.00895681241761423
-0.00280075853828123
1.96468306967493e-10
-3.8384214934767e-09
-1.0008069349239e-07
-1.31024418130607e-06
-1.19209217768565e-05
-8.15173209687718e-05
-0.000432321527136726
-0.00180640034117561
-0.0060002999826365
-0.0159334780081898
-0.0339492309995217
-0.0581885614200882
-0.0803754180560108
-0.0895910771736552
-0.0806665661097615
-0.0587133226188163
-0.0345656545050602
-0.0164669052728244
-0.00635022911972341
-0.00198287457181857
-1.68794141522596e-10
-5.2991710071336e-09
-8.50297198730579e-08
-9.5112209120743e-07
-8.00516318843639e-06
-5.22827813889949e-05
-0.000269114478041908
-0.00110143941978774
-0.0036043871906602
-0.00946538138209348
-0.019997611554321
-0.0340514002368818
-0.0467931468951116
-0.0519455211311893
-0.0466183553733613
-0.0338421094182561
-0.0198811625858469
-0.00945495691664128
-0.00364105781809057
-0.0011356311096798
-1.84954780430255e-10
-3.63215717191028e-09
-4.99162988633112e-08
-5.16887706043649e-07
-4.1562388857705e-06
-2.63491557769156e-05
-0.000132859078663587
-0.000535728382831846
-0.0017337923861194
-0.00451475737816266
-0.00947616014853916
-0.0160531089306953
-0.0219704424002729
-0.0243104285104694
-0.0217603916514014
-0.0157634474332112
-0.00924472134114353
-0.00439045752991112
-0.0016888421529539
-0.000526261899816611
-1.0213889293879e-10
-1.72335579018733e-09
-2.19465517853781e-08
-2.17202234554913e-07
-1.69562585120758e-06
-1.0531448717332e-05
-5.23203334039421e-05
-0.000208653018325726
-0.000669610525716876
-0.00173232587714131
-0.00361749658525814
-0.00610347412255555
-0.00832633843797648
-0.00918929348645107
-0.00820821936419928
-0.00593608607907697
-0.00347655587246374
-0.00164924204111729
-0.000633832559451666
-0.000197366320357532
-3.91452679418567e-11
-6.12799840256851e-10
-7.46246632065151e-09
-7.17223836594868e-08
-5.48624513046063e-07
-3.35760735144351e-06
-1.64983041503077e-05
-6.52466292573798e-05
-0.000208037310510988
-0.000535478900841298
-0.00111371723267625
-0.00187306180216225
-0.00254866960174506
-0.00280701068702725
-0.0025031504041678
-0.00180781303732257
-0.00105762167951571
-0.00050128491145386
-0.000192516656154723
-5.99130209645626e-05
-1.12535834633244e-11
-1.68572697725392e-10
-1.99420073601802e-09
-1.87835219478552e-08
-1.41593856069919e-07
-8.57156361060745e-07
-4.17694554298339e-06
-1.64127935281795e-05
-5.20685567520123e-05
-0.000133488754277298
-0.000276756612811795
-0.000464270637595803
-0.000630443145087342
-0.000693206633809133
-0.000617348811864555
-0.000445383604103018
-0.000260338839935186
-0.000123309115098304
-4.73305198398031e-05
-1.47233337136013e-05
-2.50386625686887e-12
-3.64502797290637e-11
-4.22686663433515e-10
-3.92406410612309e-09
-2.92621708002879e-08
-1.75687962335585e-07
-8.50685754318985e-07
-3.32599700442768e-06
-1.05099144726732e-05
-2.68598411801609e-05
-5.55476660037218e-05
-9.2996004396193e-05
-0.000126077165255528
-0.000138448660733946
-0.00012316963059918
-8.87860160796901e-05
-5.18633024917842e-05
-2.45520227926067e-05
-9.42005402867531e-06
-2.92939921926787e-06
-4.38005042123428e-13
-6.25208772548437e-12
-7.14706129335279e-11
-6.56445869556131e-10
-4.85540798217946e-09
-2.89679296903918e-08
-1.39571260012524e-07
-5.43565353690161e-07
-1.71230264857026e-06
-4.36524267791026e-06
-9.00967815381948e-06
-1.50597378960877e-05
-2.03909045239727e-05
-2.23689949330729e-05
-1.98842279398867e-05
-1.43241882440701e-05
-8.36306539873644e-06
-3.95750179925592e-06
-1.51794334130053e-06
-4.71934421189785e-07
-6.07885879649745e-14
-8.55542439135031e-13
-9.67738002645508e-12
-8.81715641856778e-11
-6.48103201278739e-10
-3.84780594556425e-09
-1.84678452805728e-08
-7.17037435528986e-08
-2.25325539015239e-07
-5.7331247624551e-07
-1.18144983023174e-06
-1.97234409240237e-06
-2.66790832438335e-06
-2.92441508653747e-06
-2.59795566399834e-06
-1.87060636618851e-06
-1.09173030705017e-06
-5.16473190154699e-07
-1.98057428363528e-07
-6.15676235734854e-08
-6.73133811165612e-15
-9.3757098075777e-14
-1.052130164257e-12
-9.52722733091929e-12
-6.96929743136504e-11
-4.12198885160666e-10
-1.97242429493832e-09
-7.63983141514331e-09
-2.39619149298846e-08
-6.08751499701559e-08
-1.25295806271436e-07
-2.08970708111716e-07
-2.82451089739245e-07
-3.09422983088743e-07
-2.74754459492207e-07
-1.97761786786149e-07
-1.15388103015748e-07
-5.45771373479973e-08
-2.0926527683207e-08
-6.50462795508595e-09
-5.96979316776857e-16
-8.25026524101132e-15
-9.20242358502446e-14
-8.29353391737423e-13
-6.04419160696775e-12
-3.5642610056939e-11
-1.70153448921717e-10
-6.57825853798447e-10
-2.06016521666644e-09
-5.22766295649189e-09
-1.07497607901292e-08
-1.79155263927169e-08
-2.42013748466327e-08
-2.65008307559323e-08
-2.35238620122865e-08
-1.69278316321157e-08
-9.87520466730006e-09
-4.67032580860469e-09
-1.79062823584214e-09
-5.56569122793162e-10
-4.25151374119674e-17
-5.84075931643267e-16
-6.48457583543001e-15
-5.82271577999119e-14
-4.23119612357282e-13
-2.48939645319062e-12
-1.18623655721615e-11
-4.57943633801052e-11
-1.43253648498818e-10
-3.63178531881201e-10
-7.46287878180532e-10
-1.24308816897982e-09
-1.67854830176447e-09
-1.83747232302699e-09
-1.63070312532141e-09
-1.17328357802444e-09
-6.84396551481179e-10
-3.23659886743673e-10
-1.24091829511266e-10
-3.85714356952855e-11
-2.43605003699144e-18
-3.33143825372013e-17
-3.68539854984915e-16
-3.29986053684087e-15
-2.39252682008208e-14
-1.40512406337473e-13
-6.68622616148361e-13
-2.57834538237737e-12
-8.05858798314459e-12
-2.04165527166217e-11
-4.19320717457986e-11
-6.98192678719571e-11
-9.42509781515369e-11
-1.03154505517843e-10
-9.15350482087834e-11
-6.58543800376572e-11
-3.84129821341902e-11
-1.81661613395886e-11
-6.96520557040312e-12
-2.16512415993514e-12
-1.12462433642315e-19
-1.53260682680293e-18
-1.69075802151827e-17
-1.51057574833885e-16
-1.09333557211128e-15
-6.41240023251371e-15
-3.04806590835337e-14
-1.17442397869928e-13
-3.66831546398099e-13
-9.28926926149566e-13
-1.90717951032698e-12
-3.17476063990626e-12
-4.28497114083519e-12
-4.68927372889415e-12
-4.16086402872206e-12
-2.99349311244506e-12
-1.74616019318848e-12
-8.25835499830376e-13
-3.16663452161948e-13
-9.84436322962984e-14
-4.18775003411099e-21
-5.69161891185052e-20
-6.26563419692863e-19
-5.58856804247282e-18
-4.03963876955662e-17
-2.36682635255625e-16
-1.12416001785864e-15
-4.32880984504305e-15
-1.35150068595073e-14
-3.42129640034449e-14
-7.02269175033601e-14
-1.16885573628542e-13
-1.57748024999689e-13
-1.72627656254189e-13
-1.53177570252469e-13
-1.10207498791935e-13
-6.42908987917896e-14
-3.04088695390687e-14
-1.16614538938638e-14
-3.62572981914388e-15