-7.1113453191557e-06
-2.91909515639312e-05
-8.70510228084604e-05
-0.000145825805868338
0.00017985974158788
0.00242641124071361
0.0105741296183082
0.031723894122629
0.0736813424570579
0.137821439460286
0.210945239272168
0.265801611719009
0.276122724969692
0.236291352130876
0.166262185842732
0.0959765418987141
0.0453467905523041
0.0174956934152292
0.00549956735244564
0.00140522194398896
-1.85809545743225e-05
-7.9638282774996e-05
-0.000260888398213671
-0.000592988205709313
-0.000550249875321198
0.00240017514869015
0.015129544392882
0.0499647626927499
0.120231966814103
0.227828514399816
0.349809007516732
0.440254463154453
0.456033771455308
0.388976718327443
0.272866587046513
0.157113277343294
0.0740839196526051
0.0285408957500624
0.00896249803212861
0.00228869080922261
-3.85504999109625e-05
-0.000169856102556824
-0.000586916070962521
-0.00151728176144194
-0.00251027924668237
-0.000253339990173114
0.0149570473556232
0.0608129387074814
0.156263575613433
0.30361715504573
0.470304510135008
0.592857931451866
0.613173816735251
0.521624303320637
0.364892096303178
0.209572291173796
0.0986175586588297
0.037933763038316
0.0118993696427691
0.00303674257441004
-6.39109420199845e-05
-0.000286851360124277
-0.00102452328637272
-0.00283691243981618
-0.00568211469574938
-0.00618026669203166
0.00688310733197017
0.054562221821944
0.159412372859616
0.324117893996311
0.510937897118026
0.647814736098536
0.670374689501335
0.569335439315197
0.397321512502142
0.227657857944023
0.10690987970663
0.0410581484253162
0.0128650484608627
0.00328099570720957
-8.5013354072458e-05
-0.000386453123396303
-0.00141045765120027
-0.00406924777302171
-0.00894653429576264
-0.0134383306246699
-0.00692826539540745
0.0314207935868801
0.124177998370028
0.274425238168831
0.446451925952489
0.572929386056553
0.595017817130579
0.505253199567689
0.352011655846523
0.201278682501635
0.0943382657335874
0.0361725102360155
0.0113211310773077
0.00288522532012271
-9.09894740783634e-05
-0.000417315543424359
-0.00154550789418268
-0.00457702892508583
-0.0106110628600412
-0.0182502013603754
-0.0192499086537555
0.00358653071735837
0.0692896681965786
0.181163667081863
0.311600640480073
0.408702604065001
0.42793077485122
0.364123219709296
0.253536892046453
0.14474333009686
0.0677220961511663
0.0259270996620177
0.00810513865957101
0.00206411898005874
-7.85171846756687e-05
-0.000362368107973277
-0.00135553106839525
-0.00408442798197289
-0.00978419660425811
-0.0180825026326613
-0.0237156044336619
-0.0148261629065261
0.0221071172089831
0.0901368665381259
0.171803814261247
0.23401479181581
0.248733733613685
0.212780099536725
0.148309163483126
0.0846015044205321
0.039527729734931
0.0151117534716393
0.00471877273348931
0.00120083246943572
-5.47088289684851e-05
-0.00025358984546378
-0.000955188756197658
-0.0029118703520156
-0.00712451673537056
-0.0137403583452475
-0.0199884854015465
-0.0190336317042945
-0.00280248640743289
0.031014780769095
0.0733699836007214
0.106754929106258
0.11643493806881
0.100628219802254
0.0703763882631057
0.0401597928297157
0.0187475339522315
0.0071589390909923
0.00223308757136243
0.000567862010320745
-3.08150744868847e-05
-0.000143259815290278
-0.000542157753285181
-0.0016658448215341
-0.00413334257084545
-0.00818827059758685
-0.0126236788844275
-0.0141479077480697
-0.00872879071596666
0.00503472960752885
0.0232901748344597
0.0383311738025852
0.0436720673586276
0.0384148799768281
0.027051002137481
0.01546811524744
0.00722063843322168
0.00275509235743351
0.000858624627919914
0.000218194500178455
-1.40431997130409e-05
-6.54129333899719e-05
-0.000248324343832754
-0.000767046064288953
-0.00192107154528187
-0.0038725852306681
-0.00618487913494278
-0.00753653076711361
-0.00625237997914442
-0.00165542146104935
0.00490233771617961
0.0105929442757185
0.0130219439974359
0.0117954439508648
0.00840649982433352
0.00482870140782147
0.00225672066964631
0.000860884834648969
0.000268122980783019
6.80956863905522e-05
-5.1816694918509e-06
-2.41635819922081e-05
-9.1909879094448e-05
-0.000284872302827558
-0.00071787294919162
-0.00146378757310076
-0.0023908639983004
-0.00305826516787442
-0.00289030112252275
-0.00162638260195921
0.000340892756487579
0.00214545997777852
0.00304622484190986
0.00289785134560944
0.00210674463088692
0.00121999576633074
0.000571841807824498
0.000218283103382725
6.79679679615969e-05
1.72547219340586e-05
-1.54888004180873e-06
-7.22669247589626e-06
-2.75171326867384e-05
-8.54650599624684e-05
-0.000216218422655735
-0.000444189567580986
-0.000736138845860167
-0.000970294987829843
-0.000983803498158527
-0.000696603153733483
-0.000203407747851295
0.000274498245785206
0.000545296239665842
0.000564932065703658
0.000424231007543588
0.000249010405936281
0.000117357176776439
4.48816720005806e-05
1.39800041538507e-05
3.54850947919089e-06
-3.75238859476159e-07
-1.75087071407642e-06
-6.66943564104717e-06
-2.07364933477227e-05
-5.25835483326232e-05
-0.000108537245389159
-0.000181574928297161
-0.000243947944595532
-0.000257885587430818
-0.000203706036372609
-0.00010046321502998
4.74844209173576e-06
7.05686077615481e-05
8.61685322295703e-05
6.82725130258519e-05
4.09550202114295e-05
1.94800578913888e-05
7.4772547026145e-06
2.33191501020082e-06
5.92058033652202e-07
-7.37056934335409e-08
-3.43803243645422e-07
-1.30945942611154e-06
-4.07258966805604e-06
-1.0339173445016e-05
-2.1400492600848e-05
-3.6014659173171e-05
-4.89829735934651e-05
-5.31451721849314e-05
-4.46205478254969e-05
-2.66139057346453e-05
-7.4515189852991e-06
5.47073209514729e-06
1.00072448007472e-05
8.70611384586148e-06
5.40818918684145e-06
2.61056044994895e-06
1.00833173628014e-06
3.15247907251892e-07
8.01086442979388e-08
-1.17416638980679e-08
-5.4736001011306e-08
-2.08366548764643e-07
-6.47872076634909e-07
-1.64522865273741e-06
-3.41006994434718e-06
-5.75900083757141e-06
-7.89359608667061e-06
-8.70684277415799e-06
-7.58376810897943e-06
-4.97546774504626e-06
-2.10085373210265e-06
-5.17468015063337e-08
8.29897018761865e-07
8.66772975326878e-07
5.70269454472364e-07
2.81743796050933e-07
1.09922549040016e-07
3.45143178411963e-08
8.7858374216942e-09
-1.51740678802976e-09
-7.06769703994116e-09
-2.68824979777457e-08
-8.35260954124317e-08
-2.12029689998041e-07
-4.39628064580879e-07
-7.43788618186529e-07
-1.02422956598394e-06
-1.14158953001604e-06
-1.01740677874745e-06
-7.04762043775367e-07
-3.5089960842077e-07
-8.83503667105227e-08
3.90593392009563e-08
6.54437265729565e-08
4.75980960100947e-08
2.43996432003259e-08
9.67007141143625e-09
3.05731576685667e-09
7.80600185211765e-10
-1.59113407379036e-10
-7.40344389959748e-10
-2.81290828318497e-09
-8.73076025681312e-09
-2.2143641829457e-08
-4.58942031902482e-08
-7.76891950317847e-08
-1.07247519869713e-07
-1.20298992634417e-07
-1.0877224808015e-07
-7.78743838136614e-08
-4.22348821110817e-08
-1.50373937310873e-08
-8.01604689551612e-10
3.49255310674291e-09
3.09698256949636e-09
1.68632731252693e-09
6.84803671674743e-10
2.18842384714783e-10
5.61448814873569e-11
-1.35399108300893e-11
-6.29258414575496e-11
-2.38779603812748e-10
-7.40157170136844e-10
-1.87490900140819e-09
-3.88205294027026e-09
-6.56910637608456e-09
-9.07693943168606e-09
-1.02178661463184e-08
-9.3216251718816e-09
-6.81237207995197e-09
-3.88215174199928e-09
-1.60290089440415e-09
-3.50019980498412e-10
1.00671438277217e-10
1.5238505328567e-10
9.21914360179034e-11
3.88996137669977e-11
1.26366785356461e-11
3.26614085908269e-12
-9.35161709116676e-13
-4.34044810488899e-12
-1.64468874757299e-11
-5.09041362155214e-11
-1.28749216794483e-10
-2.66202979525788e-10
-4.49994603087131e-10
-6.21670854748089e-10
-7.00924267924787e-10
-6.42779023078956e-10
-4.75798157405999e-10
-2.79448339349248e-10
-1.2482829623251e-10
-3.70760509792408e-11
-2.25136976781082e-12
5.26091829761755e-12
3.92539574566741e-12
1.76280063142667e-12
5.8722329748028e-13
1.53490287795389e-13
-5.24281790220669e-14
-2.43000143401183e-13
-9.19360356351491e-13
-2.84073434512061e-12
-7.17238498909839e-12
-1.48040388605478e-11
-2.49866381794027e-11
-3.448469619507e-11
-3.88879375092865e-11
-3.57557097854785e-11
-2.66713490907383e-11
-1.59606800633146e-11
-7.46510939917767e-12
-2.54305705990741e-12
-4.70513116156128e-13
9.43751221596887e-14
1.2619305983727e-13
6.317000320648e-14
2.188366793393e-14
5.81744813737659e-15