-5.93042467380561e-06
-2.37079593895385e-05
-6.61767427882029e-05
-8.05359897084517e-05
0.00034804082951873
0.00278431148177017
0.011205940944418
0.0326543519092837
0.0748336042180287
0.139035245950887
0.212050708150321
0.26669034671431
0.276767017069471
0.236718133071604
0.166519760527732
0.0961156411147661
0.0454123798317974
0.0175220997983763
0.00550849406215005
0.00140772742134082
-1.59917039121137e-05
-6.76376924007076e-05
-0.00021529752811839
-0.000450755403190609
-0.000185020885961911
0.00317435312992536
0.0164893541703275
0.0519540869291603
0.12267338468133
0.230368133485935
0.35208132940189
0.442037689070713
0.457287928360862
0.389780176721333
0.273336417597338
0.157360512214976
0.0741982868471027
0.028586328911846
0.00897771641678225
0.0022929349817844
-3.39499467640634e-05
-0.000148570010806033
-0.000506213652395365
-0.00126612663711334
-0.0018672892364711
0.00110453600040524
0.0173308337395279
0.064264292921399
0.160464300198711
0.307936977616065
0.474107887513276
0.595777130522614
0.615168997518947
0.522861231529593
0.365592325347394
0.209930718247261
0.0987799174491062
0.0379973101966724
0.0119204388643935
0.00304257696596143
-5.7286881378556e-05
-0.000256253446919251
-0.000908744340855479
-0.00247744369603638
-0.00476446278426816
-0.00424920719993549
0.0102438873570133
0.0594205620689915
0.165280496280953
0.330089452124901
0.516119061629713
0.651711403688948
0.672967567548719
0.570892545493761
0.398174497125662
0.228081912887446
0.107097625919173
0.0411304327942999
0.0128887428876152
0.00328750560691004
-7.72845408139684e-05
-0.000350809252856518
-0.00127584073047188
-0.0036522374539153
-0.00788490761934948
-0.0112118151201201
-0.00306957347761759
0.0369689363161095
0.130831976619464
0.281131767956622
0.452193678956667
0.577168247036845
0.597769086746316
0.506855716795559
0.352861113807648
0.201688304365492
0.0945151993660271
0.0362394059718184
0.0113427826833131
0.00289112210376264
-8.36819238436886e-05
-0.000383666708288084
-0.00141865805864747
-0.00418493545245019
-0.00961549148732368
-0.0161689202114785
-0.0156572828196137
0.00872604330517129
0.0754131094951755
0.187281206005336
0.316774810233327
0.412458343904936
0.430313098194081
0.365471155934107
0.254228548402396
0.145066529000902
0.0678580585284252
0.0259774906233626
0.00812122001914974
0.00206845623601591
-7.29183490307498e-05
-0.000336626088689342
-0.00125866002045103
-0.00378562780855703
-0.0090274204046154
-0.0165052798727692
-0.0210033575087007
-0.0109645416454518
0.0266798525805318
0.0946681283976277
0.17559394795503
0.236723805026192
0.250416185695312
0.213706396551559
0.148769614222764
0.0848098751143666
0.0396129647146221
0.0151426644759283
0.00472848456615405
0.00120342355932444
-5.12327696665508e-05
-0.00023763112195036
-0.000895236437663927
-0.00272732104482454
-0.00665823781931258
-0.0127714191878551
-0.018328256187182
-0.0166804557190275
-3.19410594065909e-05
0.0337395700204537
0.0756260015636171
0.108344909165284
0.117403478355723
0.101148032847311
0.0706269794185304
0.0402695917989725
0.0187911471894752
0.00717438788488425
0.00223785843315254
0.00056911959955039
-2.90662871294788e-05
-0.000135242435092093
-0.000512088661419886
-0.00157346506192803
-0.00390048144856782
-0.00770573815441577
-0.0117997170885567
-0.0129850040782599
-0.00736699347819414
0.00636468539513005
0.0243810567639548
0.0390901896068575
0.0441263134000844
0.0386529697792855
0.0271624664709394
0.0155154112357051
0.0072388610895248
0.00276138620354703
0.000860531821477896
0.000218690542633537
-1.33302741349515e-05
-6.214899714351e-05
-0.0002361026392413
-0.000729568868955212
-0.00182681499826361
-0.00367779387864471
-0.00585334598301102
-0.00707050623097577
-0.00570941363146663
-0.00112860279651935
0.00533073642302411
0.0108875358962047
0.0131954203247498
0.0118844050230108
0.00844700868470199
0.00484535605459197
0.00226294026677384
0.000862976035164619
0.00026874369563491
6.82547501866349e-05
-4.94616136143393e-06
-2.30868143165832e-05
-8.78842337349579e-05
-0.000272550431689952
-0.000686950026154107
-0.00140004733628366
-0.00228271807098906
-0.00290683107970486
-0.0027147081700392
-0.00145704924043541
0.000477494197486267
0.00223838868226223
0.00310014570415698
0.00292495264321097
0.00211876812217997
0.0012247898166318
0.000573576408200108
0.000218850051651172
6.81325170859302e-05
1.72962038717183e-05
-1.48583957335847e-06
-6.9388399743729e-06
-2.64425819750393e-05
-8.21818438232236e-05
-0.000207996075608836
-0.000427283320870697
-0.00070754051310545
-0.000930395709000162
-0.000937748179203004
-0.000652443408125785
-0.000168047719770597
0.000298316253385437
0.000558931063548966
0.000571659966390326
0.000427144240453468
0.000250138250028142
0.000117752553692706
4.50071461817388e-05
1.40155523494946e-05
3.55731100883715e-06
-3.61565280079961e-07
-1.6885141244216e-06
-6.43700056121035e-06
-2.0027520163685e-05
-5.0811605671536e-05
-0.000104902618702841
-0.000175444313992066
-0.000235424562735138
-0.000248089341119938
-0.00019436349734766
-9.3033980349307e-05
9.70714968075665e-06
7.33723896816919e-05
8.75288665583336e-05
6.88484373158619e-05
4.11718181288899e-05
1.95537193260378e-05
7.49993247772522e-06
2.3381764118923e-06
5.93578081297641e-07
-7.13024828502907e-08
-3.328572316055e-07
-1.2687161716964e-06
-3.94852094461657e-06
-1.00296917370351e-05
-2.0767145444771e-05
-3.49493231579632e-05
-4.75067733510385e-05
-5.14554367626515e-05
-4.30172477234806e-05
-2.53471792812154e-05
-6.61315142921142e-06
5.93942034804207e-06
1.02311571370832e-05
8.79896236500515e-06
5.44222722755201e-06
2.62177754848234e-06
1.01168002556843e-06
3.16147541773968e-07
8.03224182603658e-08
-1.1399411930987e-08
-5.31790041332984e-08
-2.02579126091576e-07
-6.30276967750295e-07
-1.60142149297995e-06
-3.32061913683681e-06
-5.6089369361804e-06
-7.6863207342722e-06
-8.47050584659184e-06
-7.36059685281239e-06
-4.80021291982813e-06
-1.98577074407436e-06
1.19223047359036e-08
8.59887352291132e-07
8.78973467856731e-07
5.74632531411322e-07
2.83139777988954e-07
1.10326497472552e-07
3.46198045946413e-08
8.81033124737843e-09
-1.47791176318094e-09
-6.88823400680344e-09
-2.621632578415e-08
-8.15039424148702e-08
-2.07004253888108e-07
-4.29388563855108e-07
-7.26654510565643e-07
-1.00063547481967e-06
-1.11478701567092e-06
-9.92212533695376e-07
-6.85089818020822e-07
-3.38075791340835e-07
-8.13236330662096e-08
4.23265440319972e-08
6.67497514055446e-08
4.80544854932665e-08
2.45415952109787e-08
9.70989778786523e-09
3.06741398015125e-09
7.82887737726122e-10
-1.55420409591288e-10
-7.23582806765688e-10
-2.75077043903432e-09
-8.54242830238176e-09
-2.16764286239688e-08
-4.4944216358068e-08
-7.61034554954225e-08
-1.05070323989164e-07
-1.17834486465999e-07
-1.06465640239747e-07
-7.60830054013138e-08
-4.10750863790199e-08
-1.44075283988112e-08
-5.12203226119307e-10
3.60639079210791e-09
3.13592085205056e-09
1.6981177802631e-09
6.88012700299705e-10
2.1963189330266e-10
5.63191039077834e-11
-1.3260106827257e-11
-6.16572981319343e-11
-2.34082923597265e-10
-7.25943122787706e-10
-1.83970729971135e-09
-3.81062084229787e-09
-6.45015278463137e-09
-8.91407845259488e-09
-1.00341379075355e-08
-9.15037609244476e-09
-6.68005052750124e-09
-3.79702997379332e-09
-1.55705360532648e-09
-3.29184276573423e-10
1.08747193487152e-10
1.55093350023033e-10
9.29910534594897e-11
3.91109161282681e-11
1.26871042797189e-11
3.27696647502206e-12
-9.17984005227296e-13
-4.26265459022219e-12
-1.61592219306804e-11
-5.00347929950032e-11
-1.26599831706186e-10
-2.61849871599691e-10
-4.427620851097e-10
-6.11795572220962e-10
-6.89819834951752e-10
-6.32469461376024e-10
-4.67870465063717e-10
-2.74379144563463e-10
-1.22118946385802e-10
-3.58571511017188e-11
-1.78529076365693e-12
5.41440690487818e-12
3.96965518554434e-12
1.77416876433172e-12
5.89854833136294e-13
1.54039320403932e-13
-5.15736815269295e-14
-2.39134453571647e-13
-9.05083130637998e-13
-2.79764788672277e-12
-7.06602899827025e-12
-1.45890433991917e-11
-2.46302204665097e-11
-3.39993143180557e-11
-3.83438414078274e-11
-3.52524556428988e-11
-2.62861339864099e-11
-1.57157584143947e-11
-7.33514456737827e-12
-2.48513233076085e-12
-4.48638126908847e-13
1.01459568812997e-13
1.28191529029341e-13
6.3669593955803e-14
2.19958860994201e-14
5.84018335225572e-15