-3.49657086372615e-09
-4.33663951492328e-08
-4.42849154604371e-07
-3.71531656055775e-06
-2.5552146790295e-05
-0.000143772130732087
-0.000660643838953896
-0.00247544732488991
-0.00755437213528855
-0.0187573597679373
-0.037864695015038
-0.0621043713961637
-0.0827237893332604
-0.0894544720880483
-0.0785084702311317
-0.0559089321793653
-0.0323016472124983
-0.0151387969914532
-0.00575489666277259
-0.00177430444310405
-6.33846710020193e-09
-7.79762029975738e-08
-7.89167335295107e-07
-6.55960501858586e-06
-4.47021139646114e-05
-0.0002493339405757
-0.00113646605493473
-0.00422717356108888
-0.0128157651088004
-0.0316377779098319
-0.0635443902219819
-0.103769105867723
-0.137703471584612
-0.148429616039928
-0.129910916586191
-0.0922997868413049
-0.0532218483520136
-0.0249021117530865
-0.00945315014198834
-0.002911115563852
-8.98485936971036e-09
-1.1003158295182e-07
-1.10773945027348e-06
-9.15556111332586e-06
-6.20331797252578e-05
-0.000344045578785117
-0.00155974066723023
-0.00577268086772116
-0.0174220742922769
-0.0428346434880073
-0.0857243635414701
-0.13954918929676
-0.184678525207609
-0.198594809714898
-0.173466309594048
-0.123033054438438
-0.0708396146357297
-0.0331044516356301
-0.0125538340261607
-0.00386262650542452
-1.00713809637667e-08
-1.23042291538077e-07
-1.23500725926041e-06
-1.01727444702794e-05
-6.86768032097792e-05
-0.000379506442132379
-0.00171440739928391
-0.00632382659067649
-0.0190261879387525
-0.046646577720477
-0.0931172241137839
-0.151245064186916
-0.199765113457017
-0.21445354173611
-0.187044688941178
-0.132498023981296
-0.0762084789576162
-0.0355815911166822
-0.0134831221986285
-0.00414597711838982
-8.988361819363e-09
-1.09700102948212e-07
-1.09941289672721e-06
-9.03870629207858e-06
-6.0890934211887e-05
-0.000335727669315364
-0.00151322220508656
-0.00556953132539584
-0.016722222756435
-0.040919894118397
-0.081544484075082
-0.132243999880766
-0.174431149573649
-0.187035114329213
-0.162963962555696
-0.115339102035541
-0.0662902635139259
-0.0309316480451213
-0.0117150800606738
-0.00360079944172818
-6.41541839550955e-09
-7.82933776047553e-08
-7.84264966508035e-07
-6.44234056390179e-06
-4.33529945944379e-05
-0.000238734925025042
-0.00107463674367963
-0.00395005931473525
-0.0118446456045536
-0.0289492823302269
-0.0576255249591949
-0.0933598962030088
-0.123032988847706
-0.131820363527908
-0.114778199854731
-0.0811888661397255
-0.0466403392642256
-0.0217542013750049
-0.00823655590958323
-0.00253097598337723
-3.67333716743805e-09
-4.48569546155384e-08
-4.49440334525512e-07
-3.69165235851975e-06
-2.48346372970681e-05
-0.000136690960066634
-0.000614923753822286
-0.00225877352460134
-0.00676850763351976
-0.0165316716838945
-0.0328865478946689
-0.0532489441916151
-0.0701368153953801
-0.0751119475170809
-0.0653756922884144
-0.0462286382560496
-0.0265497084606989
-0.0123807871860995
-0.00468682975125112
-0.00144002155609018
-1.69102661755762e-09
-2.06731719737574e-08
-2.07296296536227e-07
-1.70355359399975e-06
-1.14631390448743e-05
-6.30977892911535e-05
-0.000283833511974961
-0.00104241775992744
-0.00312293972667452
-0.00762564944903564
-0.0151658039412785
-0.024549919305277
-0.0323285850773032
-0.0346149669239441
-0.0301231003102993
-0.0212979439587616
-0.0122304958389798
-0.00570300934016007
-0.00215883407287844
-0.000663292164679412
-6.26915229742946e-10
-7.67572250206786e-09
-7.70594959480942e-08
-6.33861073283153e-07
-4.26817827119344e-06
-2.35054359738406e-05
-0.000105770578073322
-0.000388542119297203
-0.00116417242303475
-0.00284290409132839
-0.00565413735674169
-0.00915288144109181
-0.0120530823183862
-0.0129056446225834
-0.0112311207750265
-0.00794097149423139
-0.00456035083837506
-0.00212658374154082
-0.000805059085587742
-0.000247371091481155
-1.87404900754347e-10
-2.29865405363572e-09
-2.31122378124333e-08
-1.90352504229949e-07
-1.28308209909702e-06
-7.07196121668533e-06
-3.18436363099861e-05
-0.000117036821285148
-0.000350817676972425
-0.000856979261379511
-0.00170487246284219
-0.00276046247446806
-0.00363586334113613
-0.00389373149918847
-0.00338907389638686
-0.00239662648751221
-0.00137655158891966
-0.000642013287941865
-0.000243084319060893
-7.47044460804487e-05
-4.52159106935144e-11
-5.55733750676341e-10
-5.59763997701958e-09
-4.61724618008248e-08
-3.11630798948179e-07
-1.71948373972153e-06
-7.7495389086241e-06
-2.85039829943713e-05
-8.54949798308961e-05
-0.000208959546345996
-0.000415893558971435
-0.000673664602497853
-0.000887606294427656
-0.000950854452473367
-0.000827851463103486
-0.00058557984361971
-0.000336423148017995
-0.0001569422370844
-5.94362196999357e-05
-1.82698868303423e-05
-8.81203618940145e-12
-1.08546020652861e-10
-1.09548584988016e-09
-9.05178855522101e-09
-6.1184621671718e-08
-3.38033863654826e-07
-1.52516963118095e-06
-5.61511505860334e-06
-1.68556592326776e-05
-4.12259173008927e-05
-8.21018533505701e-05
-0.000133059026706577
-0.000175397884571847
-0.000187975004545148
-0.000163720658128675
-0.000115847973517299
-6.65776297625645e-05
-3.10680030374207e-05
-1.17692333944854e-05
-3.61867834626008e-06
-1.38805435945131e-12
-1.71383456080743e-11
-1.73333672045261e-10
-1.43492385988734e-09
-9.71530941376236e-09
-5.37530773332266e-08
-2.42833096095956e-07
-8.94999088786115e-07
-2.68918871890624e-06
-6.58270162678067e-06
-1.31189861577036e-05
-2.12749109847656e-05
-2.80603374577609e-05
-3.00876448065262e-05
-2.62174230045793e-05
-1.85590570159095e-05
-1.06699451971309e-05
-4.98082620124098e-06
-1.88747007126952e-06
-5.80519568385388e-07
-1.76808078596997e-13
-2.18845972609354e-12
-2.2183270592657e-11
-1.84010690938911e-10
-1.24808563024452e-09
-6.91628452248065e-09
-3.12878325511115e-08
-1.15455233910851e-07
-3.47272462338975e-07
-8.50853530363955e-07
-1.697087646561e-06
-2.75412911356327e-06
-3.63485930856987e-06
-3.89970910476144e-06
-3.39984474371084e-06
-2.4078512974117e-06
-1.38491585917512e-06
-6.46748430872542e-07
-2.45173945663105e-07
-7.54328475266053e-08
-1.82198241215406e-14
-2.2609602262171e-13
-2.29716790415365e-12
-1.90951244197008e-11
-1.29759234628455e-10
-7.20259416020283e-10
-3.26308957054225e-09
-1.20566959328694e-08
-3.6306032337649e-08
-8.90426857416862e-08
-1.77759182014601e-07
-2.8870414885391e-07
-3.81294349725279e-07
-4.09333849255329e-07
-3.57067731616044e-07
-2.5301404592655e-07
-1.45593674766419e-07
-6.80208580311011e-08
-2.57961185106754e-08
-7.93965191265836e-09
-1.51943701253087e-15
-1.89048315661316e-14
-1.9253750204651e-13
-1.6039385943284e-12
-1.092064868761e-11
-6.07227511849675e-11
-2.75523295567284e-10
-1.01940588766612e-09
-3.07339473113251e-09
-7.54567630843179e-09
-1.50778669487987e-08
-2.45088894621167e-08
-3.23932814145799e-08
-3.47986997389311e-08
-3.03737465836874e-08
-2.15342867937402e-08
-1.23978277326166e-08
-5.7948796634671e-09
-2.19856997992662e-09
-6.7695123255956e-10
-1.02575292890988e-16
-1.27966281212008e-15
-1.30647877182046e-14
-1.09078507302728e-13
-7.44160485648008e-13
-4.14518173813711e-12
-1.88381617990712e-11
-6.97971078320223e-11
-2.10692509938481e-10
-5.17854802829571e-10
-1.03579841495227e-09
-1.68514788427745e-09
-2.22899097226049e-09
-2.39618793875753e-09
-2.09281608737513e-09
-1.48461040102363e-09
-8.55174756273399e-10
-3.99909640113023e-10
-1.51792146279123e-10
-4.67566514344643e-11
-5.60698279610267e-18
-7.01389578750994e-17
-7.178685613914e-16
-6.00704281035971e-15
-4.10647748356587e-14
-2.29157961447511e-13
-1.04311551655106e-12
-3.8703976406723e-12
-1.16982659615001e-11
-2.87854284517832e-11
-5.76338939601918e-11
-9.38494113215594e-11
-1.24237227013659e-10
-1.33653049729637e-10
-1.16808133525781e-10
-8.29109991643498e-11
-4.77847463420275e-11
-2.23568785083557e-11
-8.48977377154564e-12
-2.61620943363177e-12
-2.48216286210711e-19
-3.11348304667159e-18
-3.19462175421793e-17
-2.67930788365949e-16
-1.83535952548491e-15
-1.02608621728385e-14
-4.67834906372838e-14
-1.73839692377585e-13
-5.26111629989834e-13
-1.29607476492386e-12
-2.59765648243731e-12
-4.23383674110307e-12
-5.60933966431793e-12
-6.03893609786257e-12
-5.28135232682778e-12
-3.75100591757265e-12
-2.16304226486596e-12
-1.01252693569394e-12
-3.84674465419616e-13
-1.18592125563625e-13
-8.90062046809243e-21
-1.11950607691927e-19
-1.15156913606736e-18
-9.68018801148042e-18
-6.64470221713436e-17
-3.72168102388405e-16
-1.69966498118152e-15
-6.32495196942857e-15
-1.91669913622771e-14
-4.7272863274982e-14
-9.48450957921331e-14
-1.54728714152433e-13
-2.05168499830832e-13
-2.21047409068017e-13
-1.93448263689005e-13
-1.37478531317508e-13
-7.93223964762371e-14
-3.71501297516162e-14
-1.41205570131993e-14
-4.35514884783229e-15