4.4955029586365e-07
3.73828441275114e-06
2.56602058366858e-05
0.000145687632983042
0.000685257615039533
0.00267303157949236
0.00865039344362273
0.023216793509792
0.051624215402814
0.0949444032627521
0.144114619252247
0.180076700000941
0.184704525151835
0.155031678601184
0.106126299719482
0.0590281799901236
0.0265606762512735
0.00961647072960249
0.0027811591146708
0.000635566343707915
7.80310316977269e-07
6.48819810566948e-06
4.4418206281343e-05
0.000250994259917102
0.00117309226378456
0.00454179095399134
0.0145787611806128
0.0388026552809277
0.0855790470081912
0.156187399742022
0.235416428963951
0.292323840239877
0.298184564339452
0.249067770863539
0.169761599979508
0.0940472170646473
0.0421546015751267
0.0152003739606843
0.00437531631023627
0.000993706365978924
1.08484716093251e-06
9.06017561881681e-06
6.20847210305129e-05
0.000350176014691087
0.00163003599096143
0.00627510252443034
0.0200061630298746
0.052856197258381
0.115699322953107
0.209620831617719
0.313804777413008
0.387254363102474
0.392847239645122
0.326547074249919
0.221614669703971
0.12229588092674
0.0546142907369738
0.019619198054008
0.00562337912581127
0.00127029032235337
1.19885983589905e-06
1.01215763298153e-05
6.97660728006689e-05
0.000394284056684987
0.00183344582374152
0.00703456053139003
0.0223153396312732
0.0585996457774752
0.127425129064656
0.229320495976386
0.341082067553312
0.418400059325515
0.422154588141943
0.349230864498095
0.236009080400978
0.129748387267306
0.0577407546384632
0.0206714946222228
0.00590319332494394
0.00132749267072676
1.04049492135075e-06
8.97115297223901e-06
6.26521802008477e-05
0.000356687852163923
0.0016636213379427
0.00638134892790507
0.0201893787288025
0.0527877098061123
0.114173158527327
0.204273291253
0.302039690937
0.368422213655838
0.369803974970937
0.304505049201221
0.204941405590174
0.112261796575227
0.0497967193458429
0.0177731106940084
0.00505973422291883
0.00113374698490401
6.9419621651837e-07
6.22451461960567e-06
4.45628863538372e-05
0.000257633776883585
0.00121220661324739
0.0046683590269595
0.01477707008448
0.0385594942585169
0.0830943925752405
0.147979071662432
0.217692827863635
0.264185107971337
0.263895154186723
0.216341042633264
0.145035916433648
0.0791758516535736
0.0350156174331928
0.0124641217447328
0.003539384452238
0.000790982822154207
3.40233047978673e-07
3.29847433667914e-06
2.47368479665435e-05
0.000147173004153597
0.000704742601178804
0.00274159057162567
0.00872050983681305
0.0227823079789395
0.0490281589265426
0.0870494839258937
0.127554449716178
0.154126328671154
0.153292294880745
0.12515967007225
0.0836020531374494
0.045494004643595
0.0200652694313594
0.00712602811373279
0.0020195878073256
0.000450555788050975
1.07420587404873e-07
1.26363878606847e-06
1.04217554943526e-05
6.54396179929653e-05
0.000323678763831919
0.00128405572620894
0.00413060398873496
0.0108522197197526
0.0233961888808425
0.0415076302262272
0.0606765484544591
0.0730776029351396
0.0724207331491403
0.058919363976343
0.0392266726164126
0.0212847142386278
0.00936511035571536
0.00331958312457874
0.000939473236061983
0.000209405520012683
8.01860424189073e-09
2.93406407635646e-07
3.12262194358353e-06
2.19608039676897e-05
0.000115480225657599
0.000474797221073005
0.00156016555856859
0.00414929869794143
0.00900159872881288
0.0160068983962326
0.0233934388785625
0.0281241298932281
0.0277989026069432
0.0225511942558416
0.0149717169413783
0.00810340645050844
0.00355806833280097
0.0012592711521974
0.000356064465587427
7.9357691243316e-05
-1.34258677728225e-08
-2.67611674272805e-09
5.27449875483478e-07
5.16097201071213e-06
3.0959299134952e-05
0.000136214042207001
0.000465167818552639
0.00126531401022516
0.00278055340032615
0.00497774195211634
0.00729468882644821
0.00877189483188698
0.00865981044250119
0.00701133599033863
0.00464471845420231
0.00250881241659566
0.00109972821021653
0.000388771941642748
0.00010988089636263
2.45042604433419e-05
-9.38922017980098e-09
-3.66303661752116e-08
-4.02725788490077e-08
6.31556339300829e-07
5.73909778215933e-06
2.92871042305297e-05
0.000107582728673247
0.000304707735845421
0.000685377313735989
0.00124329441840411
0.00183476107305625
0.00221306241068699
0.00218622949056807
0.00176884258569756
0.00117024591614181
0.0006311903284935
0.000276343147281958
9.76210161866762e-05
2.75922814678889e-05
6.1607314630323e-06
-3.71573651723244e-09
-1.83542756834743e-08
-6.12851130696612e-08
-7.95592773666487e-08
5.1385152366617e-07
4.31968601386958e-06
1.86380947484817e-05
5.69670114310076e-05
0.000133538050792853
0.000247996707119918
0.000370862343883471
0.000450506661159106
0.000446511813899142
0.000361644891942002
0.000239222872000357
0.00012894452430884
5.64169229747991e-05
1.99245868929957e-05
5.63437464212152e-06
1.26023070675372e-06
-1.04462066490391e-09
-5.65372279663934e-09
-2.30227552961535e-08
-6.43788301781697e-08
-7.90980225698221e-08
2.91924188080322e-07
2.21152132266377e-06
7.99258236564552e-06
2.02365976355723e-05
3.91578420277629e-05
5.99267266704254e-05
7.37498062411723e-05
7.36116020156435e-05
5.98272807689072e-05
3.96312084574061e-05
2.13702677889179e-05
9.35078542146104e-06
3.30329015325894e-06
9.3500901066454e-07
2.0959943616899e-07
-2.22331654971823e-10
-1.26136308839487e-09
-5.5801231557814e-09
-1.86237637944337e-08
-4.29622040799246e-08
-4.53819068286913e-08
1.1885133672752e-07
7.72188719417415e-07
2.31073727374486e-06
4.82203953492257e-06
7.67922273567371e-06
9.66296038241438e-06
9.76633417679133e-06
7.99227854063946e-06
5.31339665209884e-06
2.87032868676945e-06
1.25721593125276e-06
4.44541443892914e-07
1.26012345524684e-07
2.83239954664785e-08
-3.68016363668283e-11
-2.14673618019905e-10
-9.92494925174208e-10
-3.5799728930663e-09
-9.74512343132178e-09
-1.83208328971868e-08
-1.5590695650509e-08
3.50348497285139e-08
1.83832671972054e-07
4.50050153293432e-07
7.70045783820462e-07
1.00610696152293e-06
1.03838761180067e-06
8.59889734999796e-07
5.75490328685202e-07
3.12051086248327e-07
1.36989683402196e-07
4.85239375565038e-08
1.37829954309187e-08
3.10777927007798e-09
-4.80388355471804e-12
-2.85227473495459e-11
-1.35401440719078e-10
-5.09477323133904e-10
-1.49498398836487e-09
-3.30414893483121e-09
-5.00424184850309e-09
-3.21370013382698e-09
7.38338167333769e-09
2.97449550099916e-08
5.8937273700594e-08
8.22827744319813e-08
8.79258689322766e-08
7.42363717297545e-08
5.02371364712656e-08
2.74166983793704e-08
1.20836795158927e-08
4.29247187474083e-09
1.2226317761169e-09
2.76683895913863e-10
-4.98528648308523e-13
-2.99513690477795e-12
-1.44619177710842e-11
-5.58291396847843e-11
-1.70756094629569e-10
-4.06694006716489e-10
-7.26404606808215e-10
-8.7510092970401e-10
-3.85567827589571e-10
1.08313759276187e-09
3.25418778286243e-09
5.1753212551211e-09
5.87060574278141e-09
5.11516347721732e-09
3.52331679288013e-09
1.94277613240606e-09
8.61687426531474e-10
3.07421998063292e-10
8.78876256322654e-11
1.99735220873536e-11
-4.13405643961009e-14
-2.5039244298795e-13
-1.22285007068804e-12
-4.79960072526093e-12
-1.50566023306342e-11
-3.73852492099979e-11
-7.20975009779522e-11
-1.03520512494452e-10
-9.76276315842773e-11
-2.40530989435061e-11
1.07726783873542e-10
2.39268265681931e-10
3.03726002538298e-10
2.78960186192681e-10
1.97623288273211e-10
1.10730196288821e-10
4.95884834571367e-11
1.78039599690613e-11
5.11506331269223e-12
1.16826823210749e-12
-2.74873939519038e-15
-1.67428536319958e-14
-8.24093897600173e-14
-3.27071553154821e-13
-1.04305086904791e-12
-2.65692063641355e-12
-5.34808746523206e-12
-8.32797704479209e-12
-9.55064883261985e-12
-6.89359606540037e-12
-3.55223992383046e-13
7.1285210437452e-12
1.17534949576484e-11
1.18718388695725e-11
8.80392469776517e-12
5.05684582708272e-12
2.2976591223729e-12
8.325244081897e-13
2.40771502185519e-13
5.53214559111928e-14
-1.46891781217549e-16
-8.98273241019001e-16
-4.44546088274753e-15
-1.77788129584515e-14
-5.73279787492264e-14
-1.48474553384628e-13
-3.06831394391134e-13
-4.99868574629678e-13
-6.26397474132418e-13
-5.68910428555199e-13
-3.03226670460469e-13
4.96748964330448e-14
3.10368386211322e-13
3.83714542216681e-13
3.07994680323783e-13
1.83989627881556e-13
8.54420590327284e-14
3.13704434327531e-14
9.15424293856778e-15
2.11884273101774e-15