4.71771459825042e-06
2.7529971709958e-05
0.000137842166954947
0.000594936401278841
0.00221952880157717
0.00716044019483812
0.0199369025778252
0.0477152855255009
0.0976175880107048
0.169632109390967
0.248751338045251
0.305917317844039
0.313751115511664
0.267039942973845
0.187822652745954
0.108778954824345
0.0517179557997623
0.0201323956685167
0.00640183272357905
0.00165944372685373
7.44766341468478e-06
4.47588965193593e-05
0.000230261552270821
0.00101594640119133
0.00384794741672904
0.0125098814429007
0.0348663286459854
0.0831033267270895
0.168773736501172
0.290712930029248
0.422513783128579
0.51535080395069
0.524802782350146
0.444063311696559
0.310886522306161
0.17941375048654
0.085077018515031
0.0330569036861637
0.0104988797286922
0.00271956816987789
7.89280296657685e-06
5.14107473637647e-05
0.000283222962565238
0.00131853999766934
0.005189575982456
0.017287287550516
0.0487923461848238
0.116729095528529
0.236525585292492
0.40508436941672
0.584483732519074
0.707624890838825
0.715684294810734
0.602024008299844
0.419449592733692
0.241151744432659
0.114025988758466
0.0442133918196885
0.0140224245838529
0.0036291908426701
3.28809460862382e-06
3.23403839015464e-05
0.000225970792747723
0.0012188074163134
0.00526071166105605
0.0185407873539155
0.0540421445849969
0.131359054607094
0.267574878770796
0.457714996482113
0.657356389823036
0.791022931005355
0.795046731569354
0.664967019708745
0.461049279428771
0.264022658901424
0.124457810118581
0.048148522313803
0.0152461263160465
0.00394190690415111
-6.16927660980025e-06
-1.3023108426724e-05
4.7274372666506e-05
0.000637029373068981
0.00367664132894485
0.0148579923148463
0.0464976784570323
0.117244546989394
0.242933545075632
0.417914266919796
0.59974566639442
0.718845728517424
0.718756624233563
0.597985978362344
0.412626613960051
0.235340594297179
0.110579621453413
0.0426743550824945
0.0134888052403888
0.00348346522540936
-1.59758002426663e-05
-6.30054220711895e-05
-0.000167143557292339
-0.00014621378099714
0.00120734749069299
0.00805058883697671
0.0299352309978968
0.0816047931198733
0.175479659228269
0.306836888946187
0.44260438910334
0.530105581531662
0.528177385728605
0.437454598201662
0.300499885498415
0.170703043066872
0.0799416293776084
0.0307701540155556
0.00970722326456668
0.00250355420245874
-2.06439990017142e-05
-8.97399883699637e-05
-0.000298396828190199
-0.000700150745558909
-0.000804423100195366
0.00176591331781486
0.0130737758989205
0.0428487467507004
0.0994132965391166
0.179862365156599
0.263165679948227
0.31648947398603
0.315036011122919
0.260084318222787
0.177957793546037
0.100704679416397
0.047003182078767
0.0180426956000171
0.00568020025526296
0.00146280363543363
-1.85027830897091e-05
-8.34649747969804e-05
-0.00029758005460921
-0.000814828467995157
-0.00158774129749158
-0.0015798780229056
0.00236472602477178
0.0156294908248357
0.0430014026713841
0.0832163212102329
0.125350832801434
0.152498291951202
0.152238409254356
0.125526982505612
0.08563347768621
0.0482927060761273
0.0224671031562593
0.00860038167983462
0.00270164404754352
0.000694629496761304
-1.24474277982197e-05
-5.71656873666322e-05
-0.000210362959953442
-0.00061171864990985
-0.00136316758610837
-0.00214044436798834
-0.00159262233053083
0.00278522900186315
0.0133519641108789
0.0297743006073757
0.0474104709635031
0.05904106770494
0.0594582212582346
0.0491108476637617
0.033452717749216
0.0188135213292057
0.00872637372075221
0.00333131991874705
0.00104410700953893
0.000267993396309073
-6.48710660862303e-06
-3.00793776438824e-05
-0.0001125458272853
-0.000337202653764435
-0.000796483281197506
-0.00143121818782288
-0.00176416038942408
-0.000814428372907621
0.00240576344035345
0.00789217528727207
0.014027468405968
0.0182449520546782
0.0187048695892607
0.0155460587374675
0.0105973306850012
0.00594985571049883
0.00275278713925752
0.00104817240896916
0.000327775181653553
8.3979550974616e-05
-2.66100116106319e-06
-1.24035182124494e-05
-4.68439550753065e-05
-0.000142688499514878
-0.00034745117594402
-0.000663919178129992
-0.000952352497240842
-0.000890115224759066
-0.000129589544804496
0.00137310638361049
0.00315451394399502
0.00445225482576132
0.00471645435760589
0.00397153714932419
0.0027184278003807
0.00152622009125455
0.000704888961161169
0.000267789462935154
8.35573225614589e-05
2.13689683896105e-05
-8.66992898865398e-07
-4.05243798921598e-06
-1.53855159824465e-05
-4.73142284720856e-05
-0.00011722655221082
-0.000231509602459198
-0.000356097320843027
-0.00040220479267198
-0.00026815637130561
7.02603126116e-05
0.000503422403380566
0.000841721184189243
0.000946005150324604
0.000815873119122333
0.000563595046407968
0.000317198863662982
0.000146416680961239
5.55274070295364e-05
1.72913885286676e-05
4.41407787803002e-06
-2.25652534841972e-07
-1.05602973999174e-06
-4.02068696263181e-06
-1.24329130604106e-05
-3.11206388075981e-05
-6.26457727101164e-05
-0.000100066146803778
-0.000123048464538565
-0.00010709838169447
-4.41983507571678e-05
4.41616748708166e-05
0.00011847868461322
0.000149028787110778
0.000134052244759556
9.41882493271243e-05
5.33375705391171e-05
2.46505443414468e-05
9.34013306734749e-06
2.90376220764888e-06
7.39994527006963e-07
-4.70948634337967e-08
-2.20452107357469e-07
-8.40415103324002e-07
-2.60660592638585e-06
-6.5638698285481e-06
-1.33649911296e-05
-2.18241850180298e-05
-2.80874422689356e-05
-2.73265507862394e-05
-1.7635537305323e-05
-2.5198335141307e-06
1.11366396766612e-05
1.80061206189656e-05
1.74666151390672e-05
1.26400329824683e-05
7.24243388033071e-06
3.36024367426654e-06
1.27368476436804e-06
3.95555305535303e-07
1.00653581903174e-07
-7.90267461973128e-09
-3.69770280652496e-08
-1.41000943862892e-07
-4.3793391146206e-07
-1.10648830471439e-06
-2.26837322655066e-06
-3.75371332285062e-06
-4.96099134308437e-06
-5.11490655452989e-06
-3.87153598535191e-06
-1.70820602504372e-06
3.74823515813537e-07
1.5819855013951e-06
1.77846317125181e-06
1.35427143429167e-06
7.91965369603668e-07
3.70350409162099e-07
1.40700122128279e-07
4.36883275397662e-08
1.11047784238647e-08
-1.06827652151701e-09
-4.99415542249149e-09
-1.903530176581e-08
-5.9139608021749e-08
-1.49661489198081e-07
-3.08005874159245e-07
-5.13795032562586e-07
-6.90049943878651e-07
-7.3562954201032e-07
-6.02239892475478e-07
-3.44233722057927e-07
-8.22977208159491e-08
8.5291481537735e-08
1.37509268158718e-07
1.14763314716228e-07
6.94655921630271e-08
3.29390632505959e-08
1.25778229499183e-08
3.91006220306165e-09
9.93383140657158e-10
-1.16501615927832e-10
-5.43994159110316e-10
-2.07152284285516e-09
-6.43302117857856e-09
-1.62863587260054e-08
-3.35820457973181e-08
-5.62805219375453e-08
-7.63308179121619e-08
-8.30309783799488e-08
-7.10326022665443e-08
-4.55105242817844e-08
-1.85022932683555e-08
8.82031025794737e-12
7.53632082417224e-09
7.56590546840262e-09
4.85753452586842e-09
2.35758063731433e-09
9.08641871344819e-10
2.83359040666978e-10
7.2021578083307e-11
-1.02612654890973e-11
-4.78466682140004e-11
-1.81969117814405e-10
-5.64549088584102e-10
-1.42866447042149e-09
-2.9476075187533e-09
-4.95185535626609e-09
-6.75496075178536e-09
-7.43921724027871e-09
-6.53369797434796e-09
-4.44950540639633e-09
-2.17500367247161e-09
-5.40313030114802e-10
2.26072913534683e-10
3.75293422698029e-10
2.68090104476165e-10
1.35239051197349e-10
5.29440237605504e-11
1.66109084501774e-11
4.22970412757591e-12
-7.30577857213072e-13
-3.40125500200081e-12
-1.29161142932787e-11
-4.00178459940896e-11
-1.01169569293242e-10
-2.08661874432046e-10
-3.50852036131807e-10
-4.80109605929844e-10
-5.32684968010904e-10
-4.75438011008644e-10
-3.35524066269349e-10
-1.79502898764343e-10
-6.36873413384674e-11
-4.61189273766945e-12
1.28602875162327e-11
1.14686270743011e-11
6.17812418773904e-12
2.48125260141887e-12
7.86613355825905e-13
2.01070224947654e-13
-4.20751962551015e-14
-1.95557671816929e-13
-7.41380795055357e-13
-2.29333196711915e-12
-5.78964701356744e-12
-1.19293019544635e-11
-2.00546544603201e-11
-2.74794330757142e-11
-3.06166167881075e-11
-2.75955845426362e-11
-1.99014065061597e-11
-1.11996187674116e-11
-4.5996362782944e-12
-1.05139724966853e-12
2.08074293438235e-13
3.6625935038358e-13
2.22407295300142e-13
9.31437205619367e-14
3.0033782177771e-14
7.72960306766876e-15