-1.85918477635018e-06
-1.33410253875242e-05
-8.00998479152072e-05
-0.00040457058758222
-0.00172881091640522
-0.00628349269618711
-0.0195031699838312
-0.0517905034605043
-0.117553043474834
-0.227256288607023
-0.372164684244551
-0.513032553484193
-0.591563954887999
-0.567308163112498
-0.45027899946524
-0.294618902868876
-0.158407062832554
-0.0698123425450035
-0.0251694485945899
-0.00741172665112121
-3.72323659633758e-06
-2.6442238100658e-05
-0.000156766487704734
-0.000779909702174748
-0.00327461572251564
-0.0116705971379041
-0.0354785691741401
-0.0922769158025283
-0.205412956852076
-0.390369337198576
-0.630257371130168
-0.859092337812056
-0.982151132047714
-0.93595012731762
-0.73950307940811
-0.482307830723607
-0.258744984520728
-0.113860736515534
-0.0410093567434171
-0.01206855614023
-6.07275425255093e-06
-4.27238379147e-05
-0.00025037793239682
-0.00122830345173482
-0.00507279642700202
-0.0177423546606502
-0.052845466594442
-0.134592652726121
-0.29361112884529
-0.547877988220516
-0.870918082417493
-1.17234618579868
-1.3273604554919
-1.25579981816138
-0.986999308884561
-0.641302104749012
-0.343128208115089
-0.150715509473153
-0.0542152143078157
-0.0159415453702358
-8.06402925137954e-06
-5.62469519696337e-05
-0.000326149995718275
-0.00157948249742643
-0.0064232380692189
-0.0220673061897498
-0.0644331276043635
-0.160700312845569
-0.343352565004483
-0.628447163174384
-0.982331320919384
-1.30414036710779
-1.4606178902809
-1.37054930898088
-1.07067572345348
-0.692628975372669
-0.369435186906848
-0.161914029177191
-0.0581543873182106
-0.0170818563289123
-8.71518935548127e-06
-6.03119874636414e-05
-0.000346337501305217
-0.00165739955511176
-0.00664403269749404
-0.0224435084635918
-0.0642873035101451
-0.157047814679511
-0.328535107607098
-0.589320329635362
-0.904713689542609
-1.18301872886368
-1.30900910143006
-1.21692780670752
-0.944111201383084
-0.607679375548875
-0.322950810122565
-0.141175927626315
-0.0506134759803913
-0.0148478541571746
-7.66366078321226e-06
-5.26533539035226e-05
-0.000299673471101445
-0.00141846377095329
-0.00561102899065781
-0.0186558117217517
-0.0524674539477343
-0.125600256302541
-0.257229993499853
-0.451897060986683
-0.680596590293752
-0.875420716881731
-0.95575296941199
-0.87930141339329
-0.676842215573597
-0.433144218975559
-0.2292340090044
-0.099908080029486
-0.0357418422058989
-0.0104692351356005
-5.4817995925506e-06
-3.74134517707961e-05
-0.000211198635328621
-0.000989653609632419
-0.00386688267706591
-0.0126677089352024
-0.0350124092241409
-0.0821842475113982
-0.164799296671262
-0.283414249809291
-0.418353119846714
-0.528650233049786
-0.568722888038411
-0.51717605703872
-0.394586264011707
-0.250862747407464
-0.132130976926319
-0.0573886697890988
-0.0204797786533012
-0.0059881391328525
-3.18892240625713e-06
-2.16315439841597e-05
-0.00012119223528702
-0.000562647901898919
-0.00217358439578211
-0.00702303953481867
-0.0190953986497922
-0.0439842403514387
-0.0863869160367493
-0.14539924778414
-0.210189114687717
-0.260627353372402
-0.275916463302987
-0.247690648547881
-0.187109093012337
-0.118075842646409
-0.0618532522344203
-0.026758843892266
-0.00952199112958295
-0.00277844713965149
-1.50840053300527e-06
-1.01741607149581e-05
-5.6606138276759e-05
-0.000260562256687905
-0.000996079023706593
-0.0031774971805696
-0.00850768806597573
-0.0192471269992927
-0.0370453514207278
-0.0610234039471058
-0.0863404866782713
-0.104940909636102
-0.109183772478806
-0.0966299453873
-0.0721891857656241
-0.0451749842333702
-0.0235187427872365
-0.0101289228470776
-0.0035925910343447
-0.00104582331892919
-5.80054727623269e-07
-3.89194645782586e-06
-2.15147708869966e-05
-9.82555851339782e-05
-0.000371991702183377
-0.00117267579593231
-0.00309506777450622
-0.00688379900747447
-0.0129932480187271
-0.0209521305622125
-0.0290039080520417
-0.0345231063917177
-0.0352559148298736
-0.0307200140657479
-0.0226682396510765
-0.0140525200731928
-0.00726496972572548
-0.0031128837763285
-0.00110000810146863
-0.000319358413732008
-1.81316154231566e-07
-1.21062269642917e-06
-6.65253458487704e-06
-3.01605242430655e-05
-0.000113169818238722
-0.000352869933775198
-0.000918980772150224
-0.00201143109340676
-0.00372630958370717
-0.00588474938750873
-0.00796909690773886
-0.00928258756743242
-0.00929377982798288
-0.00796213295360612
-0.00579554249592106
-0.00355511903972744
-0.0018235195385757
-0.000776830360327032
-0.000273357318192886
-7.9119952580524e-05
-4.60639953926847e-08
-3.06161081617225e-07
-1.67308921683539e-06
-7.53416619994635e-06
-2.80373066284004e-05
-8.65404021132808e-05
-0.000222601257809189
-0.000479966558394685
-0.000873522515326576
-0.00135186544626488
-0.00179107121259744
-0.00204059360220883
-0.00200091999411603
-0.00168320721161898
-0.00120692651882358
-0.00073171235442258
-0.0003720045195185
-0.000157443627893783
-5.51391121462842e-05
-1.59041865861333e-05
-9.51025529688045e-09
-6.29395344004682e-08
-3.42173936803881e-07
-1.53121878904609e-06
-5.65476301893649e-06
-1.72912844800352e-05
-4.39692298717873e-05
-9.34882631662357e-05
-0.000167317964149605
-0.000253951955256772
-0.000329286090474587
-0.000366842937897725
-0.000351985798954938
-0.00029037179008489
-0.000204820732109203
-0.000122567147112439
-6.16975894379531e-05
-2.59205897756231e-05
-9.02901758563827e-06
-2.59413156137192e-06
-1.59544085222054e-09
-1.05164468145376e-08
-5.68975473597474e-08
-2.53131967165011e-07
-9.28200464618946e-07
-2.81377307285584e-06
-7.07937461540178e-06
-1.48578564364281e-05
-2.61764805713623e-05
-3.89997455363483e-05
-4.95176956554587e-05
-5.39406420942678e-05
-5.06108046236966e-05
-4.08968412250572e-05
-2.83388989376766e-05
-1.67160969708052e-05
-8.3216451208507e-06
-3.46725262824452e-06
-1.20044251176197e-06
-3.4337834240229e-07
-2.17462072059396e-10
-1.42801087478159e-09
-7.69111430388291e-09
-3.40310957140647e-08
-1.23967189983964e-07
-3.72791636353073e-07
-9.28755005247725e-07
-1.92586244588616e-06
-3.34348666541574e-06
-4.8946403061291e-06
-6.08987989735725e-06
-6.4879067023706e-06
-5.95010905602329e-06
-4.70487630224266e-06
-3.19836310260316e-06
-1.85703570170813e-06
-9.13121851807481e-07
-3.76931870678545e-07
-1.29611391920901e-07
-3.68899782343233e-08
-2.40802013076974e-11
-1.57565298738399e-10
-8.45027250798308e-10
-3.72000837893615e-09
-1.34681543271971e-08
-4.02005634383592e-08
-9.9246315287501e-08
-2.03511248635102e-07
-3.4851711532564e-07
-5.01842660471557e-07
-6.12379663830924e-07
-6.38333451662441e-07
-5.72111592391598e-07
-4.42304941682141e-07
-2.94600415898208e-07
-1.68129444005508e-07
-8.15461685166496e-08
-3.33127379427507e-08
-1.13668586599732e-08
-3.21708704222818e-09
-2.16607068089518e-12
-1.41256901443186e-11
-7.54535936924898e-11
-3.30581143585095e-10
-1.19001875860417e-09
-3.5275373508076e-09
-8.63560271316363e-09
-1.75258196247145e-08
-2.96348239974882e-08
-4.20173652545738e-08
-5.03350881030939e-08
-5.13698813183188e-08
-4.49971919568016e-08
-3.39924329632917e-08
-2.21576647695867e-08
-1.24117319070402e-08
-5.92965599319209e-09
-2.39430691273092e-09
-8.09921621945156e-10
-2.27778025651492e-10
-1.5826518960498e-13
-1.02881084110368e-12
-5.47474094710987e-12
-2.38787646950737e-11
-8.54988405481646e-11
-2.51813688003423e-10
-6.11653094806873e-10
-1.22952566875296e-09
-2.05473653994506e-09
-2.87160035517156e-09
-3.38072798882804e-09
-3.38075754854559e-09
-2.8951691653513e-09
-2.13635504242108e-09
-1.36149443266985e-09
-7.47519060644958e-10
-3.51253442683532e-10
-1.40004762891735e-10
-4.69004828912305e-11
-1.30961586434537e-11
-9.39214192483055e-15
-6.08692057790021e-14
-3.22754478063427e-13
-1.40179393781823e-12
-4.99402750391147e-12
-1.46203986020568e-11
-3.52559026284655e-11
-7.02456205369399e-11
-1.16121883704024e-10
-1.60129058224786e-10
-1.85469654951725e-10
-1.81910251199207e-10
-1.52384190529848e-10
-1.09825825532494e-10
-6.83768574947564e-11
-3.674966444165e-11
-1.69592687286177e-11
-6.66332237254416e-12
-2.20794486664392e-12
-6.11592254376043e-13
-4.52666248208328e-16
-2.92521523599648e-15
-1.54582406384017e-14
-6.68711386362094e-14
-2.37113309800354e-13
-6.90277144356671e-13
-1.65334131226892e-12
-3.26728469203778e-12
-5.34703778973649e-12
-7.28258938430635e-12
-8.30770401908398e-12
-8.00023426760158e-12
-6.56048385632772e-12
-4.61896267659009e-12
-2.80788630782465e-12
-1.47557924718789e-12
-6.67778438748479e-13
-2.58246978953025e-13
-8.45356934002876e-14
-2.32051751679037e-14