-1.64532906726322e-08
-1.95144206266829e-07
-1.89267228331652e-06
-1.50115238889051e-05
-9.73591505276288e-05
-0.00051625632279514
-0.00223762866947532
-0.00792518891456579
-0.0229280957453465
-0.0541601395866185
-0.104411135562074
-0.164195857539651
-0.210530862403838
-0.219987980385785
-0.187244289257389
-0.129762698521788
-0.0731877678494873
-0.0335816455706249
-0.0125308426254204
-0.00380124694654784
-2.46042249042193e-08
-2.93080980819517e-07
-2.85516326559113e-06
-2.27474253685344e-05
-0.000148198393560862
-0.000789364614555242
-0.00343646717268952
-0.0122234582087878
-0.0355095968900912
-0.084211511016712
-0.16295357361849
-0.257163907900178
-0.330823585927477
-0.346747938413026
-0.295978670384226
-0.205657317200886
-0.11627461900285
-0.0534706047343521
-0.0199930971731853
-0.00607628571878269
-2.98921755160536e-08
-3.57629926117085e-07
-3.49956465505041e-06
-2.80071991346449e-05
-0.000183286873097756
-0.000980598539179706
-0.00428753423776471
-0.0153147738879591
-0.0446692570224883
-0.106339750066454
-0.206517314683815
-0.327019586335888
-0.422019370760608
-0.443632652374312
-0.379706113099904
-0.264494399272521
-0.149883784877252
-0.0690716480804413
-0.0258763504148852
-0.00787822413919521
-2.95049176530098e-08
-3.5455795324595e-07
-3.48507280951707e-06
-2.80167882245945e-05
-0.000184168682491544
-0.000989637278510617
-0.00434549472192604
-0.0155854746296578
-0.0456367499002193
-0.109045533467186
-0.212509778447187
-0.337603905708229
-0.436996534048748
-0.460663015423472
-0.395300390347855
-0.276010702071133
-0.156750531301938
-0.0723802146753262
-0.0271653493166468
-0.00828447804710082
-2.36600450709573e-08
-2.85586452999203e-07
-2.81973646658525e-06
-2.27696572257566e-05
-0.000150338213771177
-0.000811333839884589
-0.00357742231111151
-0.0128819629006956
-0.0378634988759057
-0.0907953633495502
-0.177535835819385
-0.282921556656715
-0.367273037529675
-0.388195563019781
-0.33393223604706
-0.233686474030315
-0.132987685335146
-0.061523500419433
-0.0231305048663496
-0.00706511544375153
-1.54139287129262e-08
-1.86883857181419e-07
-1.85346807921932e-06
-1.50334812998107e-05
-9.96924672121483e-05
-0.000540290563552416
-0.00239200569513769
-0.00864679863057933
-0.0255084214285466
-0.0613788446434846
-0.120401894244311
-0.19244452839785
-0.250508684505041
-0.265450803564042
-0.228876792682194
-0.160510157191721
-0.0915223771656684
-0.0424161403764564
-0.015972859748351
-0.0048861093875948
-8.1578786351488e-09
-9.93513399286978e-08
-9.89737303807214e-07
-8.06307084132596e-06
-5.36985657881297e-05
-0.000292228979699212
-0.00129890017998148
-0.00471300748174597
-0.0139527560609368
-0.0336844326548461
-0.0662792038496831
-0.106238873127492
-0.138655805640291
-0.147280232117645
-0.127268308837254
-0.0894330039648022
-0.0510886035738573
-0.0237170121967471
-0.00894499468143079
-0.00274013050320352
-3.50747015931864e-09
-4.29066518486366e-08
-4.29327558654219e-07
-3.51277166494385e-06
-2.34929006648988e-05
-0.000128365955999519
-0.000572757433765926
-0.00208577955865167
-0.00619593862948377
-0.015005562833589
-0.0296125353775693
-0.0475946999007992
-0.0622723731602432
-0.066297072081366
-0.0574088187634569
-0.0404190864023527
-0.0231297534206265
-0.010754721961148
-0.00406210586789771
-0.00124600414338795
-1.22503265858534e-09
-1.50523095024431e-08
-1.51274265009443e-07
-1.24301581558893e-06
-8.3473568212477e-06
-4.57898003177962e-05
-0.000205072066643805
-0.000749418342719243
-0.00223348282633383
-0.00542557683725165
-0.0107371066527725
-0.0173018070858025
-0.022691185280953
-0.024210185513099
-0.0210060024144121
-0.0148162220185721
-0.00849257577059215
-0.00395477921828553
-0.00149579386291736
-0.000459394250479443
-3.47552058979861e-10
-4.28929176126999e-09
-4.32932528453536e-08
-3.57229908732121e-07
-2.40859251134122e-06
-1.326297594051e-05
-5.96132010945817e-05
-0.00021858704201185
-0.000653499238586225
-0.0015920964314656
-0.00315916855655567
-0.00510321930266963
-0.00670791385591652
-0.00717169874892966
-0.00623423534158533
-0.0044047529900991
-0.00252872927114728
-0.0011792457655388
-0.000446600134129252
-0.000137324688838776
-8.00921262272284e-11
-9.92764377764837e-10
-1.00629180590215e-08
-8.33737284860496e-08
-5.64342204574297e-07
-3.11908559538304e-06
-1.40681855633835e-05
-5.17520896286798e-05
-0.0001551865578689
-0.000379125700911991
-0.000754213400490862
-0.00122118306142072
-0.00160861543846136
-0.00172319421493059
-0.00150061162390286
-0.00106196770649885
-0.000610568583085509
-0.00028511642601386
-0.000108111353764496
-3.32804570470521e-05
-1.49911391070719e-11
-1.86619612241996e-10
-1.89952235357196e-09
-1.5801041449028e-08
-1.07361581230369e-07
-5.95509114967635e-07
-2.69496696964477e-06
-9.94477150738441e-06
-2.99068339887316e-05
-7.32570663840279e-05
-0.0001460882523904
-0.000237064599910789
-0.000312909809016246
-0.000335818488969821
-0.000292934734412356
-0.00020762565323711
-0.000119539695948054
-5.58926010971251e-05
-2.12182377034576e-05
-6.53867046734945e-06
-2.27892197273051e-12
-2.8489814774189e-11
-2.91171358329887e-10
-2.43153986423221e-09
-1.65822914223608e-08
-9.22965192348022e-08
-4.19033935575161e-07
-1.55090880220195e-06
-4.67687972123932e-06
-1.14850216721798e-05
-2.29562687119029e-05
-3.73309809584391e-05
-4.93693951858821e-05
-5.30768121675938e-05
-4.63729480090336e-05
-3.29159634448742e-05
-1.89763777482394e-05
-8.88342326088285e-06
-3.37609298604785e-06
-1.0414352897134e-06
-2.81350524824275e-13
-3.53193427809626e-12
-3.62412175356824e-11
-3.03794532410602e-10
-2.07917769927551e-09
-1.16112634925146e-08
-5.28794430985034e-08
-1.96274784368988e-07
-5.93437368914389e-07
-1.46081510527585e-06
-2.92630301385754e-06
-4.76823823099461e-06
-6.31741400086203e-06
-6.80312209134014e-06
-5.95285432434393e-06
-4.23121838410778e-06
-2.44240296356384e-06
-1.14467309846307e-06
-4.35481152333396e-07
-1.34462789120183e-07
-2.8207293174454e-14
-3.55544985971839e-13
-3.66245472273314e-12
-3.08137746812181e-11
-2.11617955857064e-10
-1.18558588831536e-09
-5.41538115710342e-09
-2.01554778724502e-08
-6.10930058009896e-08
-1.50732381435702e-07
-3.02578442753642e-07
-4.9397289128116e-07
-6.55596550988717e-07
-7.07114718664195e-07
-6.19625821611174e-07
-4.40997910983579e-07
-2.54861872845192e-07
-1.19574917042031e-07
-4.55363442261451e-08
-1.40729231690932e-08
-2.2963665444842e-15
-2.90604903448226e-14
-3.00484585695828e-13
-2.5371130533989e-12
-1.74819617476678e-11
-9.82446534426405e-11
-4.50027816456736e-10
-1.67933346644618e-09
-5.10237663128833e-09
-1.26163608321019e-08
-2.53762661814087e-08
-4.15027942739138e-08
-5.51727035721512e-08
-5.95972449058775e-08
-5.2294488423132e-08
-3.72649147204352e-08
-2.15604575148944e-08
-1.01260432507095e-08
-3.85980924938791e-09
-1.19389265646216e-09
-1.5179477294683e-16
-1.92843338287667e-15
-2.00132456501209e-14
-1.69562012339483e-13
-1.17210933544722e-12
-6.60649568156163e-12
-3.03446959414795e-11
-1.13517383159941e-10
-3.45689344711904e-10
-8.56540351920287e-10
-1.72607823913199e-09
-2.82783864680508e-09
-3.76511450801901e-09
-4.07281953619941e-09
-3.57836243304791e-09
-2.55292360135778e-09
-1.47863105282766e-09
-6.95128728160951e-10
-2.6520302205849e-10
-8.20979516290395e-11
-8.14661394209137e-18
-1.03888194393051e-16
-1.08199003874159e-15
-9.19761984337268e-15
-6.3775044851559e-14
-3.60482987647386e-13
-1.66006680166448e-12
-6.22496870051977e-12
-1.89977216507639e-11
-4.71649381448016e-11
-9.5215968789207e-11
-1.56246581538717e-10
-2.08341569023124e-10
-2.25671233316477e-10
-1.9851616176778e-10
-1.41785683969792e-10
-8.22043382778928e-11
-3.8681400175793e-11
-1.47700866448252e-11
-4.57586928884474e-12
-3.54952722984897e-19
-4.54311781861996e-18
-4.74793417105258e-17
-4.04897838718108e-16
-2.81581054434392e-15
-1.59593803836239e-14
-7.3677568013592e-14
-2.76904877712125e-13
-8.4681824730887e-13
-2.10630615345754e-12
-4.25942243640707e-12
-7.00038688922655e-12
-9.34751962690643e-12
-1.01379460297727e-11
-8.92838513321902e-12
-6.38363061023248e-12
-3.70465763073172e-12
-1.74476644771134e-12
-6.6675678253995e-13
-2.06717914361171e-13
-1.25546594650491e-20
-1.61262910397952e-19
-1.69093738932577e-18
-1.44645292711008e-17
-1.0087707165592e-16
-5.73234615606081e-16
-2.65265599218556e-15
-9.99110224964137e-15
-3.06143238910403e-14
-7.62832300422809e-14
-1.54511126013427e-13
-2.54312428028194e-13
-3.40031983835917e-13
-3.69231212597504e-13
-3.25535965311851e-13
-2.32985503336905e-13
-1.35333769225793e-13
-6.37908145504697e-14
-2.43960971115889e-14
-7.56894830748874e-15