-4.6102770959504e-07
-3.87313959495393e-06
-2.71067591557727e-05
-0.00015859146788174
-0.000778113178671561
-0.00320936718242665
-0.0111421169762576
-0.0325566363846295
-0.0799419411371521
-0.164514379681859
-0.282763292804161
-0.404374732606494
-0.479352275885414
-0.469383124917608
-0.378507042426766
-0.250704364986048
-0.136096103579692
-0.0604429049629642
-0.0219291120892187
-0.00649155457928024
-8.63304406466724e-07
-7.16383487511372e-06
-4.94668855664307e-05
-0.000285278796204755
-0.00137893905468538
-0.0056030354128435
-0.0191747690067276
-0.0552937626999076
-0.134215104947959
-0.273555653382948
-0.466572201158762
-0.663301492059044
-0.782858471459843
-0.764196024911703
-0.614934013058003
-0.406741290062433
-0.220619323904651
-0.0979395197794858
-0.0355280535030715
-0.0105177383442124
-1.31961698934739e-06
-1.08223844569494e-05
-7.3765647105689e-05
-0.000419466226709169
-0.00199763597454799
-0.00799469906473832
-0.0269554514881825
-0.0766552467350958
-0.183767370283092
-0.370612946198672
-0.626700866772041
-0.884993219411436
-1.03925895075577
-1.01078139542065
-0.811275047146734
-0.535683267600535
-0.290237611918847
-0.128761268917925
-0.0466935391260255
-0.0138218198508368
-1.64578298403289e-06
-1.33474560194801e-05
-8.98510312709583e-05
-0.000503996899986174
-0.00236523112060921
-0.00932243528177875
-0.030955829539778
-0.0867559042578621
-0.205236969142193
-0.40917405536423
-0.685352934472746
-0.960549223063994
-1.1215184574282
-1.08617275563029
-0.869149444659154
-0.572696204892639
-0.309858468409665
-0.137344420840556
-0.0497805062771266
-0.0147319025232985
-1.67393672016946e-06
-1.34331317601229e-05
-8.93600154228304e-05
-0.000494670807814946
-0.002288326365145
-0.00888306026709024
-0.0290422901138117
-0.0801687490984549
-0.18700187225945
-0.368211121506203
-0.610323463440794
-0.848226119263133
-0.983950282756377
-0.948317842508287
-0.756166604594258
-0.497011629164051
-0.268451106240071
-0.118856657944418
-0.0430491607315129
-0.0127346710431216
-1.38789631330095e-06
-1.10272789582597e-05
-7.25327846503139e-05
-0.000396467256020493
-0.00180857240899571
-0.00691579666336831
-0.0222592430322509
-0.0604935998902945
-0.139034489549392
-0.270136298549808
-0.442678577315903
-0.609523743518776
-0.701904910342928
-0.672755326763212
-0.534264072302895
-0.350139781415918
-0.188737140955936
-0.0834478993914096
-0.0301968941330096
-0.0089276969436352
-9.37660912156827e-07
-7.38051306530144e-06
-4.80303998620824e-05
-0.000259381709521039
-0.00116734859391581
-0.00439836595164968
-0.0139367917994218
-0.0372777608926683
-0.0843655313392943
-0.161609477156434
-0.261577726629386
-0.35648727093647
-0.407182288781992
-0.387841889400586
-0.306575858022727
-0.200245650627633
-0.10768220301115
-0.0475317709696477
-0.0171808674625085
-0.00507579959830413
-5.15982360076896e-07
-4.02581443223795e-06
-2.59364661720642e-05
-0.000138467051376982
-0.000615139859035425
-0.00228463335085179
-0.00712773681559141
-0.0187607151989391
-0.0417874634568531
-0.0788589052966562
-0.125952419922597
-0.169735040537757
-0.192125493011464
-0.181720780771443
-0.142889856973864
-0.0929722673642145
-0.0498580262413702
-0.0219650077288108
-0.00792884449064526
-0.00234032577147125
-2.31187352020531e-07
-1.7889574787634e-06
-1.14167961961253e-05
-6.02921621959079e-05
-0.000264550623644435
-0.000968966321096095
-0.0029772926435854
-0.00771105621030611
-0.0168976792390259
-0.0313931510118288
-0.0494335235600968
-0.0658087945554697
-0.0737495906465956
-0.0692113078835314
-0.0540996899487362
-0.0350463531760837
-0.0187347357194926
-0.00823501935051304
-0.00296795548679168
-0.000875087606447033
-8.43109396866111e-08
-6.47387503101893e-07
-4.09494674871166e-06
-2.14050014625116e-05
-9.28222035290867e-05
-0.000335463490479615
-0.00101554281172927
-0.00258838904626821
-0.0055789856419242
-0.0101979667847362
-0.0158184829021801
-0.0207826925408065
-0.0230365971787944
-0.0214316218659924
-0.0166409317555972
-0.0107268130645363
-0.00571353832759106
-0.00250493376519954
-0.000901140018408772
-0.000265356546866977
-2.50181580672154e-08
-1.9071943843832e-07
-1.19635870563276e-06
-6.19362331022653e-06
-2.65610840961441e-05
-9.4774679630024e-05
-0.000282806763325616
-0.0007095158922297
-0.00150404137117823
-0.00270377793335312
-0.0041281434821155
-0.00534752893941514
-0.00585704556835379
-0.00539677529157436
-0.00415930957397613
-0.00266615923866489
-0.0014142919383998
-0.000618221915897836
-0.000221933888525899
-6.5255044027422e-05
-6.03878180785594e-09
-4.57245951462052e-08
-2.8459684150372e-07
-1.46012083398996e-06
-6.19629139388917e-06
-2.18427462540895e-05
-6.42818071704898e-05
-0.00015880215609963
-0.00033109263121198
-0.000585163611448443
-0.000878831223737811
-0.0011214261385288
-0.0012124631897184
-0.00110541038999835
-0.000844907299636235
-0.000538205686621615
-0.000284176856190792
-0.000123803632975202
-4.43368727349862e-05
-1.30139987847851e-05
-1.18535048126799e-09
-8.91859700486039e-09
-5.5107284584977e-08
-2.80344677068654e-07
-1.17801856433326e-06
-4.10526699076359e-06
-1.19226055147022e-05
-2.90159603839731e-05
-5.95129078009881e-05
-0.000103391484375542
-0.000152658936583714
-0.00019172931542712
-0.000204420858886855
-0.000184222916939028
-0.000139520227321102
-8.82526246134861e-05
-4.63555998981679e-05
-2.01184354457938e-05
-7.18513888945558e-06
-2.1048923145005e-06
-1.89163696581481e-10
-1.41485491095067e-09
-8.68283926269053e-09
-4.3823508668496e-08
-1.8245330288829e-07
-6.28988873564936e-07
-1.80387345379467e-06
-4.32722740529412e-06
-8.73390845762154e-06
-1.49150509638228e-05
-2.16419937509333e-05
-2.67324179804869e-05
-2.80796706286906e-05
-2.49877550456589e-05
-1.87333093630628e-05
-1.17572596625981e-05
-6.13955929220549e-06
-2.65317000891711e-06
-9.44621701219793e-07
-2.7611210176995e-07
-2.45369895885557e-11
-1.82508056549382e-10
-1.1129118670474e-09
-5.57561380376847e-09
-2.30133689541147e-08
-7.85342908085587e-08
-2.22562289137257e-07
-5.26579835641277e-07
-1.04636513394704e-06
-1.7567312104096e-06
-2.50441056074412e-06
-3.04049631986009e-06
-3.1435170483994e-06
-2.75941533810466e-06
-2.04579799015956e-06
-1.2728521380928e-06
-6.60330811156857e-07
-2.83982897111261e-07
-1.00754199850744e-07
-2.93762068202762e-08
-2.5864515888453e-12
-1.91382297592699e-11
-1.16007842697323e-10
-5.77186845913042e-10
-2.36315937077132e-09
-7.98802589575624e-09
-2.23852182487522e-08
-5.22728742683326e-08
-1.0231873107478e-07
-1.68931270457578e-07
-2.36592504297395e-07
-2.82176195523329e-07
-2.86908332507126e-07
-2.48178498062602e-07
-1.81767376123928e-07
-1.12008278730483e-07
-5.76838452207595e-08
-2.46734777076937e-08
-8.71941205576175e-09
-2.53503335857228e-09
-2.21514299769384e-13
-1.63107596191658e-12
-9.83176403759697e-12
-4.86020093103274e-11
-1.97493361518132e-10
-6.61661440851324e-10
-1.83479088400567e-09
-4.23166818916705e-09
-8.16441927152171e-09
-1.32616562494965e-08
-1.82479335872146e-08
-2.13728762394341e-08
-2.1355804088163e-08
-1.81854900658204e-08
-1.314375734701e-08
-8.01387448710123e-09
-4.09360374519708e-09
-1.74037947900185e-09
-6.12313024989877e-10
-1.77450600400048e-10
-1.54111598973591e-14
-1.12956233816823e-13
-6.77316018178722e-13
-3.32805391343923e-12
-1.34285326138538e-11
-4.46175695353457e-11
-1.22512029781418e-10
-2.79272415833868e-10
-5.31469631485165e-10
-8.49774138688712e-10
-1.14907364693069e-09
-1.32144469712017e-09
-1.29678115070115e-09
-1.0860712603521e-09
-7.73800303835951e-10
-4.66324290442671e-10
-2.36058416034474e-10
-9.96799033100115e-11
-3.48958176645811e-11
-1.00765296479981e-11
-8.70829913558472e-16
-6.35518157103116e-15
-3.79204307807872e-14
-1.85275234985617e-13
-7.4267534264418e-13
-2.44857521378958e-12
-6.66180099348537e-12
-1.50203368076503e-11
-2.8215407414967e-11
-4.44365623384315e-11
-5.90719166590287e-11
-6.67008250794239e-11
-6.42560182819357e-11
-5.28835769145149e-11
-3.7102835043593e-11
-2.20765860263342e-11
-1.10639797792545e-11
-4.6366807254196e-12
-1.61416113975078e-12
-4.64220690548504e-13
-3.99604224463947e-17
-2.90437265247093e-16
-1.72500706596741e-15
-8.38370292056152e-15
-3.34002532236949e-14
-1.09327461866541e-13
-2.94905856049802e-13
-6.58141393887071e-13
-1.22126826327218e-12
-1.89584429573281e-12
-2.47893202526478e-12
-2.7487531390553e-12
-2.59870329120174e-12
-2.10020957806886e-12
-1.4495124184924e-12
-8.50610766981253e-13
-4.21609929320326e-13
-1.75202623140423e-13
-6.06127051891201e-14
-1.7352633132575e-14