-6.06079694332334e-06
-3.86162322299249e-05
-0.000205846028625567
-0.000924087106939128
-0.00352065174468796
-0.0114771993338983
-0.0322556472535357
-0.0785494486106316
-0.165941612544242
-0.303127333210635
-0.475526276296414
-0.635037335969553
-0.715485238071972
-0.674636816383333
-0.528801578786946
-0.342736161317216
-0.182931150867056
-0.0801513543534386
-0.0287597099676225
-0.00843535215954718
-1.31154077833235e-05
-8.24828799251947e-05
-0.000432966501658077
-0.00190855961009197
-0.0071171202144489
-0.0226370697649629
-0.0619150533232904
-0.146575520535773
-0.301274600257525
-0.53689613052099
-0.824889916458061
-1.08351387373075
-1.2055107372311
-1.12618357270352
-0.876828545977199
-0.565579986777151
-0.300840529288313
-0.131494104304483
-0.0471015648968836
-0.0137984421248613
-2.31601295383008e-05
-0.000143886028891677
-0.00074451426797977
-0.00322656559182523
-0.0117927010676481
-0.0366419370697176
-0.0976178026705197
-0.224684849202982
-0.448990121400768
-0.779431234230666
-1.17065413396216
-1.50959984417139
-1.65581493189236
-1.53050405215663
-1.18242366306102
-0.758449958369297
-0.401820277100642
-0.17512956482352
-0.0626037293224348
-0.0183130105517607
-3.33627115565389e-05
-0.000204904521425713
-0.00104609729224316
-0.00446219845995394
-0.0160051636508497
-0.0486456274709656
-0.126363943220566
-0.282903947313261
-0.549399446607363
-0.927914879296412
-1.35998826883471
-1.71841382144011
-1.85490408284771
-1.69390917971596
-1.29707383116495
-0.826644883545361
-0.435922121482066
-0.189359863995506
-0.0675282416297362
-0.0197193041962155
-3.91931205621196e-05
-0.000238121602602875
-0.00120046334727809
-0.00504530255603693
-0.0177816251485291
-0.0529355093235075
-0.134236309984461
-0.292529804121235
-0.552055894910954
-0.906314831740643
-1.29414347173886
-1.59919372325323
-1.69561773272506
-1.5273833513597
-1.1577341690646
-0.732399227329975
-0.38416255973134
-0.166233501971523
-0.0591159022241444
-0.0172278121247116
-3.75372869912964e-05
-0.000225741481931222
-0.00112465890232629
-0.00466159012407952
-0.016161880352639
-0.0471870043915657
-0.116960925680102
-0.248334975072371
-0.455553136405917
-0.726533203363269
-1.00932549285315
-1.21749674080263
-1.26557390603609
-1.12255988951863
-0.841104463034464
-0.527607047451493
-0.275050196935204
-0.118491863429305
-0.0420027424110319
-0.0122119632625986
-2.93024258094262e-05
-0.000174522522838845
-0.000859847127109965
-0.00351793268572252
-0.0120111342882368
-0.0344359124430835
-0.083539943205339
-0.173012066727773
-0.308690798296292
-0.478145210032284
-0.645543365011502
-0.758793650032762
-0.771760169100543
-0.672831021338495
-0.497576029977231
-0.309118873845211
-0.160021116995567
-0.0685877446549712
-0.0242233643953517
-0.00702382688774255
-1.86388804356619e-05
-0.000109999270874756
-0.000536285903071482
-0.00216751518688871
-0.00729503832469613
-0.0205620824896751
-0.0488858087316306
-0.0988757856246369
-0.171733658277815
-0.258383697664425
-0.338750592859137
-0.387404504051365
-0.384783484882103
-0.329078301140071
-0.239793844744716
-0.147344821682938
-0.0756669973566013
-0.0322443809903263
-0.0113399975734501
-0.00327806632602427
-9.65834989483088e-06
-5.65071460551239e-05
-0.00027277373981951
-0.00108989949000616
-0.00361924500042301
-0.0100404583363887
-0.0234238853339644
-0.0463298176757771
-0.0784165178455221
-0.114654308046994
-0.145905055195896
-0.162134544771835
-0.156967183230233
-0.13142558226218
-0.0941926634439841
-0.0571619578261589
-0.0290880809799042
-0.0123136582727161
-0.00430984434791302
-0.00124150143149554
-4.07611820183451e-06
-2.36523355200984e-05
-0.000113110792671564
-0.00044709560099733
-0.00146610370018382
-0.00400726741042817
-0.00918499062426209
-0.0177891620416653
-0.0293774640394244
-0.0417733648549295
-0.0515966870865899
-0.0556567059843278
-0.0524306495173905
-0.04289083496278
-0.030175858654789
-0.0180567382717667
-0.00909370854569489
-0.00382065750963317
-0.001329965448801
-0.000381592903500571
-1.40070683435953e-06
-8.06468478680302e-06
-3.82271058021876e-05
-0.000149573070702564
-0.000484718317725326
-0.00130659656986445
-0.00294581389072685
-0.00559414447160118
-0.00902564554524364
-0.0124940468630496
-0.0149831589441752
-0.0156788838754039
-0.0143504772098092
-0.0114469567149482
-0.007889693968952
-0.00464685937479118
-0.00231285072607432
-0.000963425573504585
-0.000333290157943912
-9.51971864073492e-05
-3.91834040069686e-07
-2.23940274296198e-06
-1.05264119188994e-05
-4.07946031331709e-05
-0.000130744849205516
-0.000347884609205257
-0.000772344123678669
-0.00143996450094763
-0.00227289028412018
-0.00306664925162742
-0.00357292203412111
-0.00362614156104204
-0.00322073671440379
-0.00250038099780213
-0.00168477775627038
-0.00097482891648584
-0.000478768972513084
-0.000197496582235826
-6.78416296948907e-05
-1.92786364374438e-05
-8.9209519137596e-08
-5.06290709265298e-07
-2.36108084472421e-06
-9.06801167270298e-06
-2.87615133192147e-05
-7.56036440720443e-05
-0.00016545412375658
-0.000303227525278434
-0.000468897781246331
-0.000617453470981781
-0.000699568729942931
-0.000688691132945226
-0.000593093433810315
-0.000447367761266086
-0.000294073920949857
-0.000166816855906665
-8.07045708896978e-05
-3.29244625626644e-05
-1.12193401534485e-05
-3.16976081115129e-06
-1.65263177621009e-08
-9.31718686174756e-08
-4.31267463702427e-07
-1.6422938405053e-06
-5.15822672910188e-06
-1.3405641002837e-05
-2.89466527213461e-05
-5.22093838359949e-05
-7.92012592177032e-05
-0.000101932578175074
-0.000112438562736272
-0.000107425645501543
-8.9659342006569e-05
-6.56154769160451e-05
-4.19923491712532e-05
-2.33034845474103e-05
-1.10845752248603e-05
-4.46559087944595e-06
-1.50786032188234e-06
-4.23212100251557e-07
-2.49058238049956e-09
-1.39535140895477e-08
-6.41320608639744e-08
-2.42266549140322e-07
-7.53958184141332e-07
-1.93866428410823e-06
-4.13405655178206e-06
-7.34621987528371e-06
-1.09469308765917e-05
-1.37897521237113e-05
-1.48292592213887e-05
-1.37620097469727e-05
-1.11311492233075e-05
-7.89488695243355e-06
-4.90976994780312e-06
-2.65967183854364e-06
-1.24130544609249e-06
-4.93007983839256e-07
-1.64750203710429e-07
-4.58955423237227e-08
-3.05275729673544e-10
-1.70018435338403e-09
-7.7622413453249e-09
-2.91017281422847e-08
-8.97873433971819e-08
-2.28575183074964e-07
-4.81753924567716e-07
-8.44299162359115e-07
-1.23740976097956e-06
-1.52786755770744e-06
-1.60414180998684e-06
-1.44766371390378e-06
-1.13515872227147e-06
-7.79752905393204e-07
-4.70439230117651e-07
-2.48223668930093e-07
-1.13423291447944e-07
-4.43292767762285e-08
-1.46398346925443e-08
-4.04372657905875e-09
-3.04270417277316e-11
-1.68509659162951e-10
-7.64498791966399e-10
-2.84583783440058e-09
-8.70908833960069e-09
-2.19642305192123e-08
-4.57897284118298e-08
-7.92205202438398e-08
-1.14328890450701e-07
-1.38562135089467e-07
-1.42250401844666e-07
-1.25005042233859e-07
-9.50983127217506e-08
-6.32494392020401e-08
-3.69702782437712e-08
-1.89611382486014e-08
-8.46348568988606e-09
-3.24841644707373e-09
-1.05851137357519e-09
-2.89555226215992e-10
-2.4655621964286e-12
-1.35823825133508e-11
-6.12550719013985e-11
-2.2649319019667e-10
-6.87850584286657e-10
-1.71956867821198e-09
-3.54843754431927e-09
-6.06582882817151e-09
-8.62955859002616e-09
-1.02795917161889e-08
-1.03347117743124e-08
-8.85671570288001e-09
-6.54399744031153e-09
-4.21495938665999e-09
-2.38467084688274e-09
-1.18657292339777e-09
-5.16190015078013e-10
-1.94140995128212e-10
-6.2307562044757e-11
-1.68571324853989e-11
-1.62396651798395e-13
-8.90141362257896e-13
-3.99194466304335e-12
-1.46671472056496e-11
-4.42240725794305e-11
-1.09648465653473e-10
-2.24116343287335e-10
-3.78849162792701e-10
-5.31851264338043e-10
-6.23485594653645e-10
-6.14768502137998e-10
-5.14605390486486e-10
-3.69788288011166e-10
-2.30801456893616e-10
-1.26327430130549e-10
-6.0887124224959e-11
-2.57570821777943e-11
-9.47076384281603e-12
-2.98775384934897e-12
-7.98236229818659e-13
-8.69286112782798e-15
-4.74227845670447e-14
-2.11548376006925e-13
-7.72641200034404e-13
-2.31393449145689e-12
-5.69291066305301e-12
-1.153257515909e-11
-1.92925183767482e-11
-2.67516524675163e-11
-3.08994445882523e-11
-2.99242297138058e-11
-2.45061214211378e-11
-1.71525206067787e-11
-1.03844435666675e-11
-5.49868870590652e-12
-2.56401962458244e-12
-1.05253556250741e-12
-3.77457550121984e-13
-1.16793723396994e-13
-3.07609468279114e-14