-7.72993027286252e-09
-9.60658703441834e-08
-9.74393593770233e-07
-8.0648282674876e-06
-5.44569502318616e-05
-0.000299911191423825
-0.00134673465900992
-0.00492923093824596
-0.0147005782659823
-0.0357103599295171
-0.0706324377459535
-0.113713427121219
-0.148959533398785
-0.158719740980405
-0.137519302376179
-0.0968585909641063
-0.0554414136173282
-0.0257834110901873
-0.00973986616896543
-0.00298797450727468
-1.16980442248703e-08
-1.46053098180852e-07
-1.48816773494618e-06
-1.23721341398438e-05
-8.3902926148258e-05
-0.000464003365134466
-0.00209187603705825
-0.00768549971272079
-0.0230025050395344
-0.0560646062813362
-0.111239213877553
-0.179610156648904
-0.235918182010097
-0.252005425079802
-0.218848919136155
-0.154468980753897
-0.0885901290855853
-0.0412733670245749
-0.0156169653613445
-0.00479816607060744
-1.43905106681757e-08
-1.8049344735621e-07
-1.84735738650182e-06
-1.54254564638917e-05
-0.000105050520530293
-0.000583301208939083
-0.00263981395840767
-0.00973384763513004
-0.0292326890328264
-0.0714773608731565
-0.142242431215087
-0.23030378195228
-0.303278086937815
-0.324723289592487
-0.282612214096344
-0.199873280399034
-0.114840424752924
-0.0535931803057211
-0.0203098006918312
-0.00624881610189293
-1.43894809658048e-08
-1.81298416884695e-07
-1.86379111124028e-06
-1.5629127315885e-05
-0.000106873676102669
-0.000595741595547956
-0.00270608379639476
-0.0100129430489118
-0.0301689264700717
-0.0739908745778201
-0.147660279523619
-0.239700884875175
-0.316414691671236
-0.33954204049309
-0.296113299204277
-0.209814776586639
-0.120760002794346
-0.0564446264783304
-0.0214213180887608
-0.0065995323008429
-1.16948722108891e-08
-1.48005068503284e-07
-1.52810212199243e-06
-1.28673980823112e-05
-8.83377442596734e-05
-0.000494270399959398
-0.00225312837939009
-0.00836467235714574
-0.0252809606660042
-0.0621818562011765
-0.124425352735326
-0.202481802181163
-0.267892173722427
-0.288074407989893
-0.251711240918878
-0.178667433023941
-0.102999070637736
-0.0482141965813367
-0.0183225856328572
-0.00565187609404967
-7.7249883681801e-09
-9.81912918283542e-08
-1.01806224216423e-06
-8.60714854507353e-06
-5.93163692592057e-05
-0.000333088918467066
-0.00152353830757662
-0.00567403185647246
-0.0171995124872499
-0.0424201865072395
-0.0850969704705105
-0.138803933860664
-0.184037101431853
-0.198291345241533
-0.173574056732576
-0.123408584511679
-0.0712509772017958
-0.0333990951280084
-0.0127086127517062
-0.00392472645115682
-4.14685015329361e-09
-5.29350382992952e-08
-5.5108439945029e-07
-4.67726034062177e-06
-3.23522071808703e-05
-0.000182302012878693
-0.00083654591116838
-0.00312490483406833
-0.00949894071835432
-0.0234884390246298
-0.0472313997799795
-0.0772095332342057
-0.102576852254872
-0.11072616425597
-0.0970882821055762
-0.0691354968088382
-0.0399727006448108
-0.0187617061623909
-0.00714748487363231
-0.00220972714876851
-1.80891955845679e-09
-2.31869844688645e-08
-2.42346318337013e-07
-2.06460561814214e-06
-1.43311842663855e-05
-8.10224344384004e-05
-0.000372942662994071
-0.00139711389023545
-0.0042581407682665
-0.0105550373260618
-0.0212722175093995
-0.0348457496468606
-0.0463821734791527
-0.0501540604350194
-0.0440466968327621
-0.0314108724459695
-0.0181853377767746
-0.00854595052116997
-0.00325931956465828
-0.00100868944394731
-6.41149745207472e-10
-8.25145336242466e-09
-8.65725525758194e-08
-7.40192530434414e-07
-5.15533164181498e-06
-2.9238091574564e-05
-0.000134976528599385
-0.000507021259692367
-0.00154918001532943
-0.00384895597094735
-0.00777348940377024
-0.0127584292509301
-0.0170126564452567
-0.0184261938057237
-0.0162065834311047
-0.0115731558355415
-0.00670867362708843
-0.00315626445391141
-0.00120502482378992
-0.000373288540713826
-1.84626968992425e-10
-2.38536131288761e-09
-2.51188255100999e-08
-2.15507639436983e-07
-1.50582803386293e-06
-8.56585963584112e-06
-3.96540703326109e-05
-0.000149338240354831
-0.000457376775380499
-0.00113883143888683
-0.00230461823431472
-0.00378943366653294
-0.00506146725766383
-0.00549041966734736
-0.00483582417716609
-0.00345770805340704
-0.00200670517081203
-0.000945121809324198
-0.000361192632859958
-0.000111990347807544
-4.31897025459601e-11
-5.6010115961565e-10
-5.9189268967935e-09
-5.09494483969668e-08
-3.5709766399486e-07
-2.03713885987833e-06
-9.45543964056709e-06
-3.56959978101155e-05
-0.000109570133287586
-0.000273380408521413
-0.000554271470155308
-0.000912945114626004
-0.00122132225822368
-0.00132673668277178
-0.00117009706632988
-0.000837651557946085
-0.00048667403134565
-0.000229446664539279
-8.7767902074613e-05
-2.72362406422891e-05
-8.20667152865864e-12
-1.0681138984481e-10
-1.13255761375424e-09
-9.77966929941192e-09
-6.87450169798831e-08
-3.93232271606222e-07
-1.82975564555587e-06
-6.92351926876017e-06
-2.12967776232176e-05
-5.32386696213278e-05
-0.000108130885008387
-0.000178391498178635
-0.000239002345107765
-0.00025998259414371
-0.000229572095548753
-0.000164532906562364
-9.56925920759807e-05
-4.51580392078942e-05
-1.72889292664243e-05
-5.36942301293395e-06
-1.26650515313607e-12
-1.65408323605826e-11
-1.75954674924781e-10
-1.52393579243171e-09
-1.07420987397737e-08
-6.16040634512451e-08
-2.87327291564967e-07
-1.08955862460789e-06
-3.35814369118584e-06
-8.41010868429753e-06
-1.71098472680947e-05
-2.82703281627645e-05
-3.79282448332535e-05
-4.13101929752272e-05
-3.65205652492523e-05
-2.62019691839408e-05
-1.52539911793685e-05
-7.20491861432395e-06
-2.76069870980171e-06
-8.58037930463809e-07
-1.5872696569115e-13
-2.07986865648823e-12
-2.21929349526951e-11
-1.92760561246553e-10
-1.3623337382035e-09
-7.83169972727387e-09
-3.66091961668616e-08
-1.39107416967127e-07
-4.29546962330202e-07
-1.07759517586565e-06
-2.1957318769182e-06
-3.63316382141321e-06
-4.88072898265158e-06
-5.32229046434185e-06
-4.71036122740304e-06
-3.38287570380587e-06
-1.97121819436028e-06
-9.31850988616603e-07
-3.5733267609809e-07
-1.1113975985355e-07
-1.61528446795253e-14
-2.12326319032782e-13
-2.2722359273392e-12
-1.97893442834971e-11
-1.40209974530933e-10
-8.0787834582763e-10
-3.78435899380683e-09
-1.44074745439148e-08
-4.45669172892606e-08
-1.119841341857e-07
-2.28517289668183e-07
-3.7862457357474e-07
-5.09263546109912e-07
-5.55961982505043e-07
-4.92547454220691e-07
-3.54070538510405e-07
-2.06497294770311e-07
-9.76947567727789e-08
-3.74899368018654e-08
-1.16681845338444e-08
-1.33460557479286e-15
-1.75959470037913e-14
-1.88829369059634e-13
-1.64877249876615e-12
-1.17093248777101e-11
-6.76142285871154e-11
-3.17354577258927e-10
-1.21039590517184e-09
-3.75035050624994e-09
-9.43785970503297e-09
-1.92857806317927e-08
-3.19945843968086e-08
-4.3083683462212e-08
-4.70842053134755e-08
-4.17541310987075e-08
-3.00418937205594e-08
-1.75350184043238e-08
-8.30211298652481e-09
-3.1880966821828e-09
-9.92877682593384e-10
-8.95188011452222e-17
-1.18362759420812e-15
-1.27355399797566e-14
-1.11471136108745e-13
-7.93415913276289e-13
-4.59085398759672e-12
-2.1587938624718e-11
-8.24774699038457e-11
-2.55951285299094e-10
-6.4502725823943e-10
-1.31979818690726e-09
-2.19211834470621e-09
-2.95510885502786e-09
-3.23272708809519e-09
-2.86939367023367e-09
-2.06624601209538e-09
-1.20696651155472e-09
-5.71853689054203e-10
-2.19740749621416e-10
-6.84755457845261e-11
-4.87400326753331e-18
-6.4619755674765e-17
-6.97032294641119e-16
-6.11497512033888e-15
-4.36160878736274e-14
-2.52857199483234e-13
-1.1911250696759e-12
-4.55805864108955e-12
-1.41657595606397e-11
-3.57473169366631e-11
-7.32327846988916e-11
-1.21772454050534e-10
-1.64325219554611e-10
-1.79931816995559e-10
-1.59846555089102e-10
-1.15196326770947e-10
-6.73391157515916e-11
-3.19262155234881e-11
-1.22755378971237e-11
-3.82747228837695e-12
-2.15388117981831e-19
-2.86298546188639e-18
-3.09552301517641e-17
-2.72155911799355e-16
-1.94505556280304e-15
-1.12966313743045e-14
-5.33029499318111e-14
-2.04282706868954e-13
-6.35758762012522e-13
-1.60636709829353e-12
-3.29464458590371e-12
-5.48417045292643e-12
-7.40774756299218e-12
-8.11848227458615e-12
-7.21810626860404e-12
-5.20574529947579e-12
-3.04515836049258e-12
-1.44465598057863e-12
-5.55789821602783e-13
-1.73386660173044e-13
-7.72462979093259e-21
-1.0292814785025e-19
-1.11537425240546e-18
-9.82638902303349e-18
-7.03593235793251e-17
-4.09337740310311e-16
-1.93447331014824e-15
-7.42442426832891e-15
-2.31360631728879e-14
-5.85273658826811e-14
-1.20169841854738e-13
-2.0023059109693e-13
-2.70708471332334e-13
-2.96929791710486e-13
-2.64201719671818e-13
-1.90678500699637e-13
-1.11611945764175e-13
-5.29815967261211e-14
-2.03943971391937e-14
-6.36557093731277e-15