-9.44651788827905e-07
-7.37587848896188e-06
-4.80356621838043e-05
-0.000262093641608471
-0.00120343976984114
-0.00466828956155272
-0.0153398335329697
-0.042737276981335
-0.100840301836768
-0.200920359433259
-0.336615253377073
-0.471899989474485
-0.550868312338203
-0.533050777617206
-0.425900850152203
-0.280053326367302
-0.151146482590215
-0.0668094104795608
-0.0241435865771808
-0.00712330000278167
-1.86223626249494e-06
-1.43500247986142e-05
-9.20708756168709e-05
-0.000494077394244646
-0.00222801763389545
-0.00848048859978565
-0.0273410210272038
-0.0747996178386445
-0.173606714881691
-0.341034786594203
-0.564758446150643
-0.784540643272318
-0.909513796453805
-0.875629754313676
-0.697070688117471
-0.457195074600915
-0.246322801766281
-0.108754592194238
-0.0392736015522549
-0.011582480865028
-2.9963233459608e-06
-2.28069100609052e-05
-0.000144291669653303
-0.000762149014918026
-0.00337730475404946
-0.01261651812845
-0.0398997046907018
-0.107118064058165
-0.244300989881412
-0.472575102905799
-0.7725895285914
-1.06228517973261
-1.22181693294352
-1.16939667467892
-0.926960009761648
-0.606128761605226
-0.325872529519128
-0.143669378612709
-0.0518326551547896
-0.0152771774006069
-3.93256537213918e-06
-2.95925074647809e-05
-0.000184776678027798
-0.000961481927797119
-0.00418968526901262
-0.0153671817424409
-0.0476713512307767
-0.125531603876481
-0.281076868375492
-0.534786305889509
-0.862040277788012
-1.17176371394322
-1.33574099737403
-1.2698387480517
-1.00159919815292
-0.652599108897025
-0.349970237094155
-0.154022154143834
-0.0555009938987023
-0.0163453333508623
-4.20786287153557e-06
-3.13287825089569e-05
-0.000193230842001363
-0.000991394616020712
-0.00425146310862668
-0.0153192905282041
-0.0466250789499326
-0.12039325164446
-0.264465580289128
-0.494389058822838
-0.784777649812435
-1.05327614055786
-1.18866375378922
-1.12137828161319
-0.879470700650429
-0.570652865243629
-0.305116799817661
-0.134000464421501
-0.0482156674950628
-0.0141855222766046
-3.66886928090007e-06
-2.70467976082182e-05
-0.000164922054709853
-0.00083503934207203
-0.00352709600360248
-0.0124940520399225
-0.0373221950373931
-0.0944959590010204
-0.203536670970383
-0.373486585805518
-0.583126129667016
-0.771780071965496
-0.861262485723429
-0.805490470014966
-0.627628339488938
-0.405301286943133
-0.215959607846417
-0.094611012617385
-0.033983351432052
-0.00998604242960059
-2.60552396317816e-06
-1.90319047236901e-05
-0.00011482032415354
-0.000574222155637542
-0.00239105123867887
-0.00833297678231064
-0.0244445828243835
-0.060695824575121
-0.128146771691734
-0.230636359666844
-0.353782315455432
-0.461162094150912
-0.508262890375952
-0.470737012208758
-0.364092276004384
-0.233836670844378
-0.124102084247415
-0.0542131097540233
-0.0194330293219395
-0.00570213724494856
-1.50652444621742e-06
-1.09105107182141e-05
-6.51744766832678e-05
-0.000322205760388667
-0.00132380434248898
-0.00454284258824146
-0.0130955129452901
-0.0318991815162516
-0.0660082501755908
-0.116450249730963
-0.175318418072918
-0.224798177473797
-0.244382973631372
-0.223886826299885
-0.171726675226789
-0.109606615321453
-0.0579060894561366
-0.025212534280333
-0.00901617390759712
-0.0026410824242501
-7.08955569343344e-07
-5.09359777609983e-06
-3.01476023202474e-05
-0.000147450755704793
-0.000598268916414965
-0.00202337279856816
-0.00573616554578465
-0.0137146581675686
-0.0278174241336975
-0.0480844114320048
-0.0709888048207407
-0.0894310439489082
-0.0957748745693962
-0.086686465161525
-0.0658699887129283
-0.0417469707188469
-0.0219410351244272
-0.0095171852621222
-0.00339413147576641
-0.000992280734841419
-2.71445542158095e-07
-1.93578930762863e-06
-1.13594853782041e-05
-5.50065945623161e-05
-0.000220591296681973
-0.000735921227244372
-0.00205351562649051
-0.0048223192202218
-0.00959031755123203
-0.0162398982311685
-0.0234943053239365
-0.0290481885130239
-0.0306063398397828
-0.0273340667286863
-0.020553432950715
-0.0129230944674662
-0.00675209271711268
-0.002916214009765
-0.00103677190805021
-0.000302418613650466
-8.45357655486502e-08
-5.98684532209994e-07
-3.48518119250207e-06
-1.67203252644165e-05
-6.63270836811571e-05
-0.00021846469852665
-0.000600561606053438
-0.00138627084587578
-0.0027044702189563
-0.00448651837321326
-0.00635718809761547
-0.00770654433584244
-0.0079788535792997
-0.00702200787235499
-0.00521878321168929
-0.0032521197756351
-0.00168787958019482
-0.000725433652586277
-0.000256990210404126
-7.47690765326584e-05
-2.14081003977092e-08
-1.50629934814518e-07
-8.70358500522705e-07
-4.13961229555205e-06
-1.62557429301845e-05
-5.29075350067826e-05
-0.000143416646959852
-0.000325684041815599
-0.000623689529090419
-0.00101386484750884
-0.00140666286153092
-0.00167060526278546
-0.00169759258772119
-0.00147031609290597
-0.00107870121088099
-0.000665498218093201
-0.00034281000888028
-0.000146521920784373
-5.16972129271746e-05
-1.49968094540142e-05
-4.40750269241693e-09
-3.08231785730233e-08
-1.76862788149603e-07
-8.34443132007852e-07
-3.24602245583584e-06
-1.04481480637868e-05
-2.79525284379385e-05
-6.25058690106191e-05
-0.000117589066065675
-0.000187394447805946
-0.000254564886593538
-0.000296010564396364
-0.000294906016296645
-0.000251045276009712
-0.000181575077690493
-0.000110776352161856
-5.65817934769787e-05
-2.40328314489506e-05
-8.44076648509898e-06
-2.44044556241761e-06
-7.37548646642691e-10
-5.1284664694368e-09
-2.92356381277767e-08
-1.36901086522219e-07
-5.27902201851108e-07
-1.68172674322982e-06
-4.44448222665464e-06
-9.79558934658545e-06
-1.81187642999034e-05
-2.83247503985552e-05
-3.76804311396108e-05
-4.28825461881271e-05
-4.18481630072592e-05
-3.49697259997559e-05
-2.49015570700077e-05
-1.50046019184936e-05
-7.59153317853092e-06
-3.20175743032118e-06
-1.1187098381364e-06
-3.22232783036011e-07
-1.00296996615069e-10
-6.93654065562084e-10
-3.93016400457591e-09
-1.82748608733893e-08
-6.98963172851695e-08
-2.20539143047856e-07
-5.76240890381349e-07
-1.25293978803051e-06
-2.28078915436745e-06
-3.5002784886833e-06
-4.56173231688515e-06
-5.08023307073967e-06
-4.85268447534873e-06
-3.9759428454421e-06
-2.78366891971008e-06
-1.65445355743839e-06
-8.28223343511613e-07
-3.46538061065678e-07
-1.2037634786959e-07
-3.45259275792264e-08
-1.10817308528582e-11
-7.62525146355922e-11
-4.295617699196e-10
-1.9843321119036e-09
-7.5319669576094e-09
-2.35538419908457e-08
-6.08950410295677e-08
-1.30744515687599e-07
-2.34452458912483e-07
-3.53535065166176e-07
-4.51637769519335e-07
-4.92232407793848e-07
-4.59989964075658e-07
-3.69147795781062e-07
-2.53772892161112e-07
-1.48569631912054e-07
-7.34994848870768e-08
-3.04793602619225e-08
-1.05179780357673e-08
-3.0022676153698e-09
-9.94671568647171e-13
-6.81145429666592e-12
-3.81647057210849e-11
-1.75216471180311e-10
-6.60362607501417e-10
-2.04798852886131e-09
-5.24296019904275e-09
-1.11254452968472e-08
-1.96719531723898e-08
-2.91742039840107e-08
-3.65604377444565e-08
-3.90081101697931e-08
-3.56527915323946e-08
-2.80004842284961e-08
-1.88768990878459e-08
-1.08707419844895e-08
-5.30777046970186e-09
-2.17913059989001e-09
-7.46420029566819e-10
-2.11906861605492e-10
-7.25170719520103e-14
-4.94340043899759e-13
-2.75570464505766e-12
-1.25786235124165e-11
-4.70928160780443e-11
-1.44923540297595e-10
-3.67638222671003e-10
-7.71658591262414e-10
-1.34669711626072e-09
-1.96620174603976e-09
-2.41921918280219e-09
-2.52820432571697e-09
-2.25995781946293e-09
-1.73583878359609e-09
-1.14629009035658e-09
-6.48430174363272e-10
-3.1204805557056e-10
-1.26686744318385e-10
-4.3032985205321e-11
-1.21424514834237e-11
-4.29368883179063e-15
-2.91436680891396e-14
-1.61680884320555e-13
-7.33998947852134e-13
-2.73095030291668e-12
-8.34379609876624e-12
-2.09873867976479e-11
-4.36082419142911e-11
-7.51847836137628e-11
-1.08176788123189e-10
-1.30808701874906e-10
-1.33991483738559e-10
-1.17168689616541e-10
-8.7978826511797e-11
-5.68525493540819e-11
-3.1548030207039e-11
-1.49423960103802e-11
-5.99123463953195e-12
-2.01609131386692e-12
-5.64963009551969e-13
-2.06441311494158e-16
-1.39551005708062e-15
-7.70668475194301e-15
-3.48078065803699e-14
-1.28753337141016e-13
-3.90733427623456e-13
-9.75091661332647e-13
-2.00714748739312e-12
-3.42168481123434e-12
-4.85652242182189e-12
-5.77735744478789e-12
-5.80562590708087e-12
-4.96852924010324e-12
-3.64656598470866e-12
-2.30406320894124e-12
-1.25262167900344e-12
-5.83084861723119e-13
-2.30581562117307e-13
-7.67803947426072e-14
-2.13494315254149e-14