-3.00177943214384e-06
-2.04991982423078e-05
-0.000117090954825187
-0.00056284161239804
-0.00229218133319385
-0.00796186511554243
-0.0237185216282204
-0.0607886248417243
-0.134008583456374
-0.253201354168416
-0.407536944253043
-0.554675915490582
-0.633674275271324
-0.603597311068037
-0.476700174108707
-0.310739740348487
-0.166593228727088
-0.0732528343052572
-0.0263610590698379
-0.00775071672871533
-6.12630894996792e-06
-4.14205086521964e-05
-0.000233696603413702
-0.00110662499970452
-0.00442702440714888
-0.0150656701414734
-0.0438904169682118
-0.109944659085366
-0.237129358275674
-0.439377833460437
-0.695716091069587
-0.934669224580317
-1.0572624914729
-0.999739770010657
-0.785399628150499
-0.510049690993056
-0.272728712890118
-0.119703815061357
-0.0430238082827195
-0.0126395168835051
-1.01749525345682e-05
-6.81694737222286e-05
-0.000380316353126216
-0.00177629206091013
-0.0069892339561881
-0.0233293602845495
-0.0665117838875119
-0.162857680540647
-0.3434502786189
-0.623377081632906
-0.969699502453823
-1.28413534301783
-1.43646189634568
-1.34702809048127
-1.0518083180804
-0.68008055885618
-0.362520002781216
-0.158767829105034
-0.0569776440316176
-0.0167214257853445
-1.37475104582196e-05
-9.13400348081946e-05
-0.000504377387624839
-0.00232618497206783
-0.00901373493226067
-0.0295453561974293
-0.0825055406993792
-0.197535758538099
-0.407195246601973
-0.72330147422596
-1.10390500167726
-1.43893831316068
-1.58970882235501
-1.47673074167952
-1.14508661004218
-0.73666907157666
-0.391269497610983
-0.170919650873461
-0.0612275004372749
-0.0179457944823403
-1.51056928169057e-05
-9.95994030279601e-05
-0.000544839096825724
-0.00248389762679338
-0.00948980942883945
-0.0305828740585465
-0.0837358872551776
-0.196144009416149
-0.395189918752523
-0.686503262902313
-1.0267516483617
-1.31555423236365
-1.43346912542224
-1.31753866514598
-1.0135990460793
-0.648324910260597
-0.342915769785376
-0.149350796691184
-0.0533872046219873
-0.0156241077104631
-1.34948260666145e-05
-8.83542215042165e-05
-0.00047917431660354
-0.00216148721246963
-0.00815130869120711
-0.025858646685039
-0.0694957620283921
-0.159387740109013
-0.31393839871396
-0.533085785497156
-0.780517423475574
-0.98169383467747
-1.0535564854813
-0.956936309404556
-0.729636207670122
-0.463636952628455
-0.244062381831549
-0.105932143473215
-0.0377732515014721
-0.0110349892364715
-9.79951226910177e-06
-6.37445754304699e-05
-0.000342977337190586
-0.00153213099840854
-0.00570919510508032
-0.0178491349976477
-0.0471399865314473
-0.10595426598239
-0.204105988527635
-0.338712794161926
-0.485082565054227
-0.598155206762665
-0.631381546106666
-0.565976384867872
-0.427230081310704
-0.26946300770913
-0.141078675849826
-0.0609929112954685
-0.0216871311252365
-0.0063226387762826
-5.78316315900468e-06
-3.73931102099753e-05
-0.00019972777874356
-0.000884261827085848
-0.00325898098812035
-0.0100524275164954
-0.0261197564541654
-0.0575941544312618
-0.108578612701517
-0.17610146989794
-0.246534927172201
-0.297708154570933
-0.308651164139928
-0.272686983786269
-0.20354143929705
-0.127303868067893
-0.0662408531451719
-0.0285100415621956
-0.0101044091279942
-0.00293890182012614
-2.77315561123612e-06
-1.78309142892818e-05
-9.45986688837512e-05
-0.000415380129475917
-0.00151548099952934
-0.00461679844172355
-0.011815831916023
-0.0255877958881745
-0.0472481132226742
-0.0749158479456998
-0.102484937267444
-0.121078621928664
-0.123132005063072
-0.107066217265834
-0.0789255240200405
-0.0488997648028818
-0.025267600284233
-0.0108200255584938
-0.00382066032121852
-0.00110827549862377
-1.08034834249179e-06
-6.91038963324343e-06
-3.64328231179456e-05
-0.00015876214602898
-0.000573855847095664
-0.00172829312389045
-0.00436163146610776
-0.00928690573041495
-0.0168122064729496
-0.0260742070556479
-0.0348513253900616
-0.0402522848794002
-0.0401040878585978
-0.0342726255773286
-0.0249179002079578
-0.0152761099333355
-0.00783175100905183
-0.00333446538832239
-0.00117251916867377
-0.000339084288622284
-3.41880751666293e-07
-2.17621475034605e-06
-1.14067745928599e-05
-4.93579900625331e-05
-0.00017688007969848
-0.000527117867479182
-0.0013131284707328
-0.00275219099528541
-0.00488981651021991
-0.00742315738163005
-0.0096957385232539
-0.0109417066873543
-0.0106685484003529
-0.00894838571754493
-0.00640777857880375
-0.00388235424648793
-0.00197291618985372
-0.000834562125505434
-0.000292078315240563
-8.41767930553018e-05
-8.78726251469598e-08
-5.56805168847412e-07
-2.90273568866447e-06
-1.24785590726606e-05
-4.4364510311784e-05
-0.000130929064380513
-0.000322281589828752
-0.000665644660907039
-0.00116198438863301
-0.0017281796221133
-0.00220664760737431
-0.00243247571624205
-0.00231897088041577
-0.00190654171005247
-0.00134274643591066
-0.000802984778028682
-0.000404042764372539
-0.00016967010271421
-5.90649347811733e-05
-1.69564969525522e-05
-1.8342261022531e-08
-1.15730112580324e-07
-6.00273052830863e-07
-2.56488343384969e-06
-9.05201108127137e-06
-2.64754114335621e-05
-6.44531188895702e-05
-0.000131327273918904
-0.000225502107960812
-0.000328902859376798
-0.000410796646761757
-0.000442328874892325
-0.000412017434500048
-0.000331630974505284
-0.000229389016409386
-0.000135213607990746
-6.72892907212097e-05
-2.80259060149504e-05
-9.69783550493862e-06
-2.77192039281631e-06
-3.10906084622322e-09
-1.95378441414542e-08
-1.00859641459132e-07
-4.28526545688551e-07
-1.50207834083433e-06
-4.35695718109654e-06
-1.04992190230548e-05
-2.11259666807789e-05
-3.57225096095237e-05
-5.11516428260257e-05
-6.25430045531699e-05
-6.57965260805527e-05
-5.98547985451863e-05
-4.71160053225866e-05
-3.19635337463127e-05
-1.85448221923031e-05
-9.11618692798296e-06
-3.76209934031365e-06
-1.2930334055833e-06
-3.67770111566066e-07
-4.2790101101904e-10
-2.67882847354192e-09
-1.37673670098093e-08
-5.81855194334459e-08
-2.02663601907715e-07
-5.83347740637576e-07
-1.39255872052043e-06
-2.76973737635914e-06
-4.61714277954032e-06
-6.49806091084369e-06
-7.78525519573095e-06
-8.0059029513039e-06
-7.11127369286503e-06
-5.46979787606543e-06
-3.63460432560574e-06
-2.07261149505922e-06
-1.00506948196601e-06
-4.10527254724697e-07
-1.40030459782402e-07
-3.96079871974846e-08
-4.78144465236999e-11
-2.98267941170154e-10
-1.52648701286774e-09
-6.41959479048348e-09
-2.22281226254404e-08
-6.35269589656438e-08
-1.50337170019746e-07
-2.9583126542552e-07
-4.86685026027187e-07
-6.73983950754475e-07
-7.92075340281036e-07
-7.96741659013731e-07
-6.91077506731393e-07
-5.19072774611794e-07
-3.37439275337998e-07
-1.88852524938599e-07
-9.02151805042725e-08
-3.6428154725726e-08
-1.23201294715666e-08
-3.46313896992233e-09
-4.33754053278106e-12
-2.69662755004971e-11
-1.37465357213952e-10
-5.75428549074057e-10
-1.98148696883044e-09
-5.62560573597623e-09
-1.32063186754847e-08
-2.57317243805559e-08
-4.18193048430734e-08
-5.70508178338455e-08
-6.58408644695793e-08
-6.48392973790745e-08
-5.49368002454969e-08
-4.02788079620982e-08
-2.5590492054456e-08
-1.40366411017003e-08
-6.59578153071742e-09
-2.62951956997949e-09
-8.80857606973982e-10
-2.45878085729662e-10
-3.19422793720784e-13
-1.9794784194413e-12
-1.00532181532729e-11
-4.18994242934759e-11
-1.43537984078621e-10
-4.05010288626051e-10
-9.4370970197874e-10
-1.82205644136151e-09
-2.92806188095201e-09
-3.93936329441424e-09
-4.46972123232945e-09
-4.31373901516399e-09
-3.57225463367427e-09
-2.55634538323312e-09
-1.58598580812851e-09
-8.5146927067359e-10
-3.92983268315096e-10
-1.54468213524171e-10
-5.11951030545437e-11
-1.41784135509742e-11
-1.90940353772442e-14
-1.17967291353261e-13
-5.97016555164163e-13
-2.47801950713484e-12
-8.44816957768285e-12
-2.37007764413606e-11
-5.48436699048518e-11
-1.04998799753864e-10
-1.66989771421496e-10
-2.21794902094017e-10
-2.47703576588041e-10
-2.34540698356925e-10
-1.89980375084118e-10
-1.32715295293048e-10
-8.03577091451817e-11
-4.21762218394759e-11
-1.90912253779469e-11
-7.38794178687303e-12
-2.41955854521067e-12
-6.64206632669972e-13
-9.2642958328658e-16
-5.70718093155954e-15
-2.87871221172126e-14
-1.190236402231e-13
-4.03940900031476e-13
-1.12714907916684e-12
-2.59147313276979e-12
-4.92277546256069e-12
-7.75441580656618e-12
-1.01778304520854e-11
-1.12010335254534e-11
-1.0417515822295e-11
-8.26170440214204e-12
-5.63640869758942e-12
-3.32967983308431e-12
-1.70677772810664e-12
-7.5663216142879e-13
-2.87836183354088e-13
-9.30252127267419e-14
-2.52855600365724e-14