-1.72549534835685e-05
-9.75343615137402e-05
-0.000462604349973439
-0.00185472333379188
-0.00634297859925301
-0.0186949515441889
-0.047976128434652
-0.1080526461941
-0.214229430676977
-0.372721620117673
-0.564217440891032
-0.734671515019303
-0.813229485735851
-0.757326698506565
-0.588359419941185
-0.378854680740095
-0.201211973546896
-0.0878220372639871
-0.0314148570740545
-0.00919072615323087
-3.8995019116915e-05
-0.000217697571906986
-0.00101718263654923
-0.00400455417981835
-0.0133952019777041
-0.038448877003131
-0.0957088734634637
-0.208553183292469
-0.400005036397522
-0.674998780826193
-0.99560085422249
-1.26988999207183
-1.38389052442444
-1.27408437770989
-0.981688564030401
-0.628404536921054
-0.332343102604184
-0.144617603926052
-0.0516185097363551
-0.0150776994687616
-7.18265973674898e-05
-0.000396374021277818
-0.00182655502035003
-0.00707125721857272
-0.0231750058896947
-0.0649016437595824
-0.156956460034892
-0.331173515186812
-0.614289144136022
-1.00397387157479
-1.43980765974692
-1.79486789153699
-1.92175464432342
-1.74624537441386
-1.33276204566779
-0.847327529731355
-0.445932735690113
-0.193361634743471
-0.0688404427560007
-0.0200707296083594
-0.000107797840701644
-0.000588489142078752
-0.00267720723300781
-0.0102049922713434
-0.0328210624174631
-0.0898395072045241
-0.211441167758222
-0.432499191086166
-0.775960934998669
-1.22704473288907
-1.70770630463453
-2.07588213011409
-2.17901335456461
-1.95072142337085
-1.47268361884318
-0.928949704209092
-0.486130172014422
-0.209932467980122
-0.0745184771915283
-0.02167899827624
-0.000131784912122292
-0.000712197655946818
-0.00320144670796666
-0.0120293803031609
-0.0380214273352174
-0.101897193848365
-0.233803061267578
-0.46428732571028
-0.806190729934633
-1.23278099304075
-1.66229666732178
-1.96610063770194
-2.01873048767988
-1.77701901334357
-1.32495768395824
-0.828259624914708
-0.430628070720201
-0.185092477257829
-0.0654769966216571
-0.0190009078236606
-0.000131203639946044
-0.000702353135671159
-0.00312211592028657
-0.0115760249830222
-0.0360047476979784
-0.0946249326596869
-0.212042597695942
-0.409448616980809
-0.688765424723926
-1.01837597044166
-1.32880460722682
-1.52608836933897
-1.52923283959748
-1.32085146917002
-0.970997770062066
-0.600761569921312
-0.310028604310404
-0.13254084798752
-0.0467034680504668
-0.0135140683164689
-0.000106353917847955
-0.000564262422153516
-0.00248217918580774
-0.00908987957333772
-0.0278540668116569
-0.0718930867999181
-0.157606743890592
-0.296437192173997
-0.483708377412658
-0.691780921513645
-0.872770206919541
-0.97153642022475
-0.947960366367006
-0.801629250116872
-0.579934089275468
-0.354611801510899
-0.181448447950755
-0.0770953629172111
-0.0270449387832848
-0.00780007904809961
-7.0177641232491e-05
-0.000369203741091178
-0.00160826451290782
-0.00582180846276068
-0.0175947557693619
-0.0446603119807029
-0.0959363761303848
-0.176067293191588
-0.279103263077842
-0.386400796186227
-0.471192502810759
-0.507645323041897
-0.48126952990453
-0.39753560358007
-0.282447772993582
-0.170412910807014
-0.0863536911404381
-0.0364338897120992
-0.0127160191275866
-0.00365380412395402
-3.76875587148228e-05
-0.000196701719988938
-0.000848973430982979
-0.00304015532030383
-0.0090705844512115
-0.0226698681615363
-0.0477906744815672
-0.0857279684867171
-0.132240290865109
-0.17742635166305
-0.209152688051257
-0.217854191750586
-0.200277919525285
-0.161218704126844
-0.112250204691784
-0.0667059486921645
-0.033429757555155
-0.0139920204492716
-0.00485521854189271
-0.00138920304196433
-1.64692016050674e-05
-8.53124633583277e-05
-0.000365027746450968
-0.00129396958190767
-0.00381466694596399
-0.00939791821517536
-0.0194700978334546
-0.0341941200344463
-0.0514161002667713
-0.0669495553414651
-0.0763358796510546
-0.0768259761336921
-0.0683722103948716
-0.0535140562277278
-0.0364293158502946
-0.0212808026989014
-0.0105314003892831
-0.00436789108905134
-0.00150569503151377
-0.000428756740870995
-5.85528426920779e-06
-3.01155246662129e-05
-0.000127804090670306
-0.000448753766976719
-0.00130820802048461
-0.00318019629379434
-0.00648324668970948
-0.0111650721208763
-0.0163935113743686
-0.02074972502312
-0.0229061728967004
-0.022271805683227
-0.0191627344829805
-0.0145519687697495
-0.00966246431590064
-0.00553678217250267
-0.00270113303432775
-0.00110871853571315
-0.000379341297896573
-0.000107434212789212
-1.69337677529564e-06
-8.65084740936919e-06
-3.64292557869438e-05
-0.000126772233204964
-0.000365713041933024
-0.000878049984532644
-0.00176348310454792
-0.00298237830673462
-0.00428327749788282
-0.00527905754705215
-0.00564964873946325
-0.0053088718720397
-0.00441217838311359
-0.00324462558839128
-0.00209644595362126
-0.0011756940261264
-0.000564355345462979
-0.000228926716737179
-7.76606116124512e-05
-2.18592371399182e-05
-3.98310636884181e-07
-2.02180065130823e-06
-8.45178787449865e-06
-2.91647144097135e-05
-8.33115493212902e-05
-0.000197718912585464
-0.000391632873461948
-0.000651300873428474
-0.000916446819548532
-0.00110178162924609
-0.0011448749828332
-0.00104055042719107
-0.000835013086472783
-0.000593699866915313
-0.000372429212062614
-0.000203918216331228
-9.61130011473618e-05
-3.84675054737058e-05
-1.29235836437615e-05
-3.61224453204705e-06
-7.61883062949581e-08
-3.84374598203641e-07
-1.59570033983105e-06
-5.46263808958213e-06
-1.54610862726611e-05
-3.62974935218008e-05
-7.09756488944622e-05
-0.000116215265620626
-0.00016046080133553
-0.000188507605303328
-0.000190516385271189
-0.000167676860829414
-0.000129936708254466
-8.92204607637391e-05
-5.42227217193469e-05
-2.89156296957776e-05
-1.33520658546125e-05
-5.26311964606606e-06
-1.74877848890869e-06
-4.84925458663803e-07
-1.18492513700409e-08
-5.94342084118394e-08
-2.45118007232583e-07
-8.32834589910569e-07
-2.33681048076641e-06
-5.43067308921027e-06
-1.04923408586038e-05
-1.69344361389459e-05
-2.29761971641108e-05
-2.64210276155709e-05
-2.60180410432731e-05
-2.22071751295449e-05
-1.66280032770237e-05
-1.10189286525226e-05
-6.47592898280373e-06
-3.35537131581171e-06
-1.51427275406911e-06
-5.86690818003549e-07
-1.92505144350525e-07
-5.28998147023949e-08
-1.49820144788809e-09
-7.47335812258519e-09
-3.06295997773611e-08
-1.03331642450289e-07
-2.87569532521235e-07
-6.6197288613704e-07
-1.26471908327787e-06
-2.01412290708079e-06
-2.68885726718836e-06
-3.03147559103011e-06
-2.91399621976985e-06
-2.41613304653728e-06
-1.74986046823289e-06
-1.11893222985918e-06
-6.35017873759164e-07
-3.18942518629252e-07
-1.40326087956306e-07
-5.33207099177155e-08
-1.72473760378591e-08
-4.69097409491408e-09
-1.53981680291767e-10
-7.64060365042815e-10
-3.11296868767698e-09
-1.04312952807737e-08
-2.88066569149205e-08
-6.57215141247006e-08
-1.24255100145891e-07
-1.95437425875656e-07
-2.57032598185036e-07
-2.84542664086976e-07
-2.67464329908849e-07
-2.15825157662962e-07
-1.51399353159138e-07
-9.34515801438281e-08
-5.11643256324509e-08
-2.48589547285605e-08
-1.06358721130511e-08
-3.95409576439752e-09
-1.2584313732504e-09
-3.38279998123784e-10
-1.2862709671572e-11
-6.35053015024763e-11
-2.57278966113806e-10
-8.56624447984031e-10
-2.34841515701682e-09
-5.31295631128912e-09
-9.94684027723863e-09
-1.54650365376071e-08
-2.00589385557053e-08
-2.18347843236284e-08
-2.01044649114496e-08
-1.58178300515445e-08
-1.07653754325568e-08
-6.41987151738896e-09
-3.38934109989478e-09
-1.59027014029413e-09
-6.60015373250005e-10
-2.39467927783977e-10
-7.48261109903391e-11
-1.98471809886316e-11
-8.73187635831017e-13
-4.29045390824708e-12
-1.72886902252954e-11
-5.72152083438721e-11
-1.5577449635214e-10
-3.49635060078693e-10
-6.48590094818668e-10
-9.97574319056592e-10
-1.27735922126941e-09
-1.36897164125416e-09
-1.23669193938948e-09
-9.50480019117661e-10
-6.28758426185775e-10
-3.62718596496996e-10
-1.84679027580397e-10
-8.35716914534216e-11
-3.35690329761654e-11
-1.18554574436e-11
-3.62849615338871e-12
-9.47915442997621e-13
-4.81663274670201e-14
-2.35586542210229e-13
-9.44459973617777e-13
-3.10761279658934e-12
-8.40562893809958e-12
-1.87257772085025e-11
-3.44384210814274e-11
-5.24365018002759e-11
-6.63447258216347e-11
-7.00870522393139e-11
-6.22124091114342e-11
-4.67916476494734e-11
-3.01443226450747e-11
-1.6849169520787e-11
-8.27881858285792e-12
-3.61054253665266e-12
-1.40081201754321e-12
-4.80300864313784e-13
-1.43623499915924e-13
-3.68778759785942e-14