-2.33465953654287e-07
-2.11031385786694e-06
-1.5855816596797e-05
-9.92648642231946e-05
-0.000518820095525561
-0.00226668190623545
-0.00828057873536505
-0.0252782070841043
-0.0643836354713941
-0.136512648198783
-0.240311632577389
-0.350222954870222
-0.421373218666527
-0.417456794047994
-0.339756808808217
-0.226703669850692
-0.123803605277611
-0.0552535878642381
-0.0201284685666004
-0.00597918046856839
-4.10456792292321e-07
-3.67651729078666e-06
-2.73598813915031e-05
-0.000169608598986088
-0.000877849388527029
-0.00379945697149183
-0.013760859373147
-0.0416900919513491
-0.105508439848984
-0.222564697890281
-0.390259070028251
-0.567132458676477
-0.68102332931747
-0.673873039439672
-0.548088349379213
-0.365627711250157
-0.199684157237457
-0.0891440604285546
-0.0324882148726656
-0.00965559514207482
-5.87851039454e-07
-5.21895844121807e-06
-3.84733109258078e-05
-0.000236172338452534
-0.00121031811431465
-0.00518816859156344
-0.0186219052136308
-0.0559639851497749
-0.140658817225415
-0.29504505153429
-0.515081224695145
-0.746083566957028
-0.893848313644302
-0.883118932221099
-0.71762341046339
-0.478509121642242
-0.261303993428712
-0.116667480655967
-0.0425313650481856
-0.0126454819626613
-6.85664097146028e-07
-6.03511276956328e-06
-4.4079353119466e-05
-0.000267958750691476
-0.00135957967205527
-0.00577080896984472
-0.0205201102090605
-0.0611456745439263
-0.152549108820744
-0.318025639355046
-0.552499182471808
-0.797328223559577
-0.95268977404211
-0.939529754252291
-0.762570151105948
-0.50814131544453
-0.277404305169658
-0.123852839725656
-0.0451580874705505
-0.0134303235663521
-6.51168828822328e-07
-5.68383794228225e-06
-4.11390008336014e-05
-0.00024768191863293
-0.00124418555517126
-0.00522828199942981
-0.018411884340221
-0.0543751683301665
-0.134590965208184
-0.27872579268344
-0.481632717140952
-0.69218674200022
-0.824536100648011
-0.811395713028846
-0.657624604115326
-0.437822776880731
-0.23890265647878
-0.106644156868645
-0.0388849475263206
-0.0115667263879412
-5.03399739034691e-07
-4.35869938194585e-06
-3.12701392425514e-05
-0.000186482700384006
-0.000927450998339756
-0.00385790319870009
-0.0134514098948183
-0.0393562361476916
-0.0966032275720221
-0.198627436377731
-0.341216911987544
-0.488137279928411
-0.579466988746521
-0.568815369750879
-0.46022856801374
-0.306063753928149
-0.16689701846185
-0.0744769992533241
-0.0271535601527411
-0.00807770005043249
-3.16718731384912e-07
-2.72106515993237e-06
-1.93544204161421e-05
-0.000114348839039376
-0.000563082418474373
-0.00231837752380564
-0.00800161918441153
-0.0231850548210279
-0.0564089256438793
-0.115096031177613
-0.196464336076712
-0.279637689197059
-0.330677579805902
-0.323680912858998
-0.261368329331321
-0.173583742777052
-0.0945754440800725
-0.0421835491344967
-0.0153763503327937
-0.00457404835383532
-1.62138024598254e-07
-1.3826082883247e-06
-9.75266970576446e-06
-5.70959752315236e-05
-0.00027840531808575
-0.00113456023932753
-0.00387541848230845
-0.0111170709022085
-0.0267978441860038
-0.0542323339379669
-0.0919370075352722
-0.130134767298856
-0.153228619986553
-0.149508500229683
-0.120450118435393
-0.0798688480522389
-0.0434706334670895
-0.0193769060548144
-0.00706065902013223
-0.0021000714066072
-6.75242646780863e-08
-5.71679112608238e-07
-4.00018839859768e-06
-2.32108826030833e-05
-0.000112087257037425
-0.000452116702872217
-0.00152819926237861
-0.00433878348621544
-0.0103577824294471
-0.0207805119884746
-0.0349680639150319
-0.0491983063283311
-0.0576556848620407
-0.0560555754779073
-0.0450434710799901
-0.0298131854949638
-0.0162065287671342
-0.00721827273292436
-0.00262899162200059
-0.000781761166614562
-2.28726471465999e-08
-1.92316445065595e-07
-1.33528309428799e-06
-7.68108117202879e-06
-3.67413918640076e-05
-0.000146696764185475
-0.000490626508458686
-0.00137831751844284
-0.00325739555033552
-0.00647563153324119
-0.0108107167092272
-0.0151108092612931
-0.0176167379034561
-0.0170601285023689
-0.0136686869933751
-0.00902811444520136
-0.00490063430785858
-0.00218061719707902
-0.000793731898713135
-0.000235944106350777
-6.30051828740036e-09
-5.26274696095582e-08
-3.62682293706926e-07
-2.06885404870661e-06
-9.80441726533802e-06
-3.87527720973757e-05
-0.000128238621426987
-0.000356403750171073
-0.00083355595996883
-0.00164122429967852
-0.00271688788689605
-0.00377080266960224
-0.00437129362192874
-0.00421471421434407
-0.00336586458782499
-0.00221790204687092
-0.00120192608215628
-0.000534213902676478
-0.000194307666734988
-5.77336815599204e-05
-1.41112293118986e-09
-1.17129019163253e-08
-8.01429416349979e-08
-4.53467883618876e-07
-2.129607102171e-06
-8.33412451448807e-06
-2.72877702643223e-05
-7.50159443617379e-05
-0.000173573792123564
-0.00033833650981116
-0.000555086902087581
-0.000764578545806317
-0.000880889845578741
-0.000845266339009394
-0.000672590313608838
-0.000442025250482448
-0.000239091672451776
-0.000106129327868942
-3.85682913584697e-05
-1.14531843296079e-05
-2.56927827053391e-10
-2.11982153777266e-09
-1.44051455004274e-08
-8.08732576919254e-08
-3.76471308003622e-07
-1.45898899733448e-06
-4.72693840769893e-06
-1.28524967937287e-05
-2.94132467571156e-05
-5.67364755633549e-05
-9.22071049389845e-05
-0.000125977213410375
-0.000144175783117786
-0.000137619955558674
-0.000109069346656175
-7.14690366357828e-05
-3.85756815074459e-05
-1.70976940831846e-05
-6.20712055771542e-06
-1.84201694087971e-06
-3.80231005187151e-11
-3.11922327554819e-10
-2.10577862512931e-09
-1.17337776405046e-08
-5.41577566112046e-08
-2.07890994363595e-07
-6.66548893963543e-07
-1.79244167658819e-06
-4.05633750919302e-06
-7.74010848207278e-06
-1.24545404345971e-05
-1.68689524892616e-05
-1.91672549334768e-05
-1.81911446613019e-05
-1.43539637774159e-05
-9.37487914865776e-06
-5.04812067665681e-06
-2.23368326400426e-06
-8.09965103304264e-07
-2.40174294402294e-07
-4.57308829343489e-12
-3.73111206974214e-11
-2.50311900086253e-10
-1.3847725835059e-09
-6.33907898145746e-09
-2.41081935154982e-08
-7.65063573462976e-08
-2.03480621085689e-07
-4.55279233376724e-07
-8.59095900109801e-07
-1.36804218415191e-06
-1.83594585961452e-06
-2.06998822721012e-06
-1.95237586466707e-06
-1.53314038104291e-06
-9.97712179904601e-07
-5.35822147564612e-07
-2.36641125846907e-07
-8.56954763307239e-08
-2.53876080364725e-08
-4.46926377108906e-13
-3.62751949178749e-12
-2.4191169953585e-11
-1.32910861112065e-10
-6.03625435924774e-10
-2.27504329488705e-09
-7.14735367354515e-09
-1.88024154444692e-08
-4.15901955154159e-08
-7.75860639964879e-08
-1.2221656270905e-07
-1.6242797414374e-07
-1.81620595015119e-07
-1.70149736383398e-07
-1.32911327797039e-07
-8.61501401238449e-08
-4.61315158699141e-08
-2.03305360941331e-08
-7.35133459103631e-09
-2.17559422674541e-09
-3.54869236310854e-14
-2.86614679174603e-13
-1.90052520372861e-12
-1.03733342753885e-11
-4.67544574512421e-11
-1.74686155964312e-10
-5.43424827922663e-10
-1.41417620605942e-09
-3.09232805262404e-09
-5.70175421211365e-09
-8.88117538715865e-09
-1.16828274488293e-08
-1.29480861327588e-08
-1.2042283615742e-08
-9.3529021894307e-09
-6.03589374715332e-09
-3.22163150838385e-09
-1.41646429963375e-09
-5.11322160671049e-10
-1.51145441524045e-10
-2.28902820173224e-15
-1.84011298340069e-14
-1.21358045179604e-13
-6.58245028204766e-13
-2.94530496692637e-12
-1.09123021943209e-11
-3.36232617942043e-11
-8.65712524525649e-11
-1.87140710527814e-10
-3.40994704796618e-10
-5.25014298062021e-10
-6.83251792778928e-10
-7.50149780173918e-10
-6.92224452928428e-10
-5.34287256084577e-10
-3.43155140347814e-10
-1.82504597212195e-10
-8.00334996669295e-11
-2.8836920024897e-11
-8.51285395705083e-12
-1.1993102697434e-16
-9.59821909063537e-16
-6.29767951347279e-15
-3.39550757755789e-14
-1.50878248050573e-13
-5.54506178801041e-13
-1.69278485671805e-12
-4.31319668225715e-12
-9.21806040413496e-12
-1.65969437931772e-11
-2.52511313026697e-11
-3.24952816241871e-11
-3.53227934355188e-11
-3.23222571438055e-11
-2.47794941012822e-11
-1.58320102468315e-11
-8.38714744691669e-12
-3.66742842561962e-12
-1.31867276701922e-12
-3.8870669284617e-13
-5.10339744452215e-18
-4.06707491874986e-17
-2.65552618248054e-16
-1.42366455778769e-15
-6.28419315053533e-15
-2.29176320412196e-14
-6.93388539379765e-14
-1.74883724946105e-13
-3.69566934466671e-13
-6.57462787189958e-13
-9.88200857949622e-13
-1.25697877391206e-12
-1.35205023958352e-12
-1.22612376198832e-12
-9.33146715602111e-13
-5.9281148065032e-13
-3.12697344494444e-13
-1.36299021211596e-13
-4.88955898383501e-14
-1.43893500572843e-14