-1.68687958054304e-07
-1.58291117728594e-06
-1.23253663200704e-05
-7.97880499345481e-05
-0.000430028143913
-0.00193119513703805
-0.00722680484968181
-0.0225185445290843
-0.0583431225084875
-0.125442938223661
-0.223316461053515
-0.328374517633321
-0.397891626299461
-0.396410011716769
-0.324070978201961
-0.217013714867204
-0.118857224245576
-0.0531730793300921
-0.0194092254469412
-0.00577525641025208
-2.88814204701479e-07
-2.69004012403218e-06
-2.07863129269122e-05
-0.000133532369549316
-0.00071436113179583
-0.00318589086687661
-0.011848019255358
-0.0367213510325042
-0.0947260217016822
-0.202979128383856
-0.360451848891424
-0.529132587596325
-0.640497338908823
-0.637799705496279
-0.521365447966119
-0.349204789748319
-0.191337401727518
-0.0856461488752563
-0.0312826608710957
-0.00931466152210789
-4.02492338646649e-07
-3.7214873234876e-06
-2.85384077672657e-05
-0.000181924035152646
-0.000965899341301743
-0.00427688586321982
-0.0158017274909791
-0.0486971585420022
-0.125024467269358
-0.266897786973791
-0.472623121888541
-0.692417530721491
-0.837069417982015
-0.832940590283601
-0.680685471894467
-0.455931173550125
-0.249881554124045
-0.111899006383967
-0.0408931789044241
-0.012183437631296
-4.56471657461701e-07
-4.19032559986268e-06
-3.18920854079812e-05
-0.00020173682327794
-0.00106288650596029
-0.0046716929555002
-0.0171430510472649
-0.0525127807922402
-0.134133807391648
-0.285166235383739
-0.503377345464663
-0.735780776438132
-0.888105421900111
-0.882877813165126
-0.721140582873912
-0.482961355776637
-0.264726703559098
-0.11858172421439
-0.0433533154732736
-0.0129227216760903
-4.21216314996757e-07
-3.83950272180442e-06
-2.90046156972122e-05
-0.000182058896263652
-0.000951774104996521
-0.00415175781495178
-0.0151274467718463
-0.0460444243306313
-0.116970203474749
-0.247563606848163
-0.4354697394369
-0.634860869059132
-0.764888210921466
-0.759477225739529
-0.619916531281727
-0.415040608274994
-0.22749017178346
-0.101919167840276
-0.0372728841228544
-0.0111146592775709
-3.1619494651084e-07
-2.86236616698354e-06
-2.14642738525073e-05
-0.000133694501210335
-0.000693468756463233
-0.0030016865613236
-0.0108570079310793
-0.0328260259147879
-0.0829062037774448
-0.17461923168416
-0.305976034744907
-0.444770459477222
-0.534733697042484
-0.530189398215991
-0.432374823331951
-0.289339782331541
-0.158563703041918
-0.0710422217569944
-0.0259860461228081
-0.00775130909331847
-1.93059413849699e-07
-1.73591947420009e-06
-1.29231253967026e-05
-7.98796937534227e-05
-0.000411076669357341
-0.00176539486940623
-0.0063372132699892
-0.0190270570169932
-0.0477594552954619
-0.100069071403992
-0.174608890839076
-0.252989618949316
-0.303433310633976
-0.300350131414746
-0.244669004486106
-0.163622239624565
-0.0896393719580599
-0.0401585630536259
-0.0146907305785
-0.00438299904536834
-9.58617998400412e-08
-8.5629436450045e-07
-6.32938865650865e-06
-3.88266072877059e-05
-0.000198235340983408
-0.000844562655301735
-0.00300822314658765
-0.00896651672740512
-0.0223605536874661
-0.0465908888585409
-0.0809252506172673
-0.11683301934833
-0.139752398076947
-0.138066164934619
-0.112323262843431
-0.075053916654432
-0.0410986875256423
-0.0184086303275755
-0.00673417016978513
-0.002009405735797
-3.87039000696197e-08
-3.43513678564285e-07
-2.52140271026835e-06
-1.53512605619836e-05
-7.77612423617016e-05
-0.000328630591851301
-0.00116125633926091
-0.00343530353354678
-0.00850846408655264
-0.0176234504161686
-0.0304603241017335
-0.043804218177607
-0.052241298471232
-0.0514985754983564
-0.0418327834111465
-0.0279244303700135
-0.0152817810132492
-0.00684272988074877
-0.00250291298820078
-0.000746875289158853
-1.27045065334787e-08
-1.12055631846613e-07
-8.1687338251908e-07
-4.93666305018633e-06
-2.48103209326686e-05
-0.000104002706013061
-0.000364533632767872
-0.00107001339097097
-0.00263125974279477
-0.00541588769086006
-0.00931143022841754
-0.0133336632964648
-0.0158496558095254
-0.015586235615746
-0.0126388459506391
-0.00842676917307911
-0.00460810144246734
-0.00206246676153655
-0.000754247199239111
-0.00022506015488463
-3.38997961123577e-09
-2.97191151277369e-08
-2.1520246870766e-07
-1.29107843086639e-06
-6.43803212555231e-06
-2.67681023072532e-05
-9.30519611367936e-05
-0.000270951923376326
-0.000661336102332807
-0.00135220094882656
-0.00231170689583744
-0.00329508350579333
-0.00390277446636748
-0.00382752907771062
-0.00309764864190833
-0.00206249206093751
-0.0011268332138681
-0.000504058817287863
-0.000184278648971674
-5.49802381941267e-05
-7.35220212662223e-10
-6.40761823113572e-09
-4.60966471618578e-08
-2.74572798001582e-07
-1.35859736992503e-06
-5.60277776642559e-06
-1.93143506640492e-05
-5.5779224851304e-05
-0.000135092666527634
-0.000274292316115609
-0.000466112751440515
-0.000661106155812717
-0.000779965504069646
-0.000762647333416167
-0.000615863613281621
-0.000409420087941054
-0.000223448054083139
-9.98852050891141e-05
-3.65021490261236e-05
-1.08883221736782e-05
-1.29588347107885e-10
-1.12295896986272e-09
-8.02734689384003e-09
-4.74793799513114e-08
-2.33136891840452e-07
-9.5362795848153e-07
-3.2597949083703e-06
-9.3353308432306e-06
-2.24284855970018e-05
-4.52062249408678e-05
-7.63312493775767e-05
-0.000107689258960228
-0.000126511546800131
-0.000123298360831943
-9.93256099975648e-05
-6.59151977297981e-05
-3.5930630238007e-05
-1.60486193913577e-05
-5.86184444479059e-06
-1.74804209366225e-06
-1.85605864032169e-11
-1.59951101804295e-10
-1.13633790993269e-09
-6.67502174433146e-09
-3.25296681506757e-08
-1.31983936204653e-07
-4.47347576271964e-07
-1.27017818669063e-06
-3.02646968315324e-06
-6.05353985928023e-06
-1.01527095140981e-05
-1.42423788696596e-05
-1.66550573173556e-05
-1.61742046132613e-05
-1.2994570560349e-05
-8.60672599733137e-06
-4.68509683562129e-06
-2.09066014969297e-06
-7.63158004406861e-07
-2.27494517171765e-07
-2.1599589580232e-12
-1.85147430247319e-11
-1.3074612968531e-10
-7.62883555111886e-10
-3.69030463410562e-09
-1.48527168304099e-08
-4.9915244960577e-08
-1.40500629289554e-07
-3.31934081747386e-07
-6.58664131507614e-07
-1.09685230700656e-06
-1.52938902150483e-06
-1.77965339541996e-06
-1.72158275362849e-06
-1.37907958763338e-06
-9.1143439429425e-07
-4.95374992181715e-07
-2.20817212077965e-07
-8.05475471473048e-08
-2.39999814636266e-08
-2.04211312751717e-13
-1.7414360945831e-12
-1.22261569001118e-11
-7.08728189079421e-11
-3.40348495249414e-10
-1.35896645873451e-09
-4.52837508797068e-09
-1.26348837243213e-08
-2.95909020164212e-08
-5.8234576921693e-08
-9.62547883739929e-08
-1.33351708395768e-07
-1.54352566902802e-07
-1.48690390268985e-07
-1.1872690885964e-07
-7.82797495199045e-08
-4.24726892701221e-08
-1.89095995241516e-08
-6.8919586934755e-09
-2.05241798177832e-09
-1.56836985911808e-14
-1.33079222212208e-13
-9.29063584136778e-13
-5.35149400430876e-12
-2.55169578396676e-11
-1.01088945991031e-10
-3.34009690016995e-10
-9.23726463699401e-10
-2.14420957604559e-09
-4.18389153948894e-09
-6.86164909627027e-09
-9.44164330743354e-09
-1.08667774452769e-08
-1.04208227118135e-08
-8.29182554741761e-09
-5.45273168609005e-09
-2.95288224935705e-09
-1.31289381834784e-09
-4.78059250459709e-10
-1.42275731720543e-10
-9.78378388900172e-16
-8.26190830425767e-15
-5.73654556673273e-14
-3.28399302537027e-13
-1.5550381194381e-12
-6.11312600032428e-12
-2.00293995473517e-11
-5.49026182039765e-11
-1.26296196147477e-10
-2.44277574488818e-10
-3.97367849798975e-10
-5.42864221569795e-10
-6.21039103686655e-10
-5.92655958116292e-10
-4.6979032011916e-10
-3.08053527617625e-10
-1.66473768144374e-10
-7.39050974134701e-11
-2.68823432337974e-11
-7.99470199900057e-12
-4.95691520266086e-17
-4.1665200959547e-16
-2.8778010806042e-15
-1.63764273954469e-14
-7.70234682874893e-14
-3.00509946847062e-13
-9.76453710580346e-13
-2.65287468594587e-12
-6.04696657931502e-12
-1.15907566599251e-11
-1.86957423545511e-11
-2.53488585541076e-11
-2.8813392694911e-11
-2.73530387622249e-11
-2.15936298544931e-11
-1.4115454378072e-11
-7.61050647650532e-12
-3.37301351500043e-12
-1.22545639635428e-12
-3.64147737740917e-13
-2.03948392256859e-18
-1.70665681854569e-17
-1.17282382939844e-16
-6.63565398186136e-16
-3.10053731951086e-15
-1.20076937304917e-14
-3.86981924364066e-14
-1.04209804802407e-13
-2.35351894859373e-13
-4.46977736080706e-13
-7.14672790414372e-13
-9.6134752657976e-13
-1.0853160004226e-12
-1.02455378904595e-12
-8.05253687326342e-13
-5.24604531427361e-13
-2.82134567398239e-13
-1.24814139728807e-13
-4.52870833881075e-14
-1.34448326411757e-14