-4.05738371658863e-08
-4.39472086532436e-07
-3.92224323373382e-06
-2.88483593873433e-05
-0.00017484074877554
-0.000872848587644581
-0.00358713834415315
-0.012126177415601
-0.0336865376486651
-0.0768235742337629
-0.143670498008871
-0.22009168984218
-0.275895092169468
-0.282718179853064
-0.236607567497763
-0.161584044172228
-0.0899763362291404
-0.0408242067133606
-0.0150834002787166
-0.00453560886704703
-6.40577050806649e-08
-6.92345906855886e-07
-6.16869495065077e-06
-4.53177826727413e-05
-0.000274479531533565
-0.00137010344652826
-0.00563276526844356
-0.0190565246585097
-0.0530003460499063
-0.121043663062556
-0.22674080403544
-0.34796755787077
-0.437002318236989
-0.44864989872403
-0.376173729911307
-0.257361228212282
-0.143557971941853
-0.0652430994484983
-0.0241431431579682
-0.00727053151544002
-8.22259229847169e-08
-8.86728373626991e-07
-7.8864020868485e-06
-5.78608515090324e-05
-0.000350171887533402
-0.00174744480551627
-0.00718556523634654
-0.0243253619513644
-0.0677217092232042
-0.154863517322305
-0.290526580130572
-0.446585659659117
-0.561815399601745
-0.577794476591489
-0.48529398655391
-0.332576819296966
-0.185815182487915
-0.0845785213872098
-0.0313439689812038
-0.00945197185595605
-8.57996579025635e-08
-9.23136753054576e-07
-8.19460419321552e-06
-6.00357086975218e-05
-0.000362993791402738
-0.00181064671873982
-0.00744580844120668
-0.02521841427172
-0.0702671130504646
-0.160866274497748
-0.302194720881027
-0.465215363813742
-0.586175838486842
-0.603820054564386
-0.507968320896587
-0.348663204981529
-0.195098315058883
-0.0889324666614318
-0.0330026139517477
-0.00996495452453025
-7.27660481993152e-08
-7.81054348701229e-07
-6.91952997283857e-06
-5.06154151326259e-05
-0.000305707617000324
-0.00152401369417975
-0.00626644041270631
-0.0212308350252127
-0.0591971372940842
-0.135656496986456
-0.255143914147844
-0.393315399362435
-0.496298510947114
-0.511998440360888
-0.431364683410169
-0.296516549535373
-0.166153741531401
-0.0758409239702401
-0.0281804241821879
-0.00851918067251675
-5.01494358707413e-08
-5.36992696222596e-07
-4.74745773489234e-06
-3.46692400431426e-05
-0.000209144051900359
-0.00104187212992476
-0.00428287735923125
-0.014512977277716
-0.0404878457608525
-0.0928599805119497
-0.174837830794301
-0.269849723549932
-0.340955304405915
-0.352222909669291
-0.297161151807096
-0.20454368798796
-0.114767536198283
-0.0524517903573779
-0.0195130082370836
-0.00590561058150291
-2.80818861166749e-08
-2.99958088169595e-07
-2.6461762112017e-06
-1.92901282331355e-05
-0.000116214692407066
-0.000578438352280171
-0.00237686747771207
-0.00805447073675557
-0.0224789897066014
-0.0515921511587501
-0.0972286115652201
-0.150229709642815
-0.190043157091656
-0.196570155958594
-0.166052134251957
-0.114441985838295
-0.06429104264125
-0.0294173028678607
-0.0109560253129895
-0.00331934888160648
-1.27743951764166e-08
-1.36110814144646e-07
-1.19808665670381e-06
-8.71761084709448e-06
-5.24443026238901e-05
-0.000260774485966731
-0.00107097549326255
-0.00362878562304495
-0.0101300555802508
-0.0232628276292496
-0.0438752941063951
-0.0678583707807686
-0.0859350740286499
-0.0889885168467166
-0.0752609227545765
-0.0519298159629859
-0.0292062984882892
-0.0133784418687126
-0.00498781453598584
-0.00151265691039427
-4.71999587385799e-09
-5.01650700535628e-08
-4.40565075044873e-07
-3.19945113363563e-06
-1.9217841857027e-05
-9.54527733065403e-05
-0.000391752594331238
-0.00132704058295739
-0.00370498678268015
-0.0085118531374653
-0.0160647620945596
-0.0248672598452103
-0.0315222670896377
-0.0326764078602716
-0.0276654045807748
-0.0191096275278256
-0.0107589844379529
-0.00493337899897822
-0.0018410860599749
-0.00055886548679405
-1.41633590601997e-09
-1.5015033191586e-08
-1.31560958994923e-07
-9.53488087244686e-07
-5.71780358698747e-06
-2.83647890608688e-05
-0.000116320603468732
-0.000393878794537485
-0.00109966487035332
-0.00252714197152657
-0.00477221601677056
-0.00739255716726547
-0.00937908982301242
-0.00973168941107784
-0.00824743101059734
-0.00570250343413823
-0.0032137391240676
-0.0014750185611832
-0.000550965024045864
-0.000167392039362188
-3.45106827048011e-10
-3.64929802995232e-09
-3.18995356994376e-08
-2.30709406835867e-07
-1.38109541750354e-06
-6.84214752912156e-06
-2.80330701258775e-05
-9.48758388347316e-05
-0.000264846461641173
-0.000608754836390369
-0.00115006624736877
-0.00178267102968925
-0.00226344415539791
-0.00235053870559812
-0.00199383040536048
-0.00137985179667801
-0.000778344940341142
-0.000357555883628466
-0.00013367223403496
-4.06448620017287e-05
-6.82725296563143e-11
-7.20104502407301e-10
-6.2795705950736e-09
-4.53186010011725e-08
-2.70795747973541e-07
-1.33962668150591e-06
-5.48293418614109e-06
-1.85449074075562e-05
-5.17549203139217e-05
-0.000118967417502784
-0.000224827881280086
-0.000348680020016536
-0.000443012817696505
-0.000460410654338931
-0.00039085987106848
-0.000270726174917248
-0.000152839248531638
-7.02691443278956e-05
-2.62910583886415e-05
-8.00025425730644e-06
-1.09645156484483e-11
-1.15354061321523e-10
-1.00349318661101e-09
-7.22607272814039e-09
-4.30963018622529e-08
-2.12869079091679e-07
-8.70252242501343e-07
-2.94125956300894e-06
-8.20537577573993e-06
-1.88605425656194e-05
-3.56509976310134e-05
-5.53138449744446e-05
-7.03191666140635e-05
-7.31303218356799e-05
-6.21290192834036e-05
-4.30663361266725e-05
-2.43321015900527e-05
-1.11954594898734e-05
-4.19187513097912e-06
-1.27648087229786e-06
-1.42933202058629e-12
-1.49993516894016e-11
-1.30164108477355e-10
-9.35187921378631e-10
-5.56643240433581e-09
-2.74498599384109e-08
-1.12080665898597e-07
-3.78484007213078e-07
-1.05536465373399e-06
-2.42544075611694e-06
-4.58520850472819e-06
-7.11647739449495e-06
-9.05143360666892e-06
-9.41891444306756e-06
-8.00732138612116e-06
-5.55438441522572e-06
-3.14042419112859e-06
-1.44596975247402e-06
-5.41784904431444e-07
-1.65090999157704e-07
-1.51227061359173e-13
-1.58295447480869e-12
-1.37030312666464e-11
-9.82256394791712e-11
-5.83463730367318e-10
-2.87230204444946e-09
-1.17121230605574e-08
-3.95125669736782e-08
-1.10111791972139e-07
-2.52993474813288e-07
-4.78284131216145e-07
-7.42499348521773e-07
-9.44766090498418e-07
-9.83635442305925e-07
-8.36719093894722e-07
-5.80772605824577e-07
-3.28582393359533e-07
-1.51391403181891e-07
-5.67609606724878e-08
-1.73068573504926e-08
-1.29847723478956e-14
-1.35574427462778e-13
-1.17071080180361e-12
-8.37223691840917e-12
-4.96265873732699e-11
-2.4386443363632e-10
-9.92951561633755e-10
-3.34631354917384e-09
-9.31889316740854e-09
-2.14034548152072e-08
-4.04601760218084e-08
-6.28208668980496e-08
-7.99600692733378e-08
-8.32870834537339e-08
-7.08848584819499e-08
-4.92302054812335e-08
-2.78696849487486e-08
-1.28485386055509e-08
-4.82018639764968e-09
-1.47057390278113e-09
-9.04703800092527e-16
-9.42237777616857e-15
-8.11618341608967e-14
-5.79045345666999e-13
-3.42487372503229e-12
-1.67982250852316e-11
-6.82933280078135e-11
-2.29886712968759e-10
-6.39687687866485e-10
-1.46855408039457e-09
-2.77563049591717e-09
-4.30990128216885e-09
-5.48711620077382e-09
-5.71758919176933e-09
-4.86846088382959e-09
-3.3829601031575e-09
-1.91618419507773e-09
-8.83900904767396e-10
-3.31785270720949e-10
-1.01278731664194e-10
-5.11455078107637e-17
-5.31348368619675e-16
-4.56549198307607e-15
-3.2494078378969e-14
-1.91766423905316e-13
-9.38739808193345e-13
-3.81029477102485e-12
-1.2810057575868e-11
-3.5613986856447e-11
-8.17155772545719e-11
-1.544068053271e-10
-2.39754359653625e-10
-3.05294451194296e-10
-3.18216737091934e-10
-2.71068195036278e-10
-1.88446162625396e-10
-1.06793920856186e-10
-4.92876944010598e-11
-1.85105072296275e-11
-5.65330128105441e-12
-2.34586018845791e-18
-2.43108223153537e-17
-2.08364407067897e-16
-1.47939764202062e-15
-8.71101667653095e-15
-4.25565454517432e-14
-1.72442063094202e-13
-5.78967565956554e-13
-1.60805048042807e-12
-3.68729257223011e-12
-6.96502205462743e-12
-1.08139207844684e-11
-1.37714728436042e-11
-1.4357937917839e-11
-1.22348743256125e-11
-8.50921414119158e-12
-4.82444665260283e-12
-2.2276509091543e-12
-8.37022349246937e-13
-2.55757822789656e-13
-8.72885869363954e-20
-9.02379537656756e-19
-7.71487243688937e-18
-5.46418413269751e-17
-3.21000616415875e-16
-1.56495236764472e-15
-6.33006664388796e-15
-2.12227203010313e-14
-5.88822554315478e-14
-1.34920744526151e-13
-2.5474850706501e-13
-3.9545800983971e-13
-5.03631417410486e-13
-5.25176720571104e-13
-4.47652474674716e-13
-3.1145180215553e-13
-1.76656118964536e-13
-8.1605401473262e-14
-3.06763446301473e-14
-9.37755773877089e-15