-1.20401613491705e-05
-7.0770264847565e-05
-0.000348875199770422
-0.00145269497942794
-0.00515321343874828
-0.0157223183528878
-0.0416375242739327
-0.0963680190639919
-0.195358793992662
-0.345739909608037
-0.529925314228026
-0.696098350004423
-0.775250866613331
-0.725054077912097
-0.565013527434817
-0.364642488205767
-0.193995744894965
-0.0847862149693839
-0.0303618141273784
-0.00889062569674482
-2.64756351551036e-05
-0.000153899085486935
-0.000748382502510585
-0.0030642084738041
-0.0106482934556179
-0.0316977264172557
-0.0816105335909185
-0.183231366062738
-0.360360812148701
-0.62024230028528
-0.928421402705998
-1.19675896719657
-1.31387302662225
-1.21590779294703
-0.940328847567879
-0.603557478644485
-0.319853919259272
-0.139404288994065
-0.0498211669042929
-0.0145679730713052
-4.74083794920814e-05
-0.000272766102718424
-0.00130988046734255
-0.00528112490060052
-0.0180078834684274
-0.0523921265207985
-0.13132754133953
-0.286234757286322
-0.545960230590282
-0.912711690803702
-1.33173886817862
-1.6811684271649
-1.8161137524259
-1.66060255871095
-1.27303645808283
-0.811971493177067
-0.428359428062236
-0.186088904364656
-0.0663498249175501
-0.019368123038613
-6.91089801399112e-05
-0.000393864384404095
-0.00186969928793195
-0.00743214601300114
-0.024905120211094
-0.0709379418292765
-0.173387949954274
-0.367234150518334
-0.679399929926347
-1.10215370710947
-1.56491766479356
-1.9308241933164
-2.04846158867432
-1.84767826737135
-1.40233477746972
-0.887980697988762
-0.466019022591139
-0.201688262245651
-0.0717158649413937
-0.0208929364807655
-8.1992998535896e-05
-0.000463191707293312
-0.00217546327635659
-0.0085355673182358
-0.0281483550079486
-0.0786194968996444
-0.187683909978229
-0.386776480143502
-0.694380701857095
-1.09250502282482
-1.50732832448101
-1.81415800682045
-1.88647642439695
-1.67560366267907
-1.25731950860201
-0.789577857407656
-0.411900793860524
-0.177496102368573
-0.0629154700406809
-0.0182869976111359
-7.91566168141034e-05
-0.00044351369346503
-0.00206255131611331
-0.00799581218803303
-0.0259825894340761
-0.0712699713410097
-0.166443994362091
-0.334222983026301
-0.582758964319963
-0.889130121241914
-1.19067291880755
-1.39537156927685
-1.41932494236845
-1.23913306754601
-0.917870908494037
-0.570983244226862
-0.295832089159311
-0.126849339380472
-0.044801389984666
-0.0129876203735834
-6.21700951344873e-05
-0.000345680620604303
-0.00159288652021846
-0.00610679333197828
-0.0195764039266691
-0.0528100760557685
-0.120846718923372
-0.236815249177862
-0.401476199729753
-0.594156552732401
-0.771678939861494
-0.879156815604983
-0.872986141586964
-0.747673844742217
-0.545815450199705
-0.33590714790195
-0.172682478431067
-0.0736264754410803
-0.0258971007611362
-0.00748480686643259
-3.971767089306e-05
-0.000219263617906519
-0.00100175914626311
-0.00380115460486963
-0.012033368686289
-0.0319664748068772
-0.0717845706021614
-0.137500061642764
-0.22694789248105
-0.325990984638874
-0.410475966731027
-0.454015056876044
-0.439268053622387
-0.368321439153901
-0.264516816400946
-0.160819047298444
-0.0819420594189105
-0.0347132228008767
-0.0121528970788461
-0.00350043416574301
-2.06359669570476e-05
-0.000113160125865069
-0.000512891814249578
-0.00192761388754845
-0.00603186815438496
-0.0157978703124711
-0.0348639302122278
-0.0653781904849079
-0.105212768393154
-0.146824355712291
-0.179242179225429
-0.192283170816799
-0.180948553240841
-0.148237923991197
-0.104531782893574
-0.0626843946387959
-0.0316189233241429
-0.0132970359857514
-0.00463054029642979
-0.00132857969513922
-8.71848644839625e-06
-4.75089525491905e-05
-0.000213731964040123
-0.000796147469837656
-0.00246464321229429
-0.00637102448820106
-0.0138359303647442
-0.0254400795643896
-0.0399798669063765
-0.0542681172867475
-0.0642583859477421
-0.0668160294951373
-0.0610638568508892
-0.0487781067040535
-0.0337057851502021
-0.0199019130640627
-0.00992471174059747
-0.00413918329835303
-0.00143275842798552
-0.000409279760912325
-2.99483942955717e-06
-1.62233007714335e-05
-7.24771972295881e-05
-0.000267741883453432
-0.000820614480092507
-0.00209570049362054
-0.00448419523911529
-0.00809629563427823
-0.0124446722532485
-0.0164538204677138
-0.0189117331586568
-0.0190563670375002
-0.0168926897553581
-0.0131326078600988
-0.00887405699410888
-0.00514971494238513
-0.00253509235941262
-0.0010473565180749
-0.000360067355117611
-0.000102346278484125
-8.36309173878848e-07
-4.50522773746236e-06
-1.99956924530844e-05
-7.32959835754864e-05
-0.000222570679555203
-0.00056205625410394
-0.00118626512737053
-0.00210608381339745
-0.00317121954637485
-0.0040902453042822
-0.00456836098248763
-0.00446183001907237
-0.00383308832450576
-0.0028951164467944
-0.00190908755991583
-0.00108666211893868
-0.000527201852712964
-0.000215494550675455
-7.35122368751115e-05
-2.07781093077687e-05
-1.89831762126145e-07
-1.0172896809541e-06
-4.48741495422635e-06
-1.6330007598017e-05
-4.91602803843252e-05
-0.000122856858957167
-0.000256033068524178
-0.000447548915320674
-0.000661152780799013
-0.000833204944587071
-0.000905480004540481
-0.000857687958516004
-0.000713739086001052
-0.000522983637464497
-0.000335859049121937
-0.000187123668608416
-8.93098494008285e-05
-3.60666630298957e-05
-1.21959062092547e-05
-3.42529266377104e-06
-3.50211220861967e-08
-1.86751159463342e-07
-8.19045201635349e-07
-2.96035793314178e-06
-8.84023041631572e-06
-2.18797047289115e-05
-4.50651793054589e-05
-7.76518187818732e-05
-0.000112706341486846
-0.000139000817250267
-0.000147198291870941
-0.000135348748872244
-0.000109098777586885
-7.74659489973374e-05
-4.83577867000486e-05
-2.63155997451042e-05
-1.23317426609151e-05
-4.91243151461923e-06
-1.644677509532e-06
-4.58602913273482e-07
-5.25052941032729e-09
-2.78686803498509e-08
-1.21563495051593e-07
-4.36585911797632e-07
-1.29392896256518e-06
-3.17374720213827e-06
-6.46616601494919e-06
-1.09950359049472e-05
-1.57005510460473e-05
-1.89793714382784e-05
-1.96160860888075e-05
-1.7530383068509e-05
-1.36922492816401e-05
-9.41432880621431e-06
-5.70298359377165e-06
-3.02481481995722e-06
-1.3888249058617e-06
-5.44791586725954e-07
-1.80350077983124e-07
-4.98803621374581e-08
-6.39650331557861e-10
-3.3802619168526e-09
-1.46695889220668e-08
-5.2370246465738e-08
-1.54119587833213e-07
-3.74860540789409e-07
-7.56062885991056e-07
-1.2699299826058e-06
-1.78633927496739e-06
-2.11973439221464e-06
-2.14171894987847e-06
-1.86289899190608e-06
-1.41097824729639e-06
-9.39132022666339e-07
-5.51310677971791e-07
-2.84414590012499e-07
-1.27671735024941e-07
-4.92222902260467e-08
-1.60880482651371e-08
-4.40860428386257e-09
-6.33147625434401e-11
-3.33206890050261e-10
-1.43910134948117e-09
-5.10876083254692e-09
-1.49353609118035e-08
-3.60430156842228e-08
-7.20164952878523e-08
-1.19597179429234e-07
-1.65910165485149e-07
-1.93534556789299e-07
-1.91466464171113e-07
-1.62349393993536e-07
-1.19372440810573e-07
-7.69240870403327e-08
-4.37170101693788e-08
-2.18950019503109e-08
-9.58783583652819e-09
-3.62558652103256e-09
-1.16802792378497e-09
-3.16736475513596e-10
-5.09152613291691e-12
-2.66905914340081e-11
-1.1475343018087e-10
-4.05222405235514e-10
-1.17733488894966e-09
-2.82047628236609e-09
-5.58648003211202e-09
-9.18025263376288e-09
-1.25728884530601e-08
-1.4436625019076e-08
-1.40067182950263e-08
-1.15969349737196e-08
-8.28914542443481e-09
-5.17446118110899e-09
-2.84524120087425e-09
-1.38115862467666e-09
-5.88710627679414e-10
-2.17871740081316e-10
-6.90572065437892e-11
-1.85051189161036e-11
-3.32606540635742e-13
-1.73714406544819e-12
-7.43679217788272e-12
-2.61308063787355e-11
-7.54799943205838e-11
-1.79587875131785e-10
-3.52822354153025e-10
-5.74154328142647e-10
-7.77067059864e-10
-8.79363771924404e-10
-8.3796910791234e-10
-6.78595234319651e-10
-4.7224276946031e-10
-2.85844383938996e-10
-1.5205361797607e-10
-7.14480908076681e-11
-2.9582132545988e-11
-1.06901325752028e-11
-3.32696204091062e-12
-8.7959317055449e-13
-1.76487443452401e-14
-9.18547046153228e-14
-3.91650285091222e-13
-1.36971897855042e-12
-3.93492954498678e-12
-9.30238916920419e-12
-1.81373488392271e-11
-2.92484406415571e-11
-3.91531150630247e-11
-4.37167019600606e-11
-4.09740550737706e-11
-3.25075209109917e-11
-2.20624440983929e-11
-1.29651790705372e-11
-6.67431228670097e-12
-3.03312451943576e-12
-1.21757676188297e-12
-4.2865378962464e-13
-1.30702063764052e-13
-3.40328661565984e-14