-2.20655576848832e-05
-0.000120603658451572
-0.000554106684199528
-0.00215623910897524
-0.00717320752584212
-0.0206200723673062
-0.0517737268398489
-0.114507795790632
-0.223823001883358
-0.385360289140951
-0.579106123900812
-0.750355924083823
-0.827873763350189
-0.769270697871356
-0.596736424748577
-0.383837194356443
-0.203697707736841
-0.0888537124468639
-0.0317689470669171
-0.00929078946852152
-4.99679609397521e-05
-0.000270086575857915
-0.00122384334120178
-0.00468085065468574
-0.0152410128154923
-0.0426801269492352
-0.103931690621855
-0.222262205861983
-0.419890333231745
-0.700454786249277
-1.02466948203234
-1.2995899306519
-1.41087442904222
-1.29560220423807
-0.996515547925804
-0.637104727911277
-0.336638994997177
-0.146386499539151
-0.0522218954538505
-0.0152473814111411
-9.21361840042043e-05
-0.000492933550733673
-0.00220548953757022
-0.0083033105265658
-0.02651006597325
-0.0724660481825431
-0.171455122826341
-0.354916297464613
-0.647955239156323
-1.04590689974985
-1.48624984967824
-1.8408697136895
-1.96237473827838
-1.77786577299516
-1.35413599032034
-0.859685172519067
-0.451966152125507
-0.195824639209835
-0.0696749979915931
-0.0203041880696523
-0.00013829881049806
-0.000732923908392857
-0.00324124962704302
-0.0120277559318806
-0.0377173218304303
-0.100836072606888
-0.23225095875765
-0.466017246936123
-0.822492919894906
-1.28351806272054
-1.76841971464458
-2.13417666650786
-2.22899050542081
-1.98864239063681
-1.49779017043348
-0.943233133720482
-0.493018411852906
-0.212718097295958
-0.075455523026245
-0.0219396414225081
-0.000168950576462507
-0.000887522853801377
-0.00388294507457908
-0.0142190993557468
-0.0438611881373044
-0.114893155468085
-0.258107786930191
-0.502840155197238
-0.858670964004831
-1.29493536509926
-1.72722909824317
-2.0265474465538
-2.06900734281946
-1.81415154925315
-1.34899977931236
-0.841699530529361
-0.437022834521482
-0.187652110520918
-0.0663312496342079
-0.0192370645648772
-0.000167946075497698
-0.000875051822619733
-0.00379044517875527
-0.0137118076527068
-0.0416623005167132
-0.107108317784004
-0.235134585886907
-0.445563374336513
-0.737039679871022
-1.0742543999101
-1.38560182163897
-1.57737765783817
-1.5706015456734
-1.35055472390695
-0.989776204897268
-0.611061078937118
-0.314857649595932
-0.134452198446868
-0.0473359009199701
-0.0136877412732846
-0.000135823549187879
-0.000702295582609072
-0.00301411388889064
-0.0107810755373546
-0.0323055491810545
-0.0816371959202036
-0.175449284985076
-0.323979377706755
-0.519908365890743
-0.732797013261584
-0.913389456203908
-1.00714530013803
-0.975807965607384
-0.821048081769219
-0.591903419162165
-0.361043042339585
-0.184415882476509
-0.0782555672358272
-0.0274252470498392
-0.00790376235119961
-8.93531031808276e-05
-0.000458720923483767
-0.00195185423349778
-0.00690888519399166
-0.0204390102319488
-0.050839900776009
-0.107145351288652
-0.193161353728413
-0.301223089830709
-0.410970043965869
-0.494933677614153
-0.527870692212213
-0.496607905892703
-0.407915294998873
-0.28867683574688
-0.173686634127039
-0.0878381220840129
-0.0370065485009655
-0.0129018215939946
-0.00370406203370736
-4.78095418360696e-05
-0.0002438035675364
-0.00102907175542765
-0.00360733432806148
-0.010546189853809
-0.0258534363764835
-0.0535145319857067
-0.0943594715130825
-0.14324946477432
-0.189430980465544
-0.220488327461027
-0.22724993131396
-0.207190926690161
-0.165756356136041
-0.114898269345984
-0.0680651250355961
-0.0340345223601195
-0.0142219386361618
-0.0049289874192162
-0.00140898645507794
-2.08035003067961e-05
-0.000105420006415526
-0.000441630112515353
-0.00153415176000658
-0.00443620054885281
-0.010730034342901
-0.0218454887730567
-0.0377389537088411
-0.0558773819674607
-0.0717317003581972
-0.0807552506525557
-0.0803947505425769
-0.0709215448939098
-0.0551368782214841
-0.0373493054756939
-0.0217412889747641
-0.010732152879892
-0.00444300641673019
-0.00152950308979007
-0.000435082174751738
-7.36081912454115e-06
-3.70794067600817e-05
-0.000154241230247222
-0.000531298895752612
-0.00152073298706529
-0.0036328701995778
-0.00728422947856757
-0.0123488201582778
-0.0178649490919147
-0.0223021865071336
-0.0243123436055666
-0.0233796842140487
-0.0199318521129741
-0.0150268345875668
-0.00992377617427379
-0.00566415676060428
-0.0027554572144021
-0.00112869583547248
-0.000385589272464183
-0.000109077345244642
-2.11757344737773e-06
-1.06074278600233e-05
-4.38322010487121e-05
-0.000149794261287035
-0.00042470162297445
-0.00100295836185261
-0.00198290466745473
-0.00330372457079387
-0.00467815276348033
-0.00568960290070267
-0.00601463128326681
-0.00558984357415286
-0.00460196271128861
-0.00335832433268128
-0.00215714776990018
-0.00120447358624101
-0.000576344810965558
-0.000233253706115078
-7.89943394719383e-05
-2.22061013208366e-05
-4.95257612807538e-07
-2.46774548557526e-06
-1.01336544694274e-05
-3.43751063708313e-05
-9.66008817831003e-05
-0.000225703069434786
-0.000440457235855145
-0.000722200554988064
-0.00100264236370843
-0.00119018608481944
-0.00122211831759044
-0.00109873809373508
-0.000873303676723453
-0.000615974264384328
-0.000383964284533012
-0.000209232149895626
-9.82722380237378e-05
-3.92311215699445e-05
-1.3155253376227e-05
-3.67176603647292e-06
-9.41595566257701e-08
-4.66823622298441e-07
-1.90569599540277e-06
-6.41949437498976e-06
-1.78909544600224e-05
-4.13873230747353e-05
-7.97990135488378e-05
-0.000128926499670901
-0.000175761080254424
-0.000204003020534783
-0.000203839677168123
-0.000177512264107799
-0.000136250988680566
-9.27903977159281e-05
-5.60161549657345e-05
-2.97177739730431e-05
-1.36695426014259e-05
-5.37297304096609e-06
-1.78153669027125e-06
-4.93230677105563e-07
-1.45512561397928e-08
-7.17992398523124e-08
-2.91470994794938e-07
-9.75411356254602e-07
-2.69736914039968e-06
-6.18216427702823e-06
-1.17871830032107e-05
-1.87859494628339e-05
-2.51841877937873e-05
-2.86310898217414e-05
-2.78901923311312e-05
-2.35634292839377e-05
-1.74786948151755e-05
-1.14869004379309e-05
-6.70408089421667e-06
-3.45439493160174e-06
-1.55240076807684e-06
-5.99579744095098e-07
-1.96277448366213e-07
-5.38424395528002e-08
-1.82769338685978e-09
-8.97752187298372e-09
-3.62522324377792e-08
-1.20568338019479e-07
-3.30985962815427e-07
-7.52033839434657e-07
-1.41900762505e-06
-2.23319750179255e-06
-2.94784672533751e-06
-3.28789243451436e-06
-3.12822526108607e-06
-2.56863547043325e-06
-1.84345282946358e-06
-1.16909139441822e-06
-6.58765573636877e-07
-3.28942202247254e-07
-1.44067988003338e-07
-5.45546764246458e-08
-1.7601314609697e-08
-4.77803004465191e-09
-1.86568479327449e-10
-9.12472878559361e-10
-3.66622205100798e-09
-1.2121896048835e-08
-3.3048848745647e-08
-7.44815570722371e-08
-1.39180921060385e-07
-2.16490709965654e-07
-2.81719497910648e-07
-3.08736774097799e-07
-2.87419957327892e-07
-2.29801896709936e-07
-1.59804124735229e-07
-9.78459070926798e-08
-5.31865075196198e-08
-2.56851205480478e-08
-1.09360853631417e-08
-4.0505430413983e-09
-1.28550159969054e-09
-3.44824912355432e-10
-1.54764622281274e-11
-7.53823130493352e-11
-3.01437429921362e-10
-9.91145271312328e-10
-2.68474011284264e-09
-6.00446942469124e-09
-1.11190021675984e-08
-1.7108092991263e-08
-2.19708655733142e-08
-2.36908142312702e-08
-2.16171770033094e-08
-1.68614564618113e-08
-1.13811544467547e-08
-6.73440408849404e-09
-3.5301805396868e-09
-1.64611870585421e-09
-6.7971252024144e-10
-2.45625157954558e-10
-7.65146596319514e-11
-2.02479020248009e-11
-1.04320802226337e-12
-5.06134182990139e-12
-2.01475520640015e-11
-6.58984101229276e-11
-1.77408478335332e-10
-3.93933522421746e-10
-7.2331100139353e-10
-1.10169498844702e-09
-1.39764775888834e-09
-1.48470902564662e-09
-1.32997815588416e-09
-1.01394328759343e-09
-6.65549046068822e-10
-3.81104136199523e-10
-1.92699583301728e-10
-8.66606219704968e-11
-3.4626154522238e-11
-1.21766639669359e-11
-3.71443919783058e-12
-9.67905367846455e-13
-5.7135232939238e-14
-2.76166279977752e-13
-1.0945825576644e-12
-3.56227991009189e-12
-9.53464375301265e-12
-2.10285037773566e-11
-3.83044494400464e-11
-5.77935382042568e-11
-7.24916753651289e-11
-7.59522945156766e-11
-6.68911296014664e-11
-4.99334454306789e-11
-3.19360394700725e-11
-1.7726420442945e-11
-8.65215817961483e-12
-3.75030849021651e-12
-1.44722809830056e-12
-4.93998976913342e-13
-1.47194576894969e-13
-3.76907413928559e-14