-1.60823851249857e-05
-9.1775069007364e-05
-0.000439350878637014
-0.00177742471277702
-0.00613112676697141
-0.0182158646539853
-0.0470829139442936
-0.106686097189705
-0.212536979283089
-0.371085117892192
-0.563111792804796
-0.734410006969919
-0.813775858206898
-0.758329550584213
-0.589383376948062
-0.379616069412979
-0.201652083946466
-0.0880246014707863
-0.0314898687692407
-0.00921318507467327
-3.62092855513244e-05
-0.000204089259277294
-0.000962551633787158
-0.00382402888248616
-0.0129034221122831
-0.0373431831099869
-0.0936571180279945
-0.205419766279176
-0.396103108125307
-0.671133953322639
-0.992760773187494
-1.26872515815423
-1.38435781776639
-1.27553235755674
-0.983302369716978
-0.629641974606805
-0.333067868251963
-0.144953204422466
-0.0517431275454755
-0.0151150518010356
-6.64574922155499e-05
-0.00037028313099653
-0.00172239233452992
-0.00672906338386726
-0.0222484393955766
-0.0628308758741428
-0.15313443593102
-0.32535607031041
-0.607032037217899
-0.99668049908113
-1.43416781157137
-1.79198530466847
-1.92159371392883
-1.74780275042587
-1.3347759081578
-0.84894200121146
-0.446895597611713
-0.193811154528655
-0.0690079963695222
-0.0201210340871646
-9.94026757298399e-05
-0.000547898431971754
-0.00251602617082444
-0.00967850101266522
-0.031404003179357
-0.0866918651251932
-0.205665129560208
-0.423746726945697
-0.765051883354546
-1.21599238122145
-1.69888461527155
-2.07081941402127
-2.17769066008462
-1.95185188381401
-1.47464905357183
-0.930634584411402
-0.487160659932589
-0.210418936572002
-0.0747007426288684
-0.0217338483263455
-0.00012113554695887
-0.00066095653640281
-0.00299902925093454
-0.0113718655932115
-0.0362621616503622
-0.0980134009632321
-0.226719325222376
-0.45360953575079
-0.792918627855526
-1.21928685062077
-1.65131399264264
-1.95935439879949
-2.01621159160323
-1.77735175480357
-1.32642322264929
-0.829658429976289
-0.43151476319163
-0.185517449389186
-0.0656373374235244
-0.0190493172003913
-0.000120244263237886
-0.00064986469435203
-0.00291580889978131
-0.0109094942220711
-0.034231685511477
-0.0907346089826017
-0.204991061166209
-0.398880803757732
-0.675684052451587
-1.00507146573092
-1.31785231933869
-1.51907372477993
-1.52614088763862
-1.32045713172391
-0.971789841152168
-0.601677226176392
-0.31064027811132
-0.132840180286095
-0.046817474416458
-0.0135486413747761
-9.7204053694263e-05
-0.000520635068777272
-0.00231152796753518
-0.00854143080856308
-0.0264033747027858
-0.0687293305687613
-0.15190822659698
-0.287949502552165
-0.473255250528754
-0.681170629343812
-0.863985084837832
-0.965762103820991
-0.945168925427966
-0.800913754619942
-0.580196339088262
-0.355077044797983
-0.181785307009533
-0.0772650819948484
-0.0271104082555774
-0.00782005191501411
-6.39802665037374e-05
-0.000339779885721195
-0.00149370554891698
-0.00545549725062977
-0.0166311732642614
-0.0425713724338547
-0.0921974716875274
-0.170533754070648
-0.272327563406976
-0.379548306128484
-0.465508308530937
-0.50385037181679
-0.479330281479639
-0.396895581500932
-0.282448591536014
-0.170590703717106
-0.0865008183959727
-0.0365111758313453
-0.0127463542550154
-0.00366313298943191
-3.42822096048853e-05
-0.000180599721632783
-0.000786561722807175
-0.00284156557225386
-0.00855099094660062
-0.0215500079612885
-0.0457987939033982
-0.0827990723747097
-0.128676180485837
-0.173839267595494
-0.206180094592751
-0.215852345411307
-0.199219240800797
-0.160821182444884
-0.112188918022108
-0.0667531612172972
-0.0334801619684378
-0.0140201931361413
-0.00486654438159502
-0.00139272375962569
-1.4951202014296e-05
-7.81626913220213e-05
-0.000337433933321029
-0.00120658242322786
-0.00358721247141373
-0.00891048003120968
-0.0186084328632211
-0.0329353469084471
-0.0498942751690753
-0.0654266013203918
-0.0750776160857111
-0.0759754016299371
-0.06791280186966
-0.0533281867132027
-0.0363852749021847
-0.0212870517866006
-0.0105446726617578
-0.00437607076113501
-0.00150909605530792
-0.000429829466246065
-5.30633508126203e-06
-2.75396279106642e-05
-0.000117903617334913
-0.000417542438508538
-0.00122737798000161
-0.00300793395015529
-0.00618056938947345
-0.0107257628911186
-0.0158659330744182
-0.0202250498099757
-0.0224746215649559
-0.021979984769329
-0.0190031659513779
-0.0144844008497261
-0.00964313454121605
-0.00553560845280295
-0.00270370370308793
-0.00111059502675194
-0.000380160556557431
-0.000107697797179335
-1.53233573920703e-06
-7.89787476153519e-06
-3.35466350711672e-05
-0.000117724523273564
-0.000342395242492451
-0.000828622433573996
-0.00167714750939421
-0.0028578708977596
-0.00413475840352386
-0.00513233259710751
-0.0055296290204961
-0.00522788757710838
-0.0043676172383227
-0.00322521763107615
-0.00209029461864659
-0.00117472651437092
-0.0005646777298825
-0.000229262180838467
-7.78183078055952e-05
-2.19113887013419e-05
-3.59986049669776e-07
-1.84322007004494e-06
-7.7707143057906e-06
-2.70360198159738e-05
-7.78511361126083e-05
-0.000186204412796293
-0.000371635878465829
-0.000622643690039359
-0.000882492565119763
-0.0010684669087749
-0.00111779313695888
-0.00102234862513014
-0.000824977376687728
-0.000589254106938026
-0.000370931627111408
-0.000203601480118028
-9.61232658581255e-05
-3.85129973784433e-05
-1.29476945383617e-05
-3.62053563688547e-06
-6.87897533645666e-08
-3.50012269868806e-07
-1.46512465574163e-06
-5.05617453705522e-06
-1.44231479237403e-05
-3.41197600866933e-05
-6.72147152277562e-05
-0.000110858682532733
-0.000154156319216762
-0.000182364838900306
-0.000185556293341004
-0.000164360523110005
-0.000128110081608357
-8.84036015524397e-05
-5.3937043763556e-05
-2.88457574883358e-05
-1.33459946001523e-05
-5.26750982702087e-06
-1.75167803349411e-06
-4.85981378900527e-07
-1.06906457775104e-08
-5.40699137228494e-08
-2.24804805579549e-07
-7.6984805602918e-07
-2.17666703851626e-06
-5.09629940075505e-06
-9.91799959398276e-06
-1.61213176843803e-05
-2.20254572282127e-05
-2.55011303398552e-05
-2.52804469734546e-05
-2.17170253051817e-05
-1.63588952033595e-05
-1.08980796561798e-05
-6.43268123948029e-06
-3.34388233060867e-06
-1.51256641278324e-06
-5.86930603934138e-07
-1.9277460020193e-07
-5.30070508291564e-08
-1.35102627747802e-09
-6.79397904664019e-09
-2.80655430572756e-08
-9.54107316235565e-08
-2.67514629858649e-07
-6.20294644202349e-07
-1.19350400661388e-06
-1.91388743006872e-06
-2.57240854016756e-06
-2.91958472171013e-06
-2.82492167592337e-06
-2.35733799908123e-06
-1.71773400013597e-06
-1.10449853127887e-06
-6.29782469177535e-07
-3.17480335852373e-07
-1.40056253098633e-07
-5.33150567959535e-08
-1.72660288236035e-08
-4.69959624966989e-09
-1.38816988816477e-10
-6.94258261598761e-10
-2.85036856713839e-09
-9.62296909875691e-09
-2.67682680582053e-08
-6.15043813518693e-08
-1.17085695351519e-07
-1.85403372229166e-07
-2.4544845261536e-07
-2.73487955944656e-07
-2.58727353511694e-07
-2.10099160378399e-07
-1.48288975265093e-07
-9.20572607970428e-08
-5.06550514405635e-08
-2.47122636922607e-08
-1.0605507876465e-08
-3.95123668329019e-09
-1.25930324128978e-09
-3.3882218973647e-10
-1.15952847173701e-11
-5.76873706760394e-11
-2.35458465933544e-10
-7.8968771015083e-10
-2.18026816098097e-09
-4.96659034153797e-09
-9.36085980707267e-09
-1.46493921467139e-08
-1.91230184605998e-08
-2.09476227414359e-08
-1.94083512592276e-08
-1.53649621545969e-08
-1.05210115566716e-08
-6.31078203236375e-09
-3.34940240839625e-09
-1.57854975194826e-09
-6.57420212204616e-10
-2.39119383567081e-10
-7.48427336817519e-11
-1.98732389942627e-11
-7.87268539797442e-13
-3.8970860658895e-12
-1.58176617472911e-11
-5.27175063148139e-11
-1.44517909549845e-10
-3.26544112407292e-10
-6.09707955009093e-10
-9.43738143672835e-10
-1.21594862123784e-09
-1.31114110525652e-09
-1.19163798557244e-09
-9.21387675148992e-10
-6.13172828866482e-10
-3.55799216522662e-10
-1.82148138846483e-10
-8.28211743120551e-11
-3.33958519132283e-11
-1.18280067196632e-11
-3.62725178534464e-12
-9.48824263660582e-13
-4.34421663978066e-14
-2.14011795867213e-13
-8.64005921305961e-13
-2.86239802275399e-12
-7.7940966633768e-12
-1.74763391248842e-11
-3.23440142809709e-11
-4.95513161687597e-11
-6.30723879350921e-11
-6.70250905652523e-11
-5.98436114878127e-11
-4.52734699816613e-11
-2.93370732095265e-11
-1.64931054399978e-11
-8.14901040166527e-12
-3.57186492308435e-12
-1.39165838904582e-12
-4.78709682774075e-13
-1.43477695804117e-13
-3.68973998356351e-14