0 1351
0.01 1333
0.02 1309
0.03 1282
0.04 1238
0.05 1212
0.06 1224
0.07 1210
0.08 1159
0.09 1141
0.1 1122
0.11 1059
0.12 1054
0.13 1047
0.14 1045
0.15 1015
0.16 1026
0.17 976
0.18 957
0.19 965
0.2 955
0.21 934
0.22 900
0.23 879
0.24 871
0.25 875
0.26 865
0.27 842
0.28 833
0.29 821
0.3 791
0.31 771
0.32 736
0.33 716
0.34 709
0.35 709
0.36 709
0.37 687
0.38 673
0.39 661
0.4 603
0.41 613
0.42 605
0.43 587
0.44 594
0.45 568
0.46 548
0.47 543
0.48 531
0.49 540
0.5 527
0.51 537
0.52 500
0.53 476
0.54 459
0.55 437
0.56 452
0.57 445
0.58 434
0.59 400
0.6 415
0.61 389
0.62 379
0.63 399
0.64 394
0.65 368
0.66 372
0.67 375
0.68 382
0.69 375
0.7 358
0.71 350
0.72 345
0.73 323
0.74 323
0.75 310
0.76 315
0.77 312
0.78 310
0.79 315
0.8 283
0.81 288
0.82 260
0.83 288
0.84 260
0.85 269
0.86 238
0.87 236
0.88 250
0.89 226
0.9 211
0.91 237
0.92 210
0.93 207
0.94 221
0.95 204
0.96 216
0.97 211
0.98 200
0.99 195
1 181
