1 1 3 A
1 1 5 A
1 1 6 A
1 1 8 A
1 2 6 A
1 3 2 A
1 3 5 A
1 3 6 A
1 3 10 A
1 4 3 A
1 4 4 A
1 4 5 A
1 4 7 A
1 4 10 A
1 5 1 A
1 5 2 A
1 5 8 A
1 6 1 A
1 6 4 A
1 6 8 A
1 7 2 A
1 7 5 A
1 7 7 A
1 7 8 A
1 7 10 A
1 8 2 A
1 8 7 A
1 8 9 A
1 8 10 A
1 9 1 A
1 9 4 A
1 9 6 A
1 9 7 A
1 9 8 A
1 9 10 A
1 10 6 A
1 10 7 A
1 10 8 A
1 10 9 A
1 10 10 A
2 1 1 A
2 1 3 A
2 2 2 A
2 2 3 A
2 3 2 A
2 3 5 A
2 3 6 A
2 4 1 A
2 4 6 A
2 4 9 A
2 4 10 A
2 5 3 A
2 5 6 A
2 5 7 A
2 5 8 A
2 5 9 A
2 6 1 A
2 7 2 A
2 7 3 A
2 7 4 A
2 7 9 A
2 8 1 A
2 8 3 A
2 8 5 A
2 8 7 A
2 8 8 A
2 9 1 A
2 9 2 A
2 9 4 A
2 10 3 A
2 10 4 A
2 10 5 A
2 10 7 A
2 10 8 A
2 10 10 A
3 1 2 A
3 1 3 A
3 1 7 A
3 2 1 A
3 2 2 A
3 2 9 A
3 2 10 A
3 3 1 A
3 3 4 A
3 4 3 A
3 4 4 A
3 4 7 A
3 4 8 A
3 5 3 A
3 5 5 A
3 5 9 A
3 6 1 A
3 6 4 A
3 6 6 A
3 6 7 A
3 6 10 A
3 7 4 A
3 7 6 A
3 8 1 A
3 8 2 A
3 8 3 A
3 8 4 A
3 8 8 A
3 8 9 A
3 9 4 A
3 9 5 A
3 9 7 A
3 9 8 A
3 9 10 A
3 10 5 A
3 10 6 A
3 10 8 A
3 10 10 A
4 1 1 A
4 1 9 A
4 2 5 A
4 2 6 A
4 2 7 A
4 2 9 A
4 3 2 A
4 3 4 A
4 3 6 A
4 3 7 A
4 3 8 A
4 4 5 A
4 4 6 A
4 4 7 A
4 4 9 A
4 4 10 A
4 5 1 A
4 5 2 A
4 5 3 A
4 5 4 A
4 5 5 A
4 5 6 A
4 5 7 A
4 5 8 A
4 6 4 A
4 7 4 A
4 7 7 A
4 7 9 A
4 7 10 A
4 8 1 A
4 9 1 A
4 9 2 A
4 9 4 A
4 9 5 A
4 9 6 A
4 9 7 A
4 9 8 A
4 9 9 A
4 10 1 A
4 10 5 A
4 10 7 A
4 10 9 A
4 10 10 A
5 1 9 A
5 2 6 A
5 2 9 A
5 3 3 A
5 3 7 A
5 3 8 A
5 3 9 A
5 3 10 A
5 4 9 A
5 5 3 A
5 5 4 A
5 5 5 A
5 5 6 A
5 6 1 A
5 6 3 A
5 6 5 A
5 6 6 A
5 6 8 A
5 6 9 A
5 7 5 A
5 7 6 A
5 7 7 A
5 7 8 A
5 8 2 A
5 8 3 A
5 8 6 A
5 8 7 A
5 8 10 A
5 9 2 A
5 9 3 A
5 9 6 A
5 9 9 A
5 9 10 A
5 10 3 A
5 10 6 A
5 10 7 A
5 10 8 A
6 1 5 A
6 1 7 A
6 2 5 A
6 2 8 A
6 2 9 A
6 3 4 A
6 3 5 A
6 3 6 A
6 3 9 A
6 4 1 A
6 4 5 A
6 4 7 A
6 4 10 A
6 5 2 A
6 5 7 A
6 5 8 A
6 5 9 A
6 6 2 A
6 6 4 A
6 6 5 A
6 6 6 A
6 6 8 A
6 6 10 A
6 7 1 A
6 7 5 A
6 7 6 A
6 7 8 A
6 8 4 A
6 8 10 A
6 9 1 A
6 9 5 A
6 9 7 A
6 9 8 A
6 10 7 A
6 10 10 A
7 1 2 A
7 1 5 A
7 1 6 A
7 1 7 A
7 1 9 A
7 2 3 A
7 2 4 A
7 2 5 A
7 2 7 A
7 2 8 A
7 3 7 A
7 4 6 A
7 5 1 A
7 5 3 A
7 5 4 A
7 5 7 A
7 6 4 A
7 6 5 A
7 6 10 A
7 7 1 A
7 7 3 A
7 7 6 A
7 7 7 A
7 7 8 A
7 7 9 A
7 8 3 A
7 8 4 A
7 8 6 A
7 8 10 A
7 9 1 A
7 9 5 A
7 9 6 A
7 9 8 A
7 9 9 A
7 10 2 A
7 10 3 A
7 10 4 A
7 10 10 A
8 1 2 A
8 1 9 A
8 2 1 A
8 2 4 A
8 2 5 A
8 2 6 A
8 2 7 A
8 3 2 A
8 3 6 A
8 3 8 A
8 3 9 A
8 3 10 A
8 4 2 A
8 4 7 A
8 4 10 A
8 5 2 A
8 5 6 A
8 5 8 A
8 5 9 A
8 6 2 A
8 6 3 A
8 6 4 A
8 6 5 A
8 6 7 A
8 7 1 A
8 7 2 A
8 7 5 A
8 7 6 A
8 7 7 A
8 8 1 A
8 8 2 A
8 8 3 A
8 8 4 A
8 8 6 A
8 8 10 A
8 9 3 A
8 9 4 A
8 9 5 A
8 9 6 A
8 9 7 A
8 10 1 A
8 10 6 A
8 10 7 A
9 1 3 A
9 1 4 A
9 1 9 A
9 2 1 A
9 2 8 A
9 3 2 A
9 3 4 A
9 3 10 A
9 4 8 A
9 4 9 A
9 5 1 A
9 5 4 A
9 5 5 A
9 5 8 A
9 6 1 A
9 6 2 A
9 6 6 A
9 6 7 A
9 7 2 A
9 7 4 A
9 7 8 A
9 7 10 A
9 8 9 A
9 8 10 A
9 9 2 A
9 9 4 A
9 9 5 A
9 10 2 A
9 10 5 A
9 10 10 A
10 1 3 A
10 1 10 A
10 2 3 A
10 2 5 A
10 2 6 A
10 2 8 A
10 3 4 A
10 3 6 A
10 3 7 A
10 3 9 A
10 3 10 A
10 5 4 A
10 5 6 A
10 6 2 A
10 6 4 A
10 6 5 A
10 6 6 A
10 6 9 A
10 7 1 A
10 7 3 A
10 7 4 A
10 8 2 A
10 8 4 A
10 8 5 A
10 8 6 A
10 8 10 A
10 9 5 A
10 9 7 A
10 9 10 A
10 10 4 A
10 10 5 A
10 10 8 A
