0 1363
0.01 1337
0.02 1341
0.03 1296
0.04 1204
0.05 1190
0.06 1133
0.07 1124
0.08 1112
0.09 1088
0.1 1060
0.11 1043
0.12 999
0.13 1015
0.14 1011
0.15 970
0.16 946
0.17 919
0.18 922
0.19 886
0.2 891
0.21 895
0.22 894
0.23 886
0.24 850
0.25 822
0.26 809
0.27 815
0.28 783
0.29 766
0.3 726
0.31 725
0.32 686
0.33 696
0.34 674
0.35 642
0.36 650
0.37 665
0.38 649
0.39 640
0.4 627
0.41 615
0.42 601
0.43 604
0.44 561
0.45 572
0.46 551
0.47 531
0.48 533
0.49 497
0.5 506
0.51 483
0.52 468
0.53 466
0.54 448
0.55 442
0.56 439
0.57 421
0.58 417
0.59 417
0.6 413
0.61 392
0.62 393
0.63 364
0.64 353
0.65 343
0.66 322
0.67 361
0.68 328
0.69 336
0.7 316
0.71 325
0.72 302
0.73 310
0.74 300
0.75 313
0.76 288
0.77 283
0.78 269
0.79 263
0.8 274
0.81 266
0.82 266
0.83 259
0.84 268
0.85 260
0.86 242
0.87 240
0.88 239
0.89 237
0.9 241
0.91 231
0.92 209
0.93 214
0.94 199
0.95 205
0.96 194
0.97 210
0.98 204
0.99 192
1 219
