0 75
0.01 75
0.02 75
0.03 75
0.04 75
0.05 75
0.06 75
0.07 75
0.08 75
0.09 75
0.1 75
0.11 75
0.12 73
0.13 73
0.14 73
0.15 73
0.16 73
0.17 73
0.18 73
0.19 73
0.2 73
0.21 73
0.22 73
0.23 73
0.24 73
0.25 73
0.26 73
0.27 73
0.28 71
0.29 71
0.3 71
0.31 71
0.32 71
0.33 71
0.34 71
0.35 71
0.36 69
0.37 69
0.38 69
0.39 69
0.4 69
0.41 69
0.42 67
0.43 67
0.44 67
0.45 65
0.46 65
0.47 65
0.48 65
0.49 65
0.5 65
0.51 65
0.52 65
0.53 65
0.54 65
0.55 65
0.56 65
0.57 65
0.58 65
0.59 65
0.6 65
0.61 65
0.62 65
0.63 65
0.64 65
0.65 65
0.66 65
0.67 65
0.68 65
0.69 65
0.7 65
0.71 65
0.72 65
0.73 65
0.74 65
0.75 65
0.76 65
0.77 65
0.78 65
0.79 65
0.8 65
0.81 65
0.82 65
0.83 63
0.84 63
0.85 63
0.86 63
0.87 63
0.88 61
0.89 61
0.9 61
0.91 61
0.92 61
0.93 61
0.94 61
0.95 61
0.96 61
0.97 61
0.98 61
0.99 61
1 61
