0 56
0.01 29
0.02 30
0.03 24
0.04 27
0.05 27
0.06 21
0.07 21
0.08 24
0.09 25
0.1 24
0.11 13
0.12 20
0.13 16
0.14 16
0.15 17
0.16 11
0.17 17
0.18 16
0.19 10
0.2 11
0.21 13
0.22 10
0.23 10
0.24 7
0.25 7
0.26 11
0.27 13
0.28 12
0.29 8
0.3 9
0.31 13
0.32 14
0.33 13
0.34 10
0.35 10
0.36 11
0.37 12
0.38 9
0.39 9
0.4 10
0.41 14
0.42 10
0.43 11
0.44 14
0.45 13
0.46 10
0.47 7
0.48 10
0.49 9
0.5 8
0.51 11
0.52 11
0.53 10
0.54 8
0.55 11
0.56 7
0.57 4
0.58 6
0.59 6
0.6 7
0.61 10
0.62 13
0.63 9
0.64 8
0.65 9
0.66 7
0.67 10
0.68 11
0.69 10
0.7 9
0.71 10
0.72 9
0.73 8
0.74 6
0.75 3
0.76 9
0.77 7
0.78 8
0.79 8
0.8 8
0.81 8
0.82 2
0.83 3
0.84 7
0.85 4
0.86 5
0.87 9
0.88 11
0.89 9
0.9 10
0.91 11
0.92 5
0.93 11
0.94 7
0.95 6
0.96 8
0.97 9
0.98 8
0.99 7
1 8
