503.6 496.8
472.6 482.6
470 451.4
453.8 430
442.4 422.8
446.4 416.4
433.4 407.4
436.6 407
445.4 427.6
445.8 425
440 450.4
454 442.8
467 450.2
483.2 465.8
492.2 469.6
490.4 496
501.8 516.4
503.6 510.6
507.8 513.6
515.8 506.4
516.6 529
535.6 515
532 531.8
522.4 542.2
554.6 553.6
535.4 555.2
549.6 557.2
560.2 547
548.6 563.2
563.8 557.2
578.6 570
572 571.2
578.6 575
560.4 581.6
575 580.8
589.4 586.4
580.8 587.2
592.2 596.4
594 601.4
602.6 589.4
585.4 597
594 600.6
607.8 597.2
604.4 596.4
599.4 594.4
606.2 598
618.2 609.6
616.4 619.2
617.6 607.4
612.2 611.6
608 623
633 618
611.8 616.2
623.8 623.8
627.4 627.4
614.8 631.8
627.8 636
632.6 618.2
638.4 638.2
636.6 631.8
633.4 639.6
634.8 629
643.8 643.6
637 629.6
640.2 630
644.8 648.4
646.4 648.2
642.6 641.6
639.8 652
640 653.6
647.8 654.8
665.4 640.8
652.4 658.8
662.2 657.2
652.2 666
655.8 656.4
650 658.2
646.6 654
668.4 663.2
665.2 667.4
654.4 667.2
664 655.6
660.4 662.6
662.6 652.6
667 657.6
664.6 659.6
658.8 664.8
661.6 662
656.4 670.2
670.4 663.2
661.6 669.6
668 671
666.2 677.4
671.6 658
671.6 663.2
661.6 674.6
671.8 657
672.6 661.2
670.8 668.6
676.8 667.4
671.6 664.4
