0 0
0 0
0 0
0 0
0 0
0 0
0 0
0 0
0 0
0 0
0 0
0 0
0 0
0 0
0 0
0 0
0 0
0 0
0 0
0 0
0 0
0 0
0 0
0 0
0 0
0 0
0 0
0 0
0 0
0 0
135.4 192
131.8 167
129.8 171.4
128 191.6
124.2 165.4
120.8 176.8
117.8 167.2
115.6 166
113.6 158.2
111.2 156.4
109.6 167.8
107 162.8
105.4 151.4
104 144.4
102.8 146
101.2 146
99.8 148.4
97.8 143.8
97 142
94.8 132
93.2 148
91.6 137.4
90.6 129.8
90.2 125.6
89.4 126.4
88.2 125.6
0 0
0 0
0 0
0 0
0 0
0 0
0 0
0 0
0 0
0 0
0 0
0 0
0 0
0 0
0 0
0 0
0 0
0 0
0 0
0 0
0 0
0 0
0 0
0 0
0 0
0 0
0 0
0 0
0 0
0 0
0 0
0 0
0 0
0 0
0 0
0 0
0 0
0 0
0 0
0 0
0 0
0 0
0 0
0 0
0 0
