0 0
0 0
0 0
0 0
0 0
0 0
0 0
0 0
0 0
0 0
0 0
0 0
222.6 296.4
215 268.2
207 251
200 257.6
194 250.6
186 227.6
180 214.4
176 207.4
171.8 198.8
167.6 192.2
163.6 195.8
160 186.4
156.4 185.2
153.2 175.6
150.4 173.2
147.8 167.2
144.4 156.8
139.4 152.8
136.6 160.4
132.8 145.4
130.4 142.2
128.4 141.6
124.2 139
121 121
118 124.8
116.2 124.2
113.2 108.6
110.6 126.6
109 102.6
106.4 109.6
104.2 108.8
102.8 102
101.8 97
100.8 94.2
99.2 93.6
97.2 97.8
96.6 92.6
94.2 90.2
93 91.4
91.2 89.6
90.2 86
89.8 86.4
89.4 87
88.2 84.4
87 85.2
85.8 75.8
85.2 83
84.4 75
83.8 79.6
83.2 82.6
82 80
0 0
0 0
0 0
0 0
0 0
0 0
0 0
0 0
0 0
0 0
0 0
0 0
0 0
0 0
0 0
0 0
0 0
0 0
0 0
0 0
0 0
0 0
0 0
0 0
0 0
0 0
0 0
0 0
0 0
0 0
0 0
0 0
0 0
0 0
0 0
0 0
0 0
0 0
