0 0
0 0
0 0
0 0
0 0
0 0
0 0
0 0
0 0
0 0
0 0
0 0
0 0
0 0
0 0
0 0
0 0
0 0
0 0
0 0
0 0
0 0
0 0
0 0
0 0
150 178.6
146.8 175.4
143 162.4
139.4 162
135.2 157
133.4 146
130.2 145.2
128.4 149.8
126.6 139.4
122.8 139.6
119.6 125.8
116.6 122.8
114.4 119
111.2 109.6
108.8 111.8
106.6 112
104.6 110.6
103 101.6
101.8 101.4
100.6 96.6
99.2 94.8
98 84.2
96.6 91.4
95.8 89.2
93.4 96.2
92.2 86.6
90.8 87.6
89.2 77.6
88.6 79.8
87.2 84.2
86.4 84.4
85.4 71.4
83.8 74.4
83.2 73.2
82.6 74.6
82.2 80
81.2 69.4
80.2 66.6
80 65.8
79.4 65.8
79 64
78.4 63
78 68.2
77 65.2
75.8 60.8
74.6 70
73.6 64.4
72.8 59.6
71.8 58.2
71 60
70.8 61.2
0 0
0 0
0 0
0 0
0 0
0 0
0 0
0 0
0 0
0 0
0 0
0 0
0 0
0 0
0 0
0 0
0 0
0 0
0 0
0 0
0 0
0 0
0 0
0 0
0 0
