749.8 728.6
596.2 676
501.8 575.6
424.2 500.2
369.8 461.4
329.6 415
280.8 371
262.8 327.6
239.8 302
223 279.4
194.6 258
186.4 228.4
175.8 194.2
185.8 187.2
163.8 168.2
159.8 174
145.4 158.2
149.8 160.8
140.8 150.8
136.6 127.6
129.6 136
137.8 129
128.8 126.8
117.4 123.6
115.6 119.8
113.8 103.2
117.8 110.6
118 111
108 98.2
109 96.8
112.6 90.2
100.6 103.6
106 86
95 94
91.2 86
94.6 94.4
89.8 94
95.6 88.4
90.6 95.4
91.6 87.8
92.4 94
89.2 88.8
82.8 79.8
84 88.6
79.8 88.2
81.2 86.4
82.2 92.8
80.4 91.6
83.4 81.2
77.6 87
80.8 85.8
80.6 85.4
78 84.8
74.6 77.6
77.6 84.8
72.8 82.4
73.4 67.2
76 73.8
70 74.4
74.4 76.4
66.4 73
70.6 76.2
74 74.2
69.2 66.8
70.8 75
66.2 74.4
73.8 69.6
69 77.6
63.2 67
64 62
63.6 66.6
65.8 67.8
64.2 68.2
64.2 63.6
67 73.4
66.2 61.8
63 60.4
65.4 70.2
66.2 67
64.8 56
64.2 66
67.2 61.4
65 59.4
61.2 63.6
60.6 61.6
61.4 64.8
60 64.2
59.4 65.2
54.6 63.6
61.4 63.4
60.4 67.4
56.2 63.8
54.8 60.6
55 59.4
56.4 60
59.8 56.2
55.8 60.6
52.4 58.2
50.2 56.2
55.8 60.4
52.6 59.4
