0 0
0 0
0 0
0 0
0 0
0 0
0 0
0 0
0 0
0 0
0 0
0 0
0 0
0 0
0 0
0 0
0 0
0 0
0 0
0 0
0 0
0 0
0 0
0 0
0 0
0 0
0 0
0 0
0 0
0 0
0 0
0 0
0 0
0 0
0 0
0 0
0 0
0 0
0 0
0 0
0 0
0 0
103.4 121
101.6 110.6
100.4 103.8
99 102.8
98.6 97
97.2 95.8
96.4 97.2
94.8 87.4
93.2 87.4
92.2 89.6
90.2 88.8
88.2 80.4
86.8 83.2
86.4 77.2
85.6 78.6
84.2 80.6
83 82
82.4 78.2
81.6 77.6
80 77
79 73
78 77.8
77.6 77.2
77 82.4
76.8 75.2
76.2 80.6
0 0
0 0
0 0
0 0
0 0
0 0
0 0
0 0
0 0
0 0
0 0
0 0
0 0
0 0
0 0
0 0
0 0
0 0
0 0
0 0
0 0
0 0
0 0
0 0
0 0
0 0
0 0
0 0
0 0
0 0
0 0
0 0
0 0
