0 0
0 0
0 0
0 0
0 0
0 0
0 0
0 0
0 0
0 0
0 0
0 0
0 0
0 0
0 0
0 0
0 0
0 0
0 0
0 0
0 0
0 0
0 0
0 0
0 0
0 0
0 0
0 0
0 0
0 0
0 0
0 0
0 0
0 0
0 0
0 0
0 0
0 0
0 0
0 0
94.8 95.6
93 92.6
90.8 92.4
89.6 89
87.6 91.4
85.8 90
84.2 95.6
82.4 87.8
81.8 92.6
79.6 87
78.6 83
77.2 87.8
76.6 87.8
75 76.2
73.8 76
72.8 79.8
72 76.6
71.2 77.2
70.6 76.2
69.8 73
68.8 73
67.8 75.2
66.8 63.6
66.4 75.8
65.6 63.6
64.6 64.2
64 69.4
63 66.8
62.2 68.6
61 64.8
60.8 66.6
60 72.4
59.6 62.2
59 72.8
58.8 66.8
58.2 66.4
57.8 66.2
57 69.2
56 63.8
55.4 68.6
54.8 69.4
53.8 63.4
53.2 61.8
52.6 69.4
52.4 63.4
51.6 64
51 66.2
50.6 58.2
50 61.2
49.8 65.2
49.6 65.8
0 0
0 0
0 0
0 0
0 0
0 0
0 0
0 0
0 0
0 0
