0 0
0 0
0 0
0 0
0 0
0 0
0 0
0 0
0 0
0 0
0 0
0 0
0 0
0 0
0 0
0 0
0 0
0 0
0 0
0 0
0 0
0 0
0 0
0 0
0 0
0 0
0 0
0 0
0 0
0 0
0 0
0 0
0 0
0 0
0 0
0 0
0 0
0 0
0 0
0 0
0 0
0 0
0 0
0 0
0 0
0 0
0 0
0 0
0 0
0 0
0 0
0 0
0 0
0 0
0 0
0 0
0 0
0 0
0 0
0 0
0 0
0 0
0 0
0 0
0 0
0 0
0 0
0 0
68.4 68
67.2 65.4
66.6 66.8
66 60.2
65.2 60.2
64.8 61.8
64.8 64.6
64.2 64.4
63.4 64.8
62.8 65.8
62 64.4
60.8 61
60 61.4
59.2 61
58 62.2
57.4 62
57 59.6
55.8 62.8
55 62.8
54.8 62.2
54 63.8
53.8 59.8
52.8 50.8
52.4 59.4
51.6 57.2
51 56.6
0 0
0 0
0 0
0 0
0 0
0 0
0 0
