0 0
0 0
0 0
0 0
0 0
0 0
0 0
0 0
0 0
0 0
0 0
0 0
0 0
208.6 287.2
200.8 314.6
194.2 281.4
190.2 263.4
181.4 251.6
176 273
170.8 246.6
166.2 226.2
160.8 238.8
157.2 234
155 217.6
151 212.6
148.2 208.8
145.4 194
142.4 214.6
138.4 196.8
135.8 191.4
133.2 199
130.4 165.4
126.8 169.6
124.4 160.2
121.8 160.2
119.8 143.8
117.6 157.6
116.2 150.4
113 141.8
0 0
0 0
0 0
0 0
0 0
0 0
0 0
0 0
0 0
0 0
0 0
0 0
0 0
0 0
0 0
0 0
0 0
0 0
0 0
0 0
0 0
0 0
0 0
0 0
0 0
0 0
0 0
0 0
0 0
0 0
0 0
0 0
0 0
0 0
0 0
0 0
0 0
0 0
0 0
0 0
0 0
0 0
0 0
0 0
0 0
0 0
0 0
0 0
0 0
0 0
0 0
0 0
0 0
0 0
0 0
0 0
0 0
0 0
0 0
0 0
0 0
0 0
