0 0
0 0
0 0
0 0
0 0
0 0
0 0
0 0
0 0
0 0
0 0
0 0
0 0
0 0
0 0
0 0
0 0
0 0
0 0
0 0
0 0
0 0
0 0
0 0
0 0
0 0
0 0
0 0
0 0
0 0
0 0
0 0
0 0
0 0
0 0
0 0
0 0
0 0
0 0
0 0
0 0
0 0
0 0
0 0
0 0
0 0
0 0
0 0
0 0
0 0
79.2 84
77.8 75.6
76.6 83.4
75 83.2
73.8 79.4
72.8 82.4
72 81.4
70.8 80.4
70.2 85.2
69.6 82
68.8 81
67.8 74.8
67 69.2
66.4 65.8
66 69.2
65.2 70.2
64.6 62
64 66.4
63.4 69
62.2 73.2
61.6 66.6
61 68.4
60.6 65.4
60 64.4
59.8 63.8
59.6 59.2
59.2 60.4
58.6 66.2
57.6 68.2
56.4 69.8
55.8 60.8
55 64
54.2 65
53.8 66
53.8 59
53.4 66.2
53.2 58
52.6 60
52 57.4
51.6 64
50.8 61.6
50 62.8
48.8 62.4
48.6 63.6
48.2 60.4
47.6 61.8
47.4 55.4
47.2 65
46.6 61.6
46.4 56.4
46 64.4
