0 0
0 0
0 0
0 0
0 0
0 0
0 0
0 0
0 0
0 0
0 0
0 0
0 0
0 0
0 0
0 0
0 0
0 0
0 0
0 0
0 0
0 0
0 0
0 0
0 0
0 0
0 0
0 0
0 0
0 0
0 0
0 0
0 0
0 0
0 0
0 0
118.6 118
116.4 137.6
113.4 117.2
111.2 120.8
108.8 113.6
106.6 112.6
105 114.8
102.6 107.8
101.6 114.4
100 101
99.6 101
98 96.8
96.8 99.2
95.2 87.6
93.2 91.6
92.4 83.8
90.6 89.2
88.8 83.8
87.4 85.2
86.8 78.8
85.8 85
84.4 80.4
83.4 76
82.4 80.6
81.6 75.6
80.8 83.4
0 0
0 0
0 0
0 0
0 0
0 0
0 0
0 0
0 0
0 0
0 0
0 0
0 0
0 0
0 0
0 0
0 0
0 0
0 0
0 0
0 0
0 0
0 0
0 0
0 0
0 0
0 0
0 0
0 0
0 0
0 0
0 0
0 0
0 0
0 0
0 0
0 0
0 0
0 0
