0 0
0 0
0 0
0 0
0 0
0 0
0 0
0 0
0 0
0 0
0 0
0 0
0 0
0 0
0 0
0 0
0 0
0 0
0 0
0 0
0 0
0 0
0 0
0 0
0 0
0 0
0 0
0 0
0 0
0 0
0 0
0 0
0 0
0 0
0 0
0 0
0 0
0 0
0 0
0 0
0 0
0 0
0 0
92.2 106.6
91.6 107.4
91 107.6
90.2 100.6
88.2 99.8
87 100
85.4 91
83.6 91.2
82.6 90.8
81 88.8
79.4 86.8
78.2 82.6
77 86.2
76 84
74.6 84.2
73.8 83.2
72.8 78.8
72.2 75.8
71.8 76
70.6 72.8
70 73.4
69.2 73.6
68.8 70.6
68.2 68.2
68 68
67.2 62.6
66.2 67
65 66.6
64.2 60.6
63 66.2
62 66.2
61.4 65.2
61.2 66.6
60.4 61.8
60 53.6
59.2 61.4
57.8 63.8
57 58.4
56.2 58.6
54.8 66
54.4 60.6
54.2 58.2
53.6 49.6
52.8 52
52.2 49.4
51.2 52.6
50.6 50
49.4 55.4
48.8 53
47.8 61.6
47.6 55.4
0 0
0 0
0 0
0 0
0 0
0 0
0 0
