0 0
0 0
0 0
0 0
0 0
0 0
0 0
0 0
0 0
0 0
0 0
0 0
0 0
0 0
0 0
0 0
0 0
0 0
0 0
0 0
0 0
0 0
0 0
0 0
0 0
0 0
0 0
0 0
0 0
0 0
0 0
0 0
0 0
0 0
0 0
0 0
0 0
0 0
101.4 112.8
98.2 114.8
95.8 107.8
93.6 110.4
91.6 104.4
89.4 102
87.8 103.8
86.6 93
85.8 98.6
83.6 94
82.8 90.2
81.6 89.2
80 92
78.8 91
77.8 91.4
76.2 83.8
75.6 83.6
74.6 80.4
74 85.8
73.2 78.6
72.2 83.8
71.4 70.6
70.2 76.8
69.2 73.4
67.8 66.8
66.8 74.8
65.2 74.6
64.4 64.4
64.2 77
62.8 74.6
62.2 69.2
61.2 69
61 65.2
60.6 68.4
59.4 73.6
59 67.6
58.6 64.6
58 65.8
57.2 73.8
56.8 57.8
55.4 67.4
54.6 61.4
54.2 67.6
53 62
52.2 57.6
51.8 68
51.2 66.2
50.2 64.6
49 69.6
49 66.8
48 62.8
0 0
0 0
0 0
0 0
0 0
0 0
0 0
0 0
0 0
0 0
0 0
0 0
