0 0
0 0
0 0
0 0
0 0
0 0
0 0
0 0
0 0
0 0
0 0
217.6 302.4
207.8 301.2
199.2 298.4
191 270
184.8 281.6
179.6 256.4
171.8 237.4
166.4 234.2
162.4 239
158 226
153.4 207.2
149.4 211.8
146.8 198.2
142.6 199.2
139 186
136.4 180.2
132.6 175.2
128 175.2
124.2 157.4
121.2 153
118.6 153.4
115.4 163.2
112.6 148
110 151.2
108.2 136.4
105.8 141.4
0 0
0 0
0 0
0 0
0 0
0 0
0 0
0 0
0 0
0 0
0 0
0 0
0 0
0 0
0 0
0 0
0 0
0 0
0 0
0 0
0 0
0 0
0 0
0 0
0 0
0 0
0 0
0 0
0 0
0 0
0 0
0 0
0 0
0 0
0 0
0 0
0 0
0 0
0 0
0 0
0 0
0 0
0 0
0 0
0 0
0 0
0 0
0 0
0 0
0 0
0 0
0 0
0 0
0 0
0 0
0 0
0 0
0 0
0 0
0 0
0 0
0 0
0 0
0 0
