0 0
0 0
0 0
0 0
0 0
0 0
0 0
0 0
0 0
0 0
0 0
0 0
0 0
195.2 291.6
187.4 250
180.8 257.2
176.8 276.6
168 277.4
162.6 237.6
157.4 236.6
152.8 249
147.4 217
143.8 214.4
141.6 224.6
137.6 210.8
134.8 211.4
132 209.2
129 186.4
125 190.4
122.4 178
119.8 166
117 188.6
113.4 173.8
111 168
108.4 162.8
106.4 174.2
104.2 140.2
102.8 147.2
99.6 145.2
0 0
0 0
0 0
0 0
0 0
0 0
0 0
0 0
0 0
0 0
0 0
0 0
0 0
0 0
0 0
0 0
0 0
0 0
0 0
0 0
0 0
0 0
0 0
0 0
0 0
0 0
0 0
0 0
0 0
0 0
0 0
0 0
0 0
0 0
0 0
0 0
0 0
0 0
0 0
0 0
0 0
0 0
0 0
0 0
0 0
0 0
0 0
0 0
0 0
0 0
0 0
0 0
0 0
0 0
0 0
0 0
0 0
0 0
0 0
0 0
0 0
0 0
