415.8 425.4
383.4 414.4
355.6 388.8
332.6 385.8
309.6 371.2
290 363
273.8 355.4
261.4 350.4
248.4 347.2
237.4 330.8
226 300.6
217 275.2
207 270.4
200.6 254.4
193.8 231.4
187.4 228
180.8 232.2
174.6 219
167 202
163.2 187
158.4 187.2
153.6 182.4
149.4 171.6
145.6 167.6
141.4 158.8
138.2 150.6
134.8 148.2
131.4 145.2
126.2 136.2
123.4 140
121.8 134.8
119 134
116.6 131.4
114.4 130.4
112 123
109 115.8
107.4 121.6
106 114.2
102.8 105.4
100 102.6
97.6 106.8
95.8 104
94 104.6
92.2 94.2
90.2 106
88.4 94.6
87.8 94.4
86 96.4
85 90.6
83.2 90.2
81.8 84.4
0 0
0 0
0 0
0 0
0 0
0 0
0 0
0 0
0 0
0 0
0 0
0 0
0 0
0 0
0 0
0 0
0 0
0 0
0 0
0 0
0 0
0 0
0 0
0 0
0 0
0 0
0 0
0 0
0 0
0 0
0 0
0 0
0 0
0 0
0 0
0 0
0 0
0 0
0 0
0 0
0 0
0 0
0 0
0 0
0 0
0 0
0 0
0 0
0 0
0 0
