0 0
0 0
0 0
0 0
0 0
0 0
0 0
0 0
0 0
241.6 344.8
229.8 310.8
218.6 280.6
209.2 301.6
202.8 267.8
196 267.4
187.6 245.8
183 221.8
175.8 218.6
170 219.8
166.2 206.8
162 208.6
157.2 189.8
153.4 197
151 185.4
148 174.6
145 168.4
141.8 174.6
139 169.2
134.8 159.2
131.8 154.2
130 155
126.6 152.6
124.2 149
122.2 143.6
118.4 144.2
0 0
0 0
0 0
0 0
0 0
0 0
0 0
0 0
0 0
0 0
0 0
0 0
0 0
0 0
0 0
0 0
0 0
0 0
0 0
0 0
0 0
0 0
0 0
0 0
0 0
0 0
0 0
0 0
0 0
0 0
0 0
0 0
0 0
0 0
0 0
0 0
0 0
0 0
0 0
0 0
0 0
0 0
0 0
0 0
0 0
0 0
0 0
0 0
0 0
0 0
0 0
0 0
0 0
0 0
0 0
0 0
0 0
0 0
0 0
0 0
0 0
0 0
0 0
0 0
0 0
0 0
