0 0
0 0
0 0
0 0
0 0
0 0
0 0
0 0
0 0
0 0
0 0
0 0
0 0
0 0
0 0
0 0
0 0
0 0
0 0
0 0
0 0
0 0
0 0
0 0
0 0
0 0
0 0
0 0
0 0
0 0
0 0
0 0
0 0
0 0
0 0
0 0
0 0
0 0
0 0
0 0
0 0
0 0
0 0
0 0
0 0
0 0
0 0
0 0
0 0
0 0
0 0
0 0
0 0
0 0
0 0
0 0
0 0
0 0
0 0
0 0
0 0
28 20.6
25.6 15.6
28.4 16.4
26.8 19.8
25.8 17.8
25.4 17.2
21.8 16.2
23.4 17.6
22.4 19.8
19.4 18
20.2 18.2
20.8 17.8
21.8 18.2
22.6 15.6
22 17.8
18.8 14
19.2 14
18.4 17.4
19.2 15.4
18.2 17.6
16.6 16.6
19.6 17.2
16.8 11.8
17 14.8
17.2 15.8
17 17.6
0 0
0 0
0 0
0 0
0 0
0 0
0 0
0 0
0 0
0 0
0 0
0 0
0 0
0 0
