0 0
0 0
0 0
0 0
0 0
0 0
0 0
0 0
0 0
0 0
0 0
0 0
0 0
0 0
0 0
0 0
0 0
0 0
0 0
0 0
0 0
0 0
0 0
0 0
0 0
0 0
0 0
0 0
0 0
0 0
72 75.2
72.2 68.8
73.4 67.8
67.6 64.8
65.4 60.2
64 61
58.6 53
55 51.2
50.4 55.6
51.6 49.2
45.2 50.8
46.4 45.2
47.4 40.2
39.8 46.8
39 43.2
43 45.6
41.8 38.2
38.4 37.8
41.8 37
35.6 34.8
33.4 35
30.6 33
31.6 32.6
27.6 30.8
31.8 26
28.4 29
0 0
0 0
0 0
0 0
0 0
0 0
0 0
0 0
0 0
0 0
0 0
0 0
0 0
0 0
0 0
0 0
0 0
0 0
0 0
0 0
0 0
0 0
0 0
0 0
0 0
0 0
0 0
0 0
0 0
0 0
0 0
0 0
0 0
0 0
0 0
0 0
0 0
0 0
0 0
0 0
0 0
0 0
0 0
0 0
0 0
