0 0
0 0
0 0
0 0
0 0
0 0
0 0
0 0
0 0
0 0
0 0
0 0
0 0
0 0
0 0
0 0
0 0
0 0
0 0
0 0
0 0
0 0
0 0
0 0
0 0
0 0
0 0
0 0
0 0
0 0
73.8 68.8
75.8 52.8
75.8 57.8
66.8 48.8
63.2 46.2
68.8 48.6
66 44.2
62.8 41.8
57.6 40
49.2 36
48.6 36.6
48 33.8
46.2 31.4
41.4 39.8
38.6 29.2
43 27.2
38.4 27
39 27.2
39.6 26.6
37.6 22.4
36.8 23.6
34.2 22.2
36 20.8
29.4 23.6
29.6 23.6
30.8 20.8
0 0
0 0
0 0
0 0
0 0
0 0
0 0
0 0
0 0
0 0
0 0
0 0
0 0
0 0
0 0
0 0
0 0
0 0
0 0
0 0
0 0
0 0
0 0
0 0
0 0
0 0
0 0
0 0
0 0
0 0
0 0
0 0
0 0
0 0
0 0
0 0
0 0
0 0
0 0
0 0
0 0
0 0
0 0
0 0
0 0
