0 0
0 0
0 0
0 0
0 0
0 0
0 0
0 0
0 0
0 0
0 0
0 0
238 239.6
222.2 206.2
205.6 192.6
187.4 187.8
171.2 186
154 160.6
146.4 138.4
141.6 140.2
133.4 122.6
127 112
125.2 108.4
114.8 94.6
109.2 103.6
106.2 96
99.4 84.6
91 85.2
92.8 75.4
84.6 68.2
74.2 81.6
77 68.2
73.2 68
72 58.2
66.6 63.6
65 52.8
59.4 54.2
60.8 52
55.2 43.6
53.2 53
48.6 37.8
49.2 39
48.4 43.4
41.6 41.4
41.4 35.2
45.6 40.8
41.2 34.6
37.8 35
42.8 30.4
38.8 34.4
37.8 35
33 31
30.8 36.4
32.4 25.4
34.4 29.2
31 34.8
32 30
31.8 28.8
31.8 22.6
34.8 25.4
30.6 25
29.8 23.6
29.6 25.2
0 0
0 0
0 0
0 0
0 0
0 0
0 0
0 0
0 0
0 0
0 0
0 0
0 0
0 0
0 0
0 0
0 0
0 0
0 0
0 0
0 0
0 0
0 0
0 0
0 0
0 0
0 0
0 0
0 0
0 0
0 0
0 0
0 0
0 0
0 0
0 0
0 0
0 0
