0 20
0.01 19
0.02 19
0.03 19
0.04 17
0.05 17
0.06 17
0.07 17
0.08 17
0.09 16
0.1 16
0.11 14
0.12 14
0.13 14
0.14 13
0.15 13
0.16 13
0.17 12
0.18 12
0.19 12
0.2 12
0.21 12
0.22 12
0.23 12
0.24 12
0.25 12
0.26 12
0.27 12
0.28 12
0.29 12
0.3 12
0.31 12
0.32 11
0.33 11
0.34 11
0.35 11
0.36 11
0.37 10
0.38 10
0.39 9
0.4 9
0.41 8
0.42 8
0.43 8
0.44 8
0.45 8
0.46 8
0.47 8
0.48 8
0.49 7
0.5 7
0.51 7
0.52 7
0.53 7
0.54 7
0.55 7
0.56 6
0.57 6
0.58 6
0.59 6
0.6 6
0.61 6
0.62 6
0.63 6
0.64 6
0.65 6
0.66 6
0.67 5
0.68 5
0.69 5
0.7 5
0.71 5
0.72 5
0.73 5
0.74 5
0.75 5
0.76 5
0.77 5
0.78 5
0.79 5
0.8 5
0.81 5
0.82 5
0.83 5
0.84 5
0.85 5
0.86 5
0.87 5
0.88 5
0.89 5
0.9 5
0.91 5
0.92 5
0.93 4
0.94 4
0.95 4
0.96 4
0.97 4
0.98 4
0.99 4
1 4
