7.31651164151583e-11
3.25168068662679e-10
1.31780708474321e-09
4.86627975485671e-09
1.63564721562582e-08
4.99699423767912e-08
1.38479211009979e-07
3.47103012732155e-07
7.83494683590415e-07
1.58165669979398e-06
2.82201639542958e-06
4.35159520925153e-06
5.51384903092362e-06
4.89680653210944e-06
3.16388420564642e-07
-1.07351834393322e-05
-3.01264392369865e-05
-5.79070760526541e-05
-9.15139190490291e-05
-0.000125947302516689
-0.000155062786910181
-0.00017349199315712
-0.000178315791371547
-0.000169749697078605
-0.000150662140214631
-0.000125331732148577
-9.80986252943378e-05
-7.24136679678611e-05
-5.04464691571824e-05
-3.31370405749167e-05
-2.0480396595765e-05
-1.18742682490796e-05
-6.43649075290494e-06
-3.25077232725624e-06
-1.52490912416141e-06
-6.6253790387017e-07
-2.65987805558015e-07
-9.84811265697992e-08
-3.35740952633681e-08
-1.05263290195031e-08
2.02401722837698e-10
8.97212385932325e-10
3.62424741743114e-09
1.33274860396244e-08
4.45550155169757e-08
1.35157810361939e-07
3.71024131809127e-07
9.17952466597022e-07
2.03393280376312e-06
3.99319214101733e-06
6.81065801190156e-06
9.66838273066075e-06
1.00923420491594e-05
3.23202010506474e-06
-1.80837873467351e-05
-6.18224062339902e-05
-0.00013363720270191
-0.000233133691282274
-0.000351404361763818
-0.000471654073547722
-0.000573360621611305
-0.000638448112516818
-0.000656726904963236
-0.000628260163577949
-0.000562041079155651
-0.000472178884601766
-0.000373586281988151
-0.000278740469562675
-0.000196090121611029
-0.000129868474218163
-8.07724008256205e-05
-4.70332060298463e-05
-2.55575300632344e-05
-1.29194198363216e-05
-6.05815807674939e-06
-2.62869204149463e-06
-1.05327337001396e-06
-3.89053240932106e-07
-1.32298217377743e-07
-4.13726720466761e-08
5.11575854179733e-10
2.26056747903564e-09
9.09473392942512e-09
3.32710385684072e-08
1.10476345583932e-07
3.32116905059777e-07
9.00520650782668e-07
2.18946682218945e-06
4.7274492754258e-06
8.90735587125529e-06
1.41187303072869e-05
1.70559074879507e-05
9.38998696768253e-06
-2.4144567996506e-05
-0.000105314800267723
-0.000257667683353579
-0.00049726976806725
-0.00082174777834928
-0.0012031156998088
-0.00158965404216279
-0.00191815600241989
-0.00213220204177567
-0.0021985561587848
-0.00211483817463351
-0.00190646741516403
-0.00161603994477373
-0.00129066021100674
-0.000971739324672293
-0.000689151817542705
-0.000459486429303161
-0.000287250632186378
-0.000167863397070915
-9.14142703800815e-05
-4.62563821186116e-05
-2.16922160905951e-05
-9.40692437976235e-06
-3.76532859840946e-06
-1.38906239436853e-06
-4.71729206056653e-07
-1.47341507303344e-07
1.18088290033199e-09
5.19789858912488e-09
2.08081673975018e-08
7.56290819816389e-08
2.48972163865161e-07
7.39762425792069e-07
1.97319693533882e-06
4.6834564620817e-06
9.73862172831859e-06
1.71883415951399e-05
2.37658987183947e-05
1.82754109579919e-05
-2.45225647051881e-05
-0.000148649170026204
-0.000415134164881645
-0.00088868896486251
-0.00161230667162538
-0.00257745235701205
-0.00370449651915333
-0.00484750737470785
-0.00582714447725772
-0.00648042714320974
-0.00670648320252361
-0.00648977018345129
-0.0058946463477897
-0.00503866688996037
-0.00405847506393816
-0.00308016007290084
-0.00219986145650925
-0.0014752827520552
-0.000926428237570403
-0.000543133017019576
-0.000296402856578282
-0.000150164220393274
-7.04578507713396e-05
-3.05563640263009e-05
-1.2228437623072e-05
-4.50994501795716e-06
-1.53133331184036e-06
-4.78360816724324e-07
2.48812383621994e-09
1.08996340013815e-08
4.33627030220905e-08
1.56316161407204e-07
5.08917546315703e-07
1.48895052603275e-06
3.88345192120854e-06
8.90404945455415e-06
1.74603100508258e-05
2.74097307922947e-05
2.6981442927261e-05
-1.68415255911361e-05
-0.000173241231316375
-0.000558549929039043
-0.00133070072646584
-0.00265493552541011
-0.00463968075182041
-0.00726147132804207
-0.0103149582673343
-0.0134230634154327
-0.016117459771165
-0.0179630878193465
-0.0186761213378942
-0.0181892298823955
-0.0166467521467708
-0.0143446404963067
-0.0116465475916868
-0.00890455997926328
-0.00640080307635952
-0.00431550738547309
-0.00272139347627931
-0.00160048664231603
-0.000875401220347113
-0.000444188882555327
-0.000208638513479437
-9.055395820859e-05
-3.62645255113261e-05
-1.33856753012864e-05
-4.55032305605715e-06
-1.42390174656425e-06
4.78200996558773e-09
2.08240395328482e-08
8.21993490901298e-08
2.93214470560101e-07
9.40823838303878e-07
2.69556088663731e-06
6.81003475790627e-06
1.48102804672781e-05
2.62375880476346e-05
3.15635963663412e-05
-3.65056240218917e-06
-0.000165765738837043
-0.000626880820736034
-0.00166876686111306
-0.00366836300459375
-0.00701733662486767
-0.0119732152173683
-0.01848450487687
-0.0260712871191226
-0.0338418921350959
-0.0406718082221095
-0.0454893852990967
-0.0475564042958171
-0.0466376221639989
-0.0430137550456011
-0.0373625007558354
-0.0305707341919864
-0.0235399069606274
-0.0170262786753882
-0.0115390878155121
-0.00730725022131312
-0.00431175741621789
-0.00236449710139658
-0.00120227764084901
-0.000565724954866015
-0.000245955145525374
-9.86806067161494e-05
-3.65059141749637e-05
-1.2446070415053e-05
-3.90998092913607e-06
8.37614606287698e-09
3.62041254679775e-08
1.41490383805054e-07
4.97837304885513e-07
1.56644918963057e-06
4.35803449565048e-06
1.04959133693256e-05
2.08873549860821e-05
2.9860731898537e-05
8.75079432279104e-06
-0.000129026179183831
-0.000585908855768706
-0.0017513673962505
-0.00425103971387831
-0.00891411050087101
-0.0166013483154032
-0.0278876037090987
-0.042685505516436
-0.0599795747310769
-0.0778418915251105
-0.0937921409753895
-0.105397526644865
-0.110886969320712
-0.109556776335615
-0.101858460940651
-0.0891973963502815
-0.0735529281658341
-0.0570409560166325
-0.041516107791874
-0.0282868614458424
-0.0179932024376324
-0.0106569594531071
-0.00586282227847129
-0.00298965420961356
-0.0014106955023235
-0.000615137989275806
-0.000247650909214113
-9.20046057157852e-05
-3.15379029246278e-05
-9.97809146697543e-06
1.33561821378613e-08
5.71856674145514e-08
2.20619028288133e-07
7.62191548620301e-07
2.3339871938238e-06
6.21760389321273e-06
1.384928137977e-05
2.31026529074306e-05
1.50550293039015e-05
-8.038768241134e-05
-0.000454991261276271
-0.00153675820423755
-0.00412895351100132
-0.00950525976585648
-0.0193459440769995
-0.0354030457903214
-0.0588789516330575
-0.0896794577953103
-0.125863408606373
-0.163623854438145
-0.197940375083153
-0.22372864948881
-0.237075071545366
-0.236128199131962
-0.221407735151602
-0.195534883002097
-0.162545074688691
-0.126990649597566
-0.0930383753916207
-0.0637579732475686
-0.0407610455254052
-0.0242500386528472
-0.0133961114955526
-0.00685881404412234
-0.00325018712225843
-0.00142406843025879
-0.000576614055732423
-0.000215745528886058
-7.46247103697393e-05
-2.38843538198462e-05
1.93586927518182e-08
8.18828612519487e-08
3.10546429928624e-07
1.0462629146796e-06
3.0798444524108e-06
7.65660141261856e-06
1.47163263160318e-05
1.45187879320212e-05
-3.88259140770284e-05
-0.000292650889383869
-0.0011260718552374
-0.00335872110654074
-0.00850253515511167
-0.0189354665369407
-0.0377927895170194
-0.0683740579903597
-0.113028313600583
-0.171788442110449
-0.241315396670188
-0.314755003492044
-0.382792515014156
-0.435655227378182
-0.46538500941271
-0.467633339232948
-0.442503454308143
-0.394341094054247
-0.330642978980269
-0.260383979173293
-0.192150844901135
-0.132540026200967
-0.0852399060996526
-0.0509964561205183
-0.0283269384540022
-0.0145870728154956
-0.00695657423339358
-0.00307076743247101
-0.00125462449547011
-0.000474703643139173
-0.000166511050214878
-5.42358939128815e-05
2.54535819948221e-08
1.05956516770741e-07
3.92617194962776e-07
1.27602439938847e-06
3.53241389189043e-06
7.75176439747995e-06
1.0183074606643e-05
-1.34229503728927e-05
-0.000155228686960701
-0.000688078072916565
-0.0022862509522619
-0.00637569542556112
-0.0155564600189591
-0.033901007239537
-0.0667949001544551
-0.119982889065401
-0.197738632048721
-0.300568542411399
-0.423340040626508
-0.554828344274325
-0.679213785764257
-0.779235745050749
-0.840009858285494
-0.852333472658578
-0.814626658188206
-0.733152160849378
-0.620551397563751
-0.49302790692034
-0.366829395840938
-0.254974262925177
-0.165183002711444
-0.0995408710619901
-0.0557081082863789
-0.0289231067813707
-0.013923361378984
-0.0062147910468401
-0.0025737054893577
-0.000990065807141171
-0.000354410258457943
-0.000118317204266813
3.02749066140977e-08
1.23344885456392e-07
4.42288926629245e-07
1.36084055622182e-06
3.38641728424761e-06
5.56517249554045e-06
-2.38053080444955e-06
-6.74636419535853e-05
-0.000349994289118142
-0.00130099633370315
-0.00400482459008989
-0.0107201277907595
-0.0255358078785017
-0.0548514632684914
-0.107182497592663
-0.191770682763505
-0.315839217242177
-0.481048718326399
-0.680438360455184
-0.897349478326949
-1.1072341813237
-1.2821064039175
-1.3963657254812
-1.43235202272587
-1.38425957560212
-1.25954563506508
-1.07743818270958
-0.864695796080541
-0.649568236921083
-0.455704516761649
-0.297955680539876
-0.181266671340349
-0.102492375164902
-0.0538308659809574
-0.0262640714145108
-0.0119118548585229
-0.00502853023253909
-0.00197940340726386
-0.000728131238938231
-0.000250883903291423
3.2443014775248e-08
1.2827399659156e-07
4.37975485477245e-07
1.22945061631687e-06
2.43853742901397e-06
6.18533339175216e-07
-2.37798442553606e-05
-0.000147870532904936
-0.000618254279867308
-0.00210564525375862
-0.00619228339797425
-0.0161408979843375
-0.0378367244664155
-0.0805107766762867
-0.15655782596798
-0.279712151781863
-0.46129688291003
-0.705213411787755
-1.00334438275458
-1.33341907749483
-1.66072754730611
-1.94366342979354
-2.14173804521835
-2.22407591255818
-2.17643559686422
-2.00506233744648
-1.73604506439147
-1.40971242210077
-1.07121144435806
-0.760157889212431
-0.502903559665394
-0.309818653326429
-0.177632117625666
-0.0947881965324906
-0.0471100268032151
-0.0218356023984388
-0.00945549941762762
-0.00383323766835383
-0.00145779059201066
-0.000520948957003143
3.11319064712992e-08
1.1780270005297e-07
3.71494865566454e-07
8.69251371838376e-07
7.22861213876724e-07
-6.6777736742838e-06
-5.17433982865511e-05
-0.0002450569224222
-0.000925943423726177
-0.00299620955812799
-0.00855591693841474
-0.0219091789497797
-0.0508145696275043
-0.107499845709919
-0.208578603983844
-0.372907973114191
-0.616937313546407
-0.948237160471682
-1.35916107555527
-1.82316836582245
-2.29572526685457
-2.72021030314474
-3.03774626926407
-3.19897918712471
-3.17537926158977
-2.96724159858649
-2.60546010642552
-2.14527346926186
-1.65297074944922
-1.18982839290371
-0.799109566153681
-0.500449489179595
-0.292253886892879
-0.159258280458386
-0.0810829117147912
-0.0386337118160691
-0.0172588157561913
-0.00724092541559584
-0.00285645498891297
-0.00105991818616934
2.64874657130821e-08
9.35264821167148e-08
2.54191798597039e-07
3.45279044279128e-07
-1.44077194623057e-06
-1.49375827297469e-05
-8.09005174371087e-05
-0.000340257556992948
-0.00121358814505185
-0.00380098868105276
-0.010642706564206
-0.0269297111961133
-0.062037328318458
-0.130848868723521
-0.253881716057744
-0.455068529202424
-0.7565536886905
-1.1710893561883
-1.69403993597816
-2.29777361791284
-2.93081009648235
-3.52280250574177
-3.99505939958381
-4.2752527996234
-4.31381261729962
-4.09792961873631
-3.65795173046722
-3.06209698463417
-2.39963325357286
-1.75812939105147
-1.20345745566929
-0.769597050555186
-0.46004910062717
-0.257359885305376
-0.134930718590669
-0.0664021301760395
-0.0307120860042588
-0.0133595918960851
-0.00546480507627157
-0.00209989044501797
1.96338279933703e-08
6.12982823979142e-08
1.14231496538419e-07
-2.17206534212781e-07
-3.53754262466488e-06
-2.22054451772498e-05
-0.000104386520497564
-0.000411195780147222
-0.00141434552577994
-0.00433445448825924
-0.0119760631952489
-0.0300686606720979
-0.0690047879032356
-0.145443000937912
-0.282749401963555
-0.50902847385183
-0.851925900230272
-1.33054874423374
-1.94626994147948
-2.67507770044342
-3.46404694944726
-4.23375384261881
-4.88762997199532
-5.32830652117788
-5.47906894538752
-5.30530474028058
-4.82798483722877
-4.12186965744295
-3.29676453965578
-2.46823377761247
-1.7294458845174
-1.13457876256454
-0.697538085534008
-0.402370776413666
-0.21803469919691
-0.111080370799387
-0.053218762125324
-0.0239642290694843
-0.0101281264134464
-0.00400915230443117
1.22323067058538e-08
2.89408768788338e-08
-1.43636931836947e-08
-6.81268168218858e-07
-5.05625569797259e-06
-2.67072527800256e-05
-0.000116463657518981
-0.00044053868295962
-0.00147920780972236
-0.00446669361916164
-0.0122327129340567
-0.0305703413652763
-0.0700569378221115
-0.147855444530992
-0.288535071258619
-0.522678486271852
-0.88233852646421
-1.39335630163229
-2.06577243331189
-2.88444316916538
-3.80225914115061
-4.73841797958073
-5.58435886396483
-6.21954145806091
-6.53669922189213
-6.47107046711493
-6.02297846597039
-5.26258952715073
-4.31224088425969
-3.31245865810923
-2.38575187414098
-1.61215679678445
-1.02299705903415
-0.610066590392373
-0.342065202083989
-0.1803009470883
-0.0892590372567315
-0.041434748123118
-0.0179960716433106
-0.00729423127319968
5.82865079682786e-09
3.16894038686651e-09
-1.0512074367962e-07
-9.52334611550571e-07
-5.6913914363346e-06
-2.75523981887561e-05
-0.000114794273990947
-0.000422766926318867
-0.00139641817258826
-0.00417479404915938
-0.0113701660528672
-0.0283536788335735
-0.0650203713062049
-0.137668119791436
-0.270189900564886
-0.493487420058971
-0.842145474617334
-1.34802867291173
-2.03130109377251
-2.8900608157346
-3.89036279866459
-4.95937048137848
-5.98581629828396
-6.83248996416424
-7.36273807005071
-7.4761540356588
-7.14097543473336
-6.40823400350928
-5.39923383632471
-4.27063606153878
-3.17216638299741
-2.21381850777563
-1.45222111793311
-0.895475734324645
-0.518782176376958
-0.28204683505174
-0.143644883816888
-0.0683781444625769
-0.0303469453112566
-0.0125248303947128
1.33800122719201e-09
-1.26294428804893e-08
-1.47768654753241e-07
-1.00868334565347e-06
-5.43979645401503e-06
-2.50088134003835e-05
-0.000101138953187555
-0.000365747926421564
-0.00119460935061378
-0.00354844482612048
-0.00963613179016175
-0.0240293632324921
-0.0552477553304213
-0.117580330818928
-0.232564563388575
-0.429270611481942
-0.742517500191895
-1.20840453872767
-1.85689487646841
-2.70153043163446
-3.72705413424161
-4.87746623619863
-6.04980004071129
-7.10073234611872
-7.87086498477473
-8.22375288655626
-8.0868878311204
-7.47693959542331
-6.49675083977991
-5.30483379143602
-4.07100841206487
-2.93631214250928
-1.98996382568648
-1.26615325486637
-0.755330110966701
-0.421684174550522
-0.219820888184235
-0.106741305458003
-0.0481642394085974
-0.02014877205264
-1.10353390540006e-09
-1.87772018461371e-08
-1.48393480864893e-07
-8.95437393255115e-07
-4.55213231007929e-06
-2.02417803193592e-05
-8.02181574177752e-05
-0.000286473593066106
-0.000928738526937509
-0.00274847688710005
-0.00745850031374306
-0.0186357780357212
-0.0430429678021398
-0.0922725430168956
-0.184371325245973
-0.34488152350803
-0.606607923784281
-1.00735402259386
-1.58474024221486
-2.36711914460055
-3.36018476983425
-4.53106644965514
-5.79548951760656
-7.016774764559
-8.02428499930184
-8.65133188870436
-8.78144041176416
-8.38449678944104
-7.52683288464728
-6.3511035719927
-5.03548440336575
-3.74906003869972
-2.61844792174134
-1.71299385703299
-1.0476855667022
-0.597751508304956
-0.317411414366342
-0.156510887420037
-0.0715080271943176
-0.0302143137374531
-1.93591321401745e-09
-1.80769656074954e-08
-1.22748877400772e-07
-6.91785090201105e-07
-3.38728169247564e-06
-1.47257559880709e-05
-5.75452150143789e-05
-0.000203763570153737
-0.000657593170328861
-0.00194328355921037
-0.00528037164410266
-0.0132456471407666
-0.030798564372237
-0.0666662093807334
-0.134953592905825
-0.256696334697524
-0.46090313656806
-0.784348560492634
-1.26886669962775
-1.95436637675641
-2.86605540484778
-3.99654445548729
-5.28777879958616
-6.62204253237796
-7.83170113229007
-8.73116714483216
-9.16363025188673
-9.04581785852046
-8.39292861640447
-7.31410224937903
-5.98131591078404
-4.58440166557519
-3.28792664399775
-2.20233107331265
-1.37481273487975
-0.798092775745655
-0.429914774621917
-0.214468153455606
-0.0989040132060031
-0.0420971517917076
-1.81730154953247e-09
-1.39933594326989e-08
-8.77015852362183e-08
-4.73663488453788e-07
-2.26142205517636e-06
-9.67831035098469e-06
-3.74573174703768e-05
-0.000131912837597342
-0.000424782260247295
-0.00125606004653612
-0.00342421936102237
-0.00864163301497011
-0.0202771548742265
-0.044447330279091
-0.0914734352858824
-0.177649761716397
-0.327112897007916
-0.573221269595335
-0.958129274203151
-1.52838213229878
-2.32420067026749
-3.36187181374421
-4.61276794881225
-5.98740414976114
-7.33507961854812
-8.46591472184413
-9.19285643092369
-9.3810910118754
-8.98718875440725
-8.07323242249031
-6.7905558359094
-5.33902929807899
-3.9163943999898
-2.67478366914477
-1.69734273165425
-0.998760697500008
-0.543951592370849
-0.273743889227549
-0.127110881080031
-0.0543917851050054
-1.32428361408333e-09
-9.26633339705515e-09
-5.53119286989352e-08
-2.90370913935427e-07
-1.36221021113803e-06
-5.76652099833946e-06
-2.21748292743095e-05
-7.7857389805983e-05
-0.000250676099200994
-0.000743115820059723
-0.002036623762303
-0.0051830378266015
-0.0123077127582666
-0.0274148059809669
-0.0575991007461755
-0.114762684143098
-0.217830514735145
-0.395096240664713
-0.685563491630187
-1.13712101031661
-1.79881540839568
-2.70551300865779
-3.85660343262342
-5.19524575661523
-6.59828062922841
-7.88617936221021
-8.85608425685271
-9.33123431327727
-9.21136320297973
-8.50548803853363
-7.33321227655721
-5.8922270661549
-4.40350287467928
-3.05494481384257
-1.96376337594102
-1.16765734716381
-0.641240227631094
-0.324808341418691
-0.151578598766716
-0.0651074957661947
-8.15001820125752e-10
-5.38959609850525e-09
-3.11542730717975e-08
-1.60358013185113e-07
-7.430240551879e-07
-3.12177101477672e-06
-1.19570735376768e-05
-4.19382042934758e-05
-0.000135247643734058
-0.00040268424966631
-0.00111180084178995
-0.00286055595917434
-0.00689644430389938
-0.0156727941225464
-0.0337785540205041
-0.069417751204276
-0.136575134138224
-0.257731405846195
-0.466319806792163
-0.807082703679853
-1.33159422857078
-2.08644051240949
-3.09381802621249
-4.32857296245327
-5.70031954883819
-7.05143100161975
-8.17886863451096
-8.87947782757626
-9.00707439706681
-8.52072312886382
-7.50308479327122
-6.13834268158009
-4.65711090803822
-3.2711045619319
-2.12378510614592
-1.27281886149647
-0.703300768947159
-0.357920027488543
-0.167617775461618
-0.0721806515015947
-4.37744136501951e-10
-2.79055601357303e-09
-1.57749264582155e-08
-8.00583040665777e-08
-3.67668884116248e-07
-1.53675775489764e-06
-5.87287499722215e-06
-2.06054677952996e-05
-6.66457107987422e-05
-0.000199582417540443
-0.000556139299341006
-0.00145020240830137
-0.00356157549320135
-0.00829427316041262
-0.0184353950406281
-0.0393104139911351
-0.080649205196769
-0.159219437374143
-0.301779090995005
-0.546981035395429
-0.943796747939206
-1.54355143216087
-2.38378454856145
-3.46550291452018
-4.73041479589682
-6.04918536377855
-7.23221090540719
-8.06807158582976
-8.38221630805714
-8.09513958091042
-7.25412018754176
-6.02153157973536
-4.62295175996504
-3.27808234052663
-2.14426594886693
-1.29251715619602
-0.717296615066174
-0.366210191301114
-0.171888371420147
-0.0741319743574649
-2.08348510877699e-10
-1.29467313949919e-09
-7.19962442759678e-09
-3.61452318722017e-08
-1.64830072595225e-07
-6.86004120214791e-07
-2.6164542664754e-06
-9.18200609816072e-06
-2.97762007974977e-05
-8.96727804948046e-05
-0.000252274586707048
-0.000667628903891477
-0.00167513385377239
-0.00401685538156827
-0.00926913398501497
-0.0206730940246724
-0.0446038458784201
-0.0928642282174158
-0.185659288053783
-0.354360048555942
-0.642066680536569
-1.09902963917985
-1.77016343238748
-2.67428315386559
-3.77960178118236
-4.98583532710276
-6.12615571808929
-6.9978987584233
-7.4182998353312
-7.28589861006875
-6.61989391204219
-5.55676140289116
-4.30404609329675
-3.0730135643493
-2.0206656295269
-1.22273668052476
-0.68044855993566
-0.348048058134343
-0.163552843175513
-0.0705789385284851
-8.82993576661053e-11
-5.37859880816236e-10
-2.94884253062408e-09
-1.46459427005337e-08
-6.62137019260194e-08
-2.73573234581804e-07
-1.03689030400514e-06
-3.61987118168027e-06
-1.1697025003097e-05
-3.52035668275364e-05
-9.94760802760778e-05
-0.000266558930062538
-0.00068494965687027
-0.00170561743050269
-0.00414548600821382
-0.00985020961163296
-0.0227877302548053
-0.0509205099264926
-0.10891220944841
-0.221145688540735
-0.423502939008177
-0.76119491906539
-1.27951559053043
-2.00600954276325
-2.92697751302677
-3.96740249486625
-4.98751346531101
-5.80642754693168
-6.25165705382304
-6.21746467781101
-5.70546922388124
-4.82628794044911
-3.7602474796086
-2.69642205890758
-1.77851955984458
-1.07844593193539
-0.600910231616072
-0.307554786838043
-0.144540700119386
-0.0623569008191661
-3.29375402963753e-11
-1.9630372940156e-10
-1.05484215223899e-09
-5.13269978592798e-09
-2.26861270947938e-08
-9.13204702301595e-08
-3.35721181762674e-07
-1.13150782906936e-06
-3.51804963992027e-06
-1.01970492314686e-05
-2.80244660829355e-05
-7.48003835986962e-05
-0.000199083935908909
-0.000537688008272882
-0.00147108439095615
-0.00400054772237537
-0.0105536017673254
-0.0264718635321114
-0.0623226492283205
-0.136726015262619
-0.278494864897945
-0.525751144071149
-0.919063113315067
-1.48677280103847
-2.22446004109028
-3.07614205539676
-3.92900065003444
-4.63155700287345
-5.03518175019311
-5.04467201315681
-4.65466800571501
-3.95292016090911
-3.08805856357997
-2.21811532535401
-1.46430969708471
-0.888125312116178
-0.494732258046004
-0.253046183906319
-0.118810737670523
-0.0511967042823851
-1.00896891833455e-11
-5.71634018151114e-11
-2.88244977250206e-10
-1.28829625103177e-09
-5.05367617111793e-09
-1.70540461422142e-08
-4.73853998586317e-08
-9.58514808724459e-08
-6.38245606538707e-08
5.42346363367239e-07
3.22792682998261e-06
1.06988965592608e-05
2.18346001096742e-05
4.02231783398237e-06
-0.000204649943316496
-0.00116627472033226
-0.00446366742802587
-0.01389280001166
-0.0373611620285189
-0.0892564503992662
-0.192311293710706
-0.377052517061896
-0.676410696692918
-1.11397746623945
-1.68746833421493
-2.35352897159922
-3.02339248109532
-3.57733609851593
-3.89776470717975
-3.90940364701657
-3.60803939193488
-3.06282388594477
-2.39053359466115
-1.71488481150043
-1.1303226744345
-0.684340236340421
-0.380480136942829
-0.19421462093512
-0.0909979042513866
-0.0391289302048317
-1.55762681248724e-12
-5.51984969015208e-12
-3.93780434583028e-12
1.42312209842457e-10
1.55248103986013e-09
1.10346726212409e-08
6.29030242286544e-08
3.05059163297817e-07
1.28849323553579e-06
4.78444305179858e-06
1.56331861517437e-05
4.46237585341745e-05
0.000108989649808736
0.000215787222264883
0.000286584162359115
-6.57152165469274e-05
-0.0020550647836258
-0.00870609152663472
-0.0263743611181577
-0.066546926534764
-0.147083456252835
-0.29140225508786
-0.523882787254276
-0.86063814733786
-1.29720524052708
-1.79796955020089
-2.29424987039461
-2.69636455828513
-2.91880423900328
-2.90952445354596
-2.66979031710094
-2.25421787170561
-1.75065866885383
-1.25004531013811
-0.820378340927013
-0.494683513957471
-0.273993930340606
-0.139361709471072
-0.0650781600847248
-0.0278949911958165
1.30382849456993e-12
1.17192905000972e-11
9.08096563319483e-11
6.19064453598439e-10
3.75434783701794e-09
2.0383381974715e-08
9.94160272034408e-08
4.36194077867524e-07
1.72098114694832e-06
6.09140866876064e-06
1.92431328702289e-05
5.37237047493788e-05
0.000129984071588197
0.000260769403906167
0.000379725731747991
0.000134871142005915
-0.00157289667793466
-0.00742090669637103
-0.0228562150160113
-0.0573373674847851
-0.124875605690095
-0.242755169559805
-0.427393540986159
-0.687215468429701
-1.01420253164463
-1.37778556329742
-1.72558738454766
-1.99378629697207
-2.12542474946859
-2.08989805574576
-1.89460544084803
-1.58266914614017
-1.21756864263736
-0.862167374012178
-0.56164932112105
-0.336447116326065
-0.185255375733356
-0.0937286729012209
-0.0435597423460067
-0.0185903934048976
2.06036137517205e-12
1.60749296185422e-11
1.13387711809885e-10
7.24034826328486e-10
4.1881231157849e-09
2.19465448341613e-08
1.04119873269416e-07
4.46595633514244e-07
1.72758437311393e-06
6.00254911030875e-06
1.86054532168357e-05
5.08310292449312e-05
0.000119574153092591
0.000229426066349887
0.000300270903315768
-2.95900354088769e-05
-0.00181935240441334
-0.00752599774012365
-0.0219130630802775
-0.0528188252482355
-0.111118659121597
-0.209082282285711
-0.356650804380489
-0.556069259970143
-0.796578965505472
-1.0518569249283
-1.28275210033103
-1.44610327252911
-1.50744331806813
-1.45270936275496
-1.29358267913644
-1.06364528251631
-0.806985124861609
-0.564517001811633
-0.36385084964048
-0.215934303545078
-0.117928186769833
-0.0592360824313282
-0.0273545812865554
-0.0116084860146475
2.03631182814917e-12
1.54989972910933e-11
1.07238701390519e-10
6.74322207767468e-10
3.85124487839685e-09
1.99589751947979e-08
9.3722653201139e-08
3.9789711482506e-07
1.5222417829497e-06
5.22097397580429e-06
1.59188759040032e-05
4.25063806026554e-05
9.64385380791504e-05
0.000172361093314298
0.000178063757133126
-0.000245323555977323
-0.00208430502766213
-0.0075237486320194
-0.0206139355290696
-0.0476855266839571
-0.0969506102663866
-0.176751322473212
-0.292365558090879
-0.442113047888456
-0.614351206101471
-0.787234423312474
-0.932406818210918
-1.02218136152313
-1.03791144581658
-0.976212731972336
-0.850238349886735
-0.685307560069226
-0.510788755545856
-0.351751298807123
-0.223609681972158
-0.131111833669667
-0.0708518410969442
-0.0352623595884435
-0.016152830475838
-0.00680645434055348
1.71433985085151e-12
1.29571029195997e-11
8.91129172397462e-11
5.5731889806e-10
3.16658330500562e-09
1.63243870477823e-08
7.62161859620029e-08
3.21425769545085e-07
1.21967088965145e-06
4.13900835484105e-06
1.2435475958336e-05
3.24748840663581e-05
7.08989219010242e-05
0.000116190962881605
7.69646261562261e-05
-0.000369715276165706
-0.00207095080229097
-0.00683724291274639
-0.0179079108618432
-0.0401349779941625
-0.0794436591187778
-0.141230106971977
-0.227814104843018
-0.33575455395783
-0.454359742758448
-0.566621206628019
-0.652908509353337
-0.696436040272061
-0.688469053027791
-0.631118083430631
-0.53653036649801
-0.422863077276903
-0.308791923002106
-0.208760738135243
-0.130544526494104
-0.0754379333532222
-0.0402478452321547
-0.0198079056516645
-0.00898521210011486
-0.00375401533994414
1.29842586360599e-12
9.78786692407734e-12
6.71445553896614e-11
4.18821168600678e-10
2.37282724255821e-09
1.2192107810753e-08
5.66985864917193e-08
2.37939522121681e-07
8.97131365268482e-07
3.01820728500219e-06
8.95566277771292e-06
2.29318659342429e-05
4.82820726493395e-05
7.20918150106628e-05
1.62953373620881e-05
-0.000378857920907555
-0.00177302385877618
-0.0055401576363485
-0.014073912776508
-0.0308419156350207
-0.0598690654380466
-0.104451678532576
-0.165292439977368
-0.23876168036603
-0.316288521969998
-0.385632401309277
-0.433964571702345
-0.451713182271899
-0.435597815120624
-0.389564321529383
-0.32328612363206
-0.248979498921667
-0.177910684616148
-0.117887623709088
-0.0723828828747542
-0.041145334502891
-0.0216326390356109
-0.0105095738632677
-0.00471349194704357
-0.0019498545209734
8.96414066874788e-13
6.74876962506301e-12
4.62316767322689e-11
2.87914773332037e-10
1.62810578420874e-09
8.34642554182204e-09
3.87037996457221e-08
1.61830074823523e-07
6.07222780209174e-07
2.02929000401834e-06
5.96272781836642e-06
1.50285587555064e-05
3.0690638724e-05
4.19515999154386e-05
-9.47034447572351e-06
-0.000310341342922457
-0.00132464617131651
-0.00400110838009451
-0.00996014725988993
-0.0214894020003482
-0.0411358170192076
-0.0707878857221931
-0.11042813632719
-0.157084131704426
-0.204659957954901
-0.245071787340677
-0.270482858440796
-0.275786023948007
-0.260250879815062
-0.227621210760297
-0.184698213371389
-0.139120608177187
-0.0972924102412181
-0.0631615770180815
-0.0380463746002156
-0.0212500748964598
-0.0109957802144309
-0.0052662464236988
-0.00233217612256935
-0.000954082592203313
5.65965004360285e-13
4.25783035570011e-12
2.91426894623699e-11
1.81302692551965e-10
1.02393577976245e-09
5.24091162198305e-09
2.42546868269204e-08
1.01154699243748e-07
3.782638088551e-07
1.25818696106904e-06
3.67144050594579e-06
9.14950405109894e-06
1.82706356833603e-05
2.3257542816082e-05
-1.43546074153019e-05
-0.000215010086178448
-0.000873556476823711
-0.00258499466967938
-0.0063506679501941
-0.0135561829437482
-0.025692634770269
-0.0437689894013267
-0.0675509779185759
-0.0949750045503503
-0.122156498597548
-0.144212361931342
-0.156699090901662
-0.157079987786318
-0.145552907291623
-0.12487492064117
-0.0993220355398381
-0.0733064608284349
-0.0502366185960798
-0.0319729014756212
-0.0188966603333558
-0.0103671638219641
-0.00527634352276918
-0.00248916154512632
-0.00108747270350812
-0.000439543565756507
3.27019603295317e-13
2.45919000868954e-12
1.68232956709267e-11
1.04594904153661e-10
5.90250823330033e-10
3.01815710394982e-09
1.39504469751207e-08
5.80873684128799e-08
2.16757630604167e-07
7.18911750256344e-07
2.08909531014153e-06
5.17145793131235e-06
1.01916130444203e-05
1.24169186202476e-05
-1.07732872061634e-05
-0.000129282638833686
-0.000512626456967257
-0.00149973183279802
-0.00365470121959864
-0.00774595520923709
-0.0145776863458023
-0.0246504479190016
-0.0377377054927096
-0.0525837250537506
-0.0669569103056099
-0.0781627890749715
-0.0838739190381728
-0.0829227692619948
-0.0756849465373775
-0.0638835295169511
-0.0499406682652181
-0.0362017351871486
-0.024356173314399
-0.0152177779922702
-0.00883227821354003
-0.00476159567252729
-0.00238365351996397
-0.00110736156690263
-0.000477037396048761
-0.000190386008976727
1.72937531737616e-13
1.30025186954401e-12
8.8928747097184e-12
5.5272371605575e-11
3.11792270076427e-10
1.59352463519823e-09
7.36105880322454e-09
3.06268559526704e-08
1.14176541799251e-07
3.78216624295543e-07
1.09725220182235e-06
2.70974681834802e-06
5.31842819891403e-06
6.40283294430373e-06
-5.95408031813797e-06
-6.83659454940519e-05
-0.000269140726012718
-0.000783734599436943
-0.00190176796331057
-0.00401291016474741
-0.00751570235993699
-0.0126400408519521
-0.0192322657672263
-0.0266118164231744
-0.0336183054421518
-0.0388940828445556
-0.0413165012441184
-0.0403895789464745
-0.0364067738882325
-0.0303131721523575
-0.0233507179076116
-0.0166641226772216
-0.011029908524129
-0.0067771886304265
-0.00386786461609188
-0.00205097237085418
-0.00101042554952986
-0.000462346856355275
-0.000196382818136703
-7.73705477559647e-05
8.36938610163527e-14
6.29265214852053e-13
4.30370314487747e-12
2.67481701481249e-11
1.50879358724699e-10
7.71074860003404e-10
3.56164573501553e-09
1.48181592207724e-08
5.52430306588786e-08
1.83027221670316e-07
5.3125983713758e-07
1.31378690812433e-06
2.58871621455813e-06
3.17119800849107e-06
-2.58263436964968e-06
-3.20158080640692e-05
-0.000126867800148491
-0.000369747005808066
-0.000896190869485584
-0.00188678668267123
-0.00352274980652944
-0.00590164090778876
-0.00893781638928551
-0.0122999066371434
-0.0154402918294027
-0.0177343023975994
-0.0186842529983924
-0.018096303983803
-0.0161436609485159
-0.0132885849633282
-0.0101092480871844
-0.00711793695808168
-0.00464453015332891
-0.00281158593569336
-0.00158033465144492
-0.000825244889812683
-0.00040047176651971
-0.000180594058870877
-7.56551305135397e-05
-2.94256152377643e-05
3.7062173424318e-14
2.78703202391121e-13
1.90645916506052e-12
1.18513061531324e-11
6.68659759587953e-11
3.41823200454648e-10
1.57953193195246e-09
6.5753057255462e-09
2.45337953863399e-08
8.13927627231546e-08
2.36798759634681e-07
5.88192817356218e-07
1.17099866946839e-06
1.49172047270354e-06
-8.57913406960686e-07
-1.33185104866885e-05
-5.38090815330821e-05
-0.00015772707603806
-0.000382905751128478
-0.000805815152909654
-0.00150199134508923
-0.0025096450351821
-0.00378755376248155
-0.00519001121750206
-0.00648202476770081
-0.00740108527165294
-0.00774467110475317
-0.00744327189848623
-0.00658274548866671
-0.00536647588475994
-0.00403933960416771
-0.00281137939543115
-0.00181180117534249
-0.00108246128490816
-0.000600167880257798
-0.000309058347971952
-0.000147893305820569
-6.5781205152193e-05
-2.71939960322161e-05
-1.04449777386657e-05