-6.47343215103775e-08
-2.56749329489536e-07
-9.32461376452072e-07
-3.10438410251686e-06
-9.48159966406971e-06
-2.65832323509928e-05
-6.84492196291587e-05
-0.000161941442461208
-0.000352181633275509
-0.00070435860913991
-0.00129616025098898
-0.00219590097548899
-0.0034273198123655
-0.00493232463537589
-0.00655198161166447
-0.00804526755888256
-0.00914990669187821
-0.00966578779109585
-0.00952405541822676
-0.00880782077696998
-0.00771425435494706
-0.00647809862162382
-0.00529424703420356
-0.00427239492544482
-0.00343555504383017
-0.00275122771791286
-0.00217197664394731
-0.00166469241988512
-0.00121973105201059
-0.000843648532164238
-0.000545809122739078
-0.000328238046124173
-0.000182733555862756
-9.3921998878352e-05
-4.44925649681868e-05
-1.94045955778904e-05
-7.78633682083873e-06
-2.87358683519411e-06
-9.75294145636032e-07
-3.04448794344581e-07
-1.7305966975605e-07
-6.89939722846902e-07
-2.51283769628893e-06
-8.37803789907369e-06
-2.56057227289976e-05
-7.18072184061297e-05
-0.000184907721989604
-0.000437484701561009
-0.000951550724819441
-0.00190370343100133
-0.00350522348635932
-0.00594377218922359
-0.00928899316012027
-0.013391825793991
-0.0178317031253764
-0.0219642910435183
-0.025082427433683
-0.0266393305559995
-0.0264357894347396
-0.0246792177436072
-0.0218851280283679
-0.0186730176859736
-0.0155576225541277
-0.0128259458642471
-0.0105339152913156
-0.00859310935692372
-0.006883268468223
-0.00533202579750212
-0.00393652145584224
-0.00273786250580417
-0.0017789662800489
-0.00107380635235931
-0.000599888378460065
-0.00030942415201737
-0.000147133067978017
-6.44361340658262e-05
-2.59767418402479e-05
-9.63797019425465e-06
-3.2911841396815e-06
-1.03466505924439e-06
-4.17287918328204e-07
-1.6835632236409e-06
-6.1744290514601e-06
-2.06682484376507e-05
-6.33085137728835e-05
-0.000177750466720503
-0.000458005924736359
-0.00108402673607015
-0.00235856110654958
-0.00472055764693722
-0.00869718025210671
-0.0147613379404335
-0.0230996909901119
-0.0333633815823712
-0.0445339468853737
-0.0550344668754249
-0.0631195110001292
-0.0674220013289592
-0.0674171933196568
-0.0635756131742275
-0.0571279051415459
-0.0495652783999379
-0.0421239561572229
-0.0354808438966539
-0.0297492467050243
-0.0247027588679405
-0.0200633866869453
-0.0157012203379488
-0.0116785678845189
-0.0081685743010226
-0.005332335266061
-0.00323210630126631
-0.00181299299209649
-0.000939105269942248
-0.000448598648871329
-0.000197464852032768
-8.00664669263797e-05
-2.99033329104422e-05
-1.02893990972285e-05
-3.26328540283609e-06
-8.89384392038452e-07
-3.68603247908637e-06
-1.37316806061832e-05
-4.63920057763229e-05
-0.000142880237151642
-0.000402451031273088
-0.00103894039033163
-0.00246181786956038
-0.00536049087048289
-0.0107361961894392
-0.0197959036757315
-0.0336331010897734
-0.0527052245734962
-0.0762683519509444
-0.102065929932623
-0.126565560810287
-0.145824479547819
-0.156716280311279
-0.157982816695608
-0.150593818602746
-0.137230683880423
-0.121164484844824
-0.105089280880249
-0.0904349962731705
-0.0773731775841524
-0.0653542269310689
-0.0537901196552858
-0.0425150224033062
-0.0318598283042043
-0.0224167780734184
-0.0147080760172917
-0.00895766344358143
-0.00504881466235579
-0.00262856139375088
-0.00126266785685119
-0.000559301103638855
-0.000228405730724846
-8.60066491177038e-05
-2.98742078994403e-05
-9.57802190218828e-06
-1.59469574378433e-06
-7.04985125155243e-06
-2.72118938325025e-05
-9.38438397185623e-05
-0.000292579941630157
-0.000830206111093583
-0.00215283701531653
-0.00511545921133658
-0.0111589519469127
-0.0223795397884742
-0.0413136456311787
-0.070281977263509
-0.110310522857636
-0.159956113278529
-0.214645924887657
-0.26713938506415
-0.309288069870909
-0.334555182685538
-0.340196291615882
-0.328026637694349
-0.303376774115738
-0.272778073204688
-0.241542332587784
-0.21234681432673
-0.18529421851563
-0.159112591779218
-0.132655325587687
-0.105882983147384
-0.0799558694350086
-0.0566155312308229
-0.0373589274320718
-0.0228790674574284
-0.0129693379612476
-0.0067940250544178
-0.00328603782785214
-0.00146685631538649
-0.000604337508800624
-0.000229876709228291
-8.07782589036502e-05
-2.62440656464586e-05
-2.04308293924941e-06
-1.09815096012285e-05
-4.63463713492503e-05
-0.000167593842406423
-0.000536874831167067
-0.00154819422646863
-0.00405443128733778
-0.00969330393336607
-0.0212289335964071
-0.0426905766092678
-0.0789724803804494
-0.134597577834877
-0.211674748335028
-0.307663383365011
-0.414092311215904
-0.517385650905882
-0.602142312710229
-0.655873867778412
-0.673137826028779
-0.657022039748158
-0.617192750673158
-0.56550482071042
-0.511394838670742
-0.459223528144949
-0.408516503528289
-0.356460760052982
-0.30096703907986
-0.242611671016715
-0.184677888031695
-0.131678749266175
-0.0874575112273328
-0.0539101303365119
-0.0307706416652126
-0.0162409489434194
-0.00792150062522652
-0.00356990971965785
-0.00148683397031966
-0.00057260862456765
-0.000204070705296496
-6.73658763783037e-05
-8.6467079956899e-08
-1.05073394343683e-05
-6.11470517868632e-05
-0.000251355098850317
-0.000858881669287575
-0.00256775386468528
-0.00686956893933797
-0.0166403794985201
-0.0367473759277825
-0.0743038966649287
-0.137986930473731
-0.235898564781205
-0.372018571448433
-0.542304691408675
-0.732420961696881
-0.919092816628838
-1.07570974309955
-1.18048436263997
-1.22361397891801
-1.20988175809791
-1.15527723009877
-1.07933066069982
-0.997058302507139
-0.914406740202618
-0.828962883071891
-0.734792179600455
-0.628259781753575
-0.511613192756435
-0.392798057073482
-0.282252921653717
-0.188881284947975
-0.117334799264847
-0.0675314542139294
-0.0359724773043505
-0.0177274206880049
-0.00808290958749516
-0.00341138907078832
-0.00133366612931195
-0.00048339630625885
-0.000162600974746159
1.08448093482374e-05
1.06808475464091e-05
-3.45788336578498e-05
-0.000268487581797169
-0.00111507663444667
-0.00364873293438775
-0.0102483411436896
-0.0255396291401335
-0.0573901588942675
-0.117342847327455
-0.219548449377416
-0.377367469117654
-0.597713828683402
-0.874814710085104
-1.18652541907079
-1.4963738963002
-1.76234240618584
-1.94974110623094
-2.04255355977548
-2.04756152885768
-1.9889096501089
-1.8957587425618
-1.78932502140892
-1.67573917832228
-1.54776354373057
-1.39351696536537
-1.20679388614104
-0.993269241828416
-0.769788232009195
-0.558052653148838
-0.376760677182937
-0.236233481784714
-0.137345060353505
-0.0739872226555612
-0.0369244665464481
-0.0170773497336767
-0.00732397192403139
-0.002915072230173
-0.00107775370309508
-0.000370451274682206
4.73583074439681e-05
9.45386260552992e-05
0.000131404778071642
-6.5910693118266e-06
-0.000877750876392414
-0.00398772570893123
-0.0127768804965476
-0.034047940839427
-0.079480607315885
-0.166318042073886
-0.315834722518401
-0.548366575709875
-0.875013716304107
-1.28846589755589
-1.75752659001692
-2.2299586223641
-2.64513232766173
-2.95265749005983
-3.12883057870649
-3.18254927053146
-3.14716926432299
-3.06211936578562
-2.95365435294491
-2.82457759684077
-2.65778054168054
-2.43085203106516
-2.13315166450459
-1.77596287509213
-1.39091243940912
-1.01870482145389
-0.695035321895044
-0.44072408689101
-0.259415799291876
-0.141678615892283
-0.0718025463160336
-0.03378442196757
-0.0147688209711377
-0.00600310296128642
-0.00227055015906359
-0.000799572917960539
0.000145738705573316
0.000332796649064942
0.000651770654266571
0.00100277854118134
0.000806160571459166
-0.0017652832084476
-0.0111767544044486
-0.0365541401659376
-0.0938420756501252
-0.206825816559132
-0.405107739199503
-0.71738830601842
-1.16022487291029
-1.72559726835418
-2.37343749953687
-3.03530770819923
-3.63119265133251
-4.09429649200505
-4.3929031369379
-4.53804304560578
-4.57209690303792
-4.54340805653757
-4.47979630647079
-4.37487277830096
-4.19435753681002
-3.89872083814152
-3.46954205539757
-2.92528632786657
-2.31873772427941
-1.71885902461078
-1.18767341045443
-0.763490562542448
-0.45622820844092
-0.25337311145046
-0.130818719556841
-0.0628288087978547
-0.0280877905630488
-0.0116952394427258
-0.00453742296362598
-0.00164044298610884
0.000375251930138667
0.000899594061624526
0.00193200077720025
0.00363672398363623
0.0057060505985194
0.00636382407809637
0.000514428869783094
-0.0229734010317528
-0.0841811790620238
-0.213584674037882
-0.449573219761647
-0.829979406879824
-1.37790799069835
-2.0861077282728
-2.90758366110161
-3.76007548793744
-4.54674261774874
-5.18666232034366
-5.64157284773982
-5.92485849684819
-6.08659822258953
-6.18091674528652
-6.23202322701347
-6.21714672820708
-6.07635774325307
-5.74490641671868
-5.19112617868344
-4.43975643833613
-3.56896961701569
-2.68418362692495
-1.88347122497831
-1.23124880176405
-0.749427919326775
-0.424742122696699
-0.224229349996848
-0.110317269973916
-0.0506013614451422
-0.0216440442254095
-0.00863222379486477
-0.00320852103775151
0.00085077874975802
0.00208148142757516
0.00463281009739546
0.00930696712423163
0.0166261156436147
0.0255997786502487
0.0313476150962553
0.0215751550785692
-0.0272197473842817
-0.151698632141442
-0.39879702106108
-0.815603235686073
-1.43251437337341
-2.24483787067359
-3.20188179226116
-4.21225038846354
-5.16778832065722
-5.97857216268696
-6.60322884485726
-7.05843214549462
-7.40038936393728
-7.68549879938671
-7.92950444243964
-8.08727509620286
-8.06611692508887
-7.76812099296718
-7.14073031031184
-6.20942476221182
-5.07609130953111
-3.8855176033168
-2.77853852241865
-1.85417171281993
-1.15424558757332
-0.670342244452617
-0.363286784824788
-0.183753699399956
-0.0867436340322948
-0.0382026533119526
-0.0156850140741855
-0.00599715713336212
0.00173434579970023
0.00427902694122205
0.00966745122551153
0.0199368694430629
0.037316630380295
0.0627332474411625
0.0927879004025714
0.115238554715478
0.104157490356422
0.0174049611982124
-0.2000427047044
-0.604317509299561
-1.23338488130134
-2.0864496602841
-3.11221195395527
-4.21528290225786
-5.28284076289812
-6.22268942699122
-6.99542307022136
-7.62330531494139
-8.16829924996953
-8.68722956019535
-9.18542021500979
-9.59372988664921
-9.78433417862748
-9.6212862741977
-9.0226588357778
-8.00349072720898
-6.6784451085967
-5.22461176196795
-3.82476796770815
-2.61785284627619
-1.67468112869607
-1.00119329065634
-0.55929037339672
-0.291829813437545
-0.142133220274644
-0.064548741045956
-0.0272979030681981
-0.0107337377213413
0.00321041402716717
0.00794352578710549
0.0180512238419587
0.0376283166869154
0.0717853164779131
0.124811015835443
0.196281191492698
0.275236476579989
0.334046033710404
0.325300977939208
0.185866628355801
-0.149308666508858
-0.725382378589145
-1.54529458456527
-2.5581564634996
-3.66772723083094
-4.76198210428959
-5.75329433068179
-6.61066615874705
-7.36635948756609
-8.09009761935319
-8.84003380093974
-9.6130069222156
-10.3199768004088
-10.8028277760779
-10.8891759570089
-10.4618162223756
-9.51047655116933
-8.14189040435266
-6.54551492394694
-4.93359602633037
-3.48332234122155
-2.30232943508126
-1.42368600728808
-0.822957768586476
-0.444198989346251
-0.223568227733183
-0.104754570193703
-0.0456149583841213
-0.0184264333604254
0.00542332220677014
0.0134219330296498
0.030547105311759
0.0639143081165671
0.122840593197447
0.216508257931032
0.348859729749582
0.511033632717641
0.673641136143768
0.783204704010876
0.767585029682774
0.552753848732755
0.0877788333602442
-0.631383757482685
-1.55176537408674
-2.5758824406404
-3.59571877247978
-4.5350047061532
-5.37962763456548
-6.17916967861708
-7.01535917262221
-7.94952868206922
-8.97273035152465
-9.98296504721014
-10.8030937954172
-11.2349330892298
-11.1280698577744
-10.4345990172462
-9.22747583978085
-7.67719598712264
-5.99971317237639
-4.39839542035129
-3.02081246978051
-1.94080079411269
-1.16449726068058
-0.651317455351254
-0.338920109005609
-0.163758315663175
-0.0733324206701784
-0.030382421138501
0.00838302070959215
0.0207268657018053
0.0471504971121385
0.0986993422999613
0.190092448990393
0.336672665632474
0.54768100324778
0.816484642813411
1.11103303200729
1.37017301238051
1.51146677893093
1.4523123230605
1.13908798049599
0.572119141221338
-0.187699445357706
-1.03864230438083
-1.87944830820509
-2.65432678644096
-3.37875337632568
-4.13055322062568
-5.00776527617957
-6.07202666637058
-7.30376012893281
-8.58932487490354
-9.74491334997488
-10.566466964913
-10.8865806533818
-10.6198850296847
-9.78469956622743
-8.49689836372065
-6.9395757890107
-5.31826794092208
-3.81516526106312
-2.55549060749558
-1.59433488962674
-0.924293389553858
-0.496854547954322
-0.247173817894642
-0.113605921769605
-0.0481727227177176
0.0118739905801611
0.0293177922478549
0.0666086517969854
0.139296302268481
0.268196827766641
0.475429868249823
0.775754811618894
1.16429907676369
1.60519800739412
2.02835740332881
2.34084056588455
2.45371546553252
2.31608118600914
1.94029964639721
1.40211477995504
0.809280870359259
0.249259781014088
-0.258714094213977
-0.779692702463982
-1.43430300293362
-2.33721191511243
-3.53449268847783
-4.97228522802082
-6.50934323326512
-7.95999341138025
-9.14087821359277
-9.90251818428834
-10.145130206111
-9.82930338854161
-8.98741688469734
-7.72893487722818
-6.22701320716482
-4.68221814854082
-3.27452828940181
-2.123807382805
-1.27445267219937
-0.706234709820138
-0.360854853519796
-0.169804475379147
-0.0735155044843304
0.0154244859977109
0.038031641591123
0.0862811140294891
0.18018094422036
0.34649328708845
0.613786172258147
1.00180421511347
1.50682609249216
2.08890632309825
2.66985214697341
3.14914023395592
3.4371624796121
3.49374798388815
3.35146436657669
3.10508114806324
2.86356346202747
2.68351196878016
2.52010284640243
2.22958577635338
1.63178911651213
0.603691278114215
-0.849341234817091
-2.58825273776432
-4.40217995641069
-6.09319977637434
-7.52722673164893
-8.62637694701261
-9.32775560685817
-9.55832295245967
-9.25549993927826
-8.41874067232314
-7.14822697836534
-5.63593409660964
-4.11001196673484
-2.76462881929576
-1.71214076298651
-0.975008291384749
-0.510122157773957
-0.245063550361157
-0.108052222317143
0.0183846500646073
0.0452781383955924
0.102590786313016
0.213954992242978
0.410909071867746
0.727119645492837
1.186211554403
1.78547854768788
2.48264594582443
3.19590158770531
3.82467648505334
4.28860588318342
4.56836973490576
4.72319358452011
4.86458821896296
5.08709963065993
5.38621586461839
5.61336312872786
5.50982129619513
4.82052363740508
3.43395947520075
1.46349103014315
-0.790019414040096
-2.97967859560954
-4.86876158405966
-6.39833926000754
-7.6278633850676
-8.60570882338222
-9.27579583443837
-9.49075047735912
-9.11502725725381
-8.13579632381243
-6.70263845748184
-5.07599799644926
-3.52600754643104
-2.24431574810317
-1.3084164848456
-0.698594112013466
-0.341612309950196
-0.153003932486527
0.0201126630409844
0.0494947551916706
0.112045743321547
0.23345548216327
0.447961225419604
0.792157022448867
1.29218449944434
1.94710920746753
2.7165539118606
3.52353872835015
4.27959738506989
4.92716631720916
5.47865779994535
6.02283273026779
6.67756659004308
7.49636321317543
8.37269215843336
9.00799161922936
8.99244275518692
7.98754544983043
5.92402961591718
3.09119532506073
0.0379928761796379
-2.67836919929845
-4.74894205350634
-6.21043205074152
-7.32385309882876
-8.32828310852087
-9.24704428963072
-9.87346379081726
-9.92553774360223
-9.24491399722727
-7.90549095515904
-6.17968064544664
-4.4091074163517
-2.87083725982862
-1.7065286012644
-0.926649764915246
-0.459898286547972
-0.20872039275895
0.0202002838889062
0.0496933493715397
0.112454173354726
0.234229856714957
0.449374196500301
0.794849906880992
1.29800251619917
1.96127608259242
2.75226566283864
3.60990517213102
4.47260016652832
5.32049450642218
6.20741121539081
7.25022327501335
8.5563448325597
10.1057356862193
11.6473468850712
12.6917837106061
12.6536148959918
11.1148656647189
8.08467110121861
4.08890452835898
-0.00777251532480461
-3.38440513068315
-5.63755150597012
-6.91459641653762
-7.7231823136341
-8.55027977451418
-9.54702145929039
-10.4722604651611
-10.8959514819809
-10.4947911669048
-9.24336685304357
-7.40928029909993
-5.39976305825425
-3.57988764915995
-2.16135115953629
-1.18967622031557
-0.597598346850649
-0.274168994944229
0.0186299488308379
0.0458381198979
0.103756413716058
0.216209876937204
0.415151043724763
0.735495371600277
1.20472629950074
1.83060014314296
2.59503340005147
3.46388453295097
4.41634710873366
5.48311939590136
6.76580060508838
8.40424783875702
10.4767012255625
12.860367475327
15.1287558354418
16.5808915271497
16.4546502282888
14.2725411963757
10.1545713004714
4.89411193638759
-0.310511376275996
-4.37242620530862
-6.80201034476313
-7.86852099612522
-8.33592416880177
-8.94699292835984
-9.98757523737911
-11.1871069757019
-11.9687150713207
-11.840834899929
-10.6728855725416
-8.72266177140177
-6.46127770627177
-4.3434150072236
-2.6539957464006
-1.47638292043328
-0.748678732486515
-0.346451017991253
0.0157807875741231
0.0388570502737519
0.0880411215724507
0.183719406293066
0.353524665946269
0.62850435085078
1.03551090193092
1.58911646198553
2.29028712584289
3.13968002542763
4.16656199139457
5.45949120653331
7.16913023946206
9.45093258307717
12.3390608561184
15.5919586763801
18.6008331752104
20.4643164786934
20.2731007237297
17.5252807496091
12.4705180831422
6.15361242041388
0.054552838056433
-4.54086691770458
-7.10650629574449
-8.04177113059116
-8.33264629808371
-8.92142515126292
-10.178015857319
-11.7754701426293
-12.9883664550505
-13.1701533536748
-12.101084564223
-10.0405985495635
-7.52938990157511
-5.11378599870216
-3.15262503481301
-1.76762264746603
-0.902761215021574
-0.420483993560441
0.012280669764495
0.0302815699083742
0.0687388475624016
0.143815512065461
0.277820235582209
0.496944498980783
0.826877191184078
1.28944009326415
1.90630716706195
2.71539534234989
3.79794640416745
5.29970349481937
7.4155982252801
10.3085650755367
13.9621422557485
18.0199882198964
21.7150045117894
23.9923640567703
23.8544050273796
20.8191412786716
15.2637070595736
8.41691858751882
1.91950283759301
-2.87479330858878
-5.48893005008186
-6.45603559738476
-6.90868485916659
-7.87378320753961
-9.70224711320434
-11.9544938478613
-13.7520771174174
-14.321964770643
-13.3912782239633
-11.2472067767616
-8.51150920068431
-5.82321786086006
-3.61225041601518
-2.03639289828093
-1.04518218236755
-0.489052770241901
0.00878289626475638
0.0217048299123854
0.0494162175981292
0.103826223690786
0.201845067062552
0.364633482178718
0.616314197834014
0.985059069036413
1.51135200889144
2.26670147898257
3.37802379383736
5.03899329761078
7.47801795858095
10.857753390279
15.1146838540691
19.8027058937701
24.0494194956747
26.7227525549984
26.8145427363035
23.906686067104
18.4787684754302
11.8363050914847
5.61525279047086
1.07163047765117
-1.46625070900715
-2.65926931365818
-3.6841111976595
-5.50494431445779
-8.32551937076403
-11.5272636227338
-14.078953574679
-15.1224440342755
-14.3801345952103
-12.1991496346735
-9.29268090567703
-6.3881260950569
-3.97787022992802
-2.2499198417858
-1.1582343225361
-0.543470418174353
0.00577533950917866
0.0143186604189375
0.03274573866663
0.069249703150322
0.135965814468139
0.249444890390371
0.431878175010165
0.715724472127771
1.15536986099938
1.84707569538144
2.95023484206596
4.69009973122322
7.31310093444226
10.974776563333
15.5768638058722
20.6245353266504
25.2119136224113
28.2200764815811
28.7108889354323
26.3634489604972
21.7162415528189
16.0279843024533
10.759545283731
6.91234332397462
4.58318285224097
3.00478157494741
1.06491609989394
-1.99624028915839
-6.12202951186811
-10.4670863784303
-13.8639272503354
-15.4202299913512
-14.903092349214
-12.7452405558347
-9.75091312486283
-6.72056910816578
-4.19235378512071
-2.37459455839448
-1.22396183722602
-0.575008888560484
0.00349412986935862
0.00870323954659119
0.0200360323348695
0.0427936791585856
0.0853142335445659
0.160259727785974
0.287520431594255
0.501101397714363
0.862643903417855
1.48132653710519
2.531853546609
4.2507785815856
6.88489903250834
10.5770057228306
15.2114336591343
20.2923744162517
24.9558519220508
28.1817110804043
29.1679380934565
27.7060610202531
24.3406011029366
20.1718100765154
16.351517287665
13.5201994532951
11.5046739760167
9.47103664816051
6.46454943699815
2.02884191892475
-3.45804865282342
-8.9203959767918
-13.0962705604996
-15.1147916621544
-14.8264355350519
-12.7569472743561
-9.7826023334843
-6.7471452186525
-4.20907145816774
-2.38360004408415
-1.22833383641009
-0.576972270666114
0.00194709719907315
0.00488255673216446
0.0113523989018685
0.024617033039914
0.050236305023912
0.0977501797362259
0.184396090235162
0.342915429849986
0.635339184188784
1.17156310347331
2.12409824707946
3.72058599202493
6.19138398059671
9.6623463033736
14.0182078384086
18.8061045851333
23.267353348892
26.5445044406986
28.0108796950125
27.5654786439291
25.708119480935
23.3040985810374
21.1273918346505
19.4266937643069
17.7775405568249
15.334568107867
11.3612936721454
5.73848962926309
-0.845863764042626
-7.13717567340174
-11.8463603117415
-14.1772617694898
-14.0829812727759
-12.1654578880491
-9.33358665587247
-6.4315209285464
-4.006442089711
-2.26538003827755
-1.16571792081509
-0.546848484767599
0.00100111530614578
0.00253549023173945
0.00598491377954358
0.0132826920947672
0.0280736816940913
0.0574406128911405
0.115704611361582
0.232012520925658
0.463030448473004
0.909145466500258
1.72612956230855
3.11624753252315
5.2802852149646
8.32461336138918
12.1486077473998
16.3738842309668
20.3871918849962
23.5260398910025
25.3470934752739
25.8354172972229
25.4078883042941
24.6656873036791
24.0094245753424
23.3413312040339
22.0551089738862
19.3547053850478
14.7423012277645
8.40147925326133
1.2504997404964
-5.37440589174891
-10.2388933078066
-12.6641226438922
-12.7024951535048
-10.9934886043028
-8.42488271394511
-5.79218954310879
-3.5987654159965
-2.02957967855336
-1.04183550774944
-0.487649627188616
0.000476329359217894
0.00122473074416534
0.0029587545751592
0.00680123607114778
0.0151201278355143
0.0330650638729766
0.071948774747743
0.155832296935071
0.332215831130436
0.68522729390965
1.34446449146924
2.47651490350217
4.24494331043901
6.73580334795736
9.87138084648487
13.3625354000916
16.7541503526256
19.5783047309626
21.5559438712737
22.7281537231182
23.4095372836185
23.9539740160461
24.4538772426322
24.5650426578758
23.5972701950609
20.8568120387893
16.0663079922284
9.62650778534538
2.56362992564901
-3.82171235467608
-8.42809946965933
-10.7186481970522
-10.8223692592011
-9.36579500953562
-7.15963669411316
-4.90588950099312
-3.03735584834385
-1.70710637994024
-0.873501086532053
-0.407658985767589
0.000210775990536401
0.000554710339125407
0.0013882922510609
0.00335848879546871
0.00798874553419135
0.018906434239946
0.0445463127923824
0.103346542792841
0.232037736282371
0.495650448285139
0.993906061877284
1.85422502306511
3.20115376651152
5.10116731484669
7.50137401837375
10.2003632887045
12.8895587346476
15.2696395040402
17.1897255665993
18.7169672531337
20.0640719424918
21.3877121784119
22.5713819785653
23.145638218087
22.4343955361915
19.8798142115776
15.378566755721
9.44015141110112
3.06972865664212
-2.57376215971055
-6.5780844783428
-8.55177582945553
-8.66664383840895
-7.48759567760271
-5.70350078688218
-3.8919217398375
-2.3994616858097
-1.34315669219974
-0.684689790162362
-0.318434337210853
8.74610328478971e-05
0.000238544843539104
0.000628759052899457
0.00162951178275807
0.00420248166811172
0.0107933393197057
0.0273022502687761
0.0668435926460153
0.155681489590331
0.340300787187544
0.69179099057123
1.30072699293838
2.25572403472659
3.60565977259512
5.31939176170962
7.26984192487039
9.26739491325377
11.1413725331047
12.8277073254094
14.3963279583168
15.9736876745371
17.5840885527265
19.0054801785035
19.7528138477351
19.2385790387719
17.0498967903518
13.1982726010475
8.20051651083759
2.9376321990137
-1.6434306626363
-4.84322660963838
-6.4003371485069
-6.49465175833202
-5.59457578889008
-4.24304078940375
-2.88167985864312
-1.76831788951798
-0.985451935230145
-0.500256388374877
-0.231762909867326
3.44761298434457e-05
9.9121014053192e-05
0.000280282474860942
0.000789004983541135
0.00221269814938956
0.00611257669530929
0.0163421400137966
0.0415525229425657
0.0991235863023132
0.219811422407302
0.450591830000546
0.85129544041405
1.48079433825123
2.37315883855275
3.51325578208826
4.82924299335827
6.21688428556503
7.59198629239764
8.94033924093305
10.3208461077134
11.7971281463607
13.3229308383676
14.6545439164185
15.3677656523605
15.002900974197
13.2792070020874
10.2665070235325
6.41589544792829
2.42581840084749
-0.993388694607978
-3.34613745958916
-4.47373017948117
-4.53709614609452
-3.8933044205066
-2.93838858185575
-1.98545882590841
-1.21228955682751
-0.672390978232141
-0.339822650880432
-0.1567885223076
1.31476178456348e-05
4.06134709078801e-05
0.000124969431257211
0.000383235042439309
0.00115772769325564
0.00338394089432619
0.00940303608032553
0.024502307396388
0.0593243027344137
0.13270544785267
0.2734143282372
0.518159014640815
0.903422377559307
1.45161263659821
2.15749137171972
2.98534559139646
3.88507410169353
4.82317178230566
5.80808628952765
6.8826261922359
8.07130466468855
9.30427385005608
10.3690258072168
10.9390775390345
10.6879539277693
9.44055825447406
7.28204904231175
4.56131703432611
1.78217089919979
-0.565847691536123
-2.15864305894693
-2.90945615403215
-2.9452399774065
-2.51618032342313
-1.8892002999689
-1.26975827435072
-0.771296871099481
-0.425702397909998
-0.214159967288458
-0.098387012091307
4.95364098093099e-06
1.66814618708033e-05
5.60065928477906e-05
0.000185222194532019
0.000592444513094428
0.00180053322895463
0.00512883017315026
0.0135677387390245
0.0331446665317545
0.0745335299248809
0.154053292844949
0.292605342696097
0.511251494161218
0.823827947740231
1.23004734482391
1.71487480944902
2.25824302245799
2.85182532936418
3.51022260442032
4.2610007231557
5.10851740747585
5.98747296597709
6.73896081993877
7.13790810527124
6.97289601412983
6.1438955881058
4.72594225078727
2.96148537662592
1.18228073307536
-0.301599836858281
-1.29471423609086
-1.75492246690332
-1.77186425912264
-1.50661344029212
-1.12518518747627
-0.752181335046668
-0.454514220712476
-0.249613804065049
-0.124987337068089
-0.0571691902292204
1.87497032742398e-06
6.89890390680285e-06
2.49993923196782e-05
8.75673513924212e-05
0.000291255978331758
0.000907432983061716
0.00262425557532235
0.00700513485168002
0.017204916362966
0.0388161462723541
0.0804064489702759
0.153010206475796
0.267938460589422
0.433172351998627
0.650179085898108
0.914094705373775
1.21909439061516
1.56668977714066
1.96978728806739
2.44432477991071
2.98684522860304
3.54839338224389
4.02399860612013
4.27340561878925
4.17144219182227
3.66583484956807
2.81149235147493
1.76090085017551
0.713862063042037
-0.149106919688801
-0.719400766812237
-0.97924700098181
-0.98574842067071
-0.834160022595886
-0.619664022381984
-0.412018684205513
-0.247667977424738
-0.135339545008452
-0.0674492949912925
-0.0307152132763467
7.15635105603253e-07
2.8434285283728e-06
1.09134114688527e-05
3.97445215286442e-05
0.000135494691510317
0.000428543633504371
0.00125054960470009
0.00335627190878491
0.00827057665962456
0.0187006077391996
0.0388059057618056
0.0739819547858409
0.129870829449202
0.210754156654066
0.318229731092002
0.451548961055121
0.610338425248902
0.798338815024
1.02442308529824
1.29692695222405
1.61102396797116
1.93522452344301
2.20739526955704
2.3481315630687
2.28957340977043
2.00676547987307
1.53463301428137
0.960331444758571
0.394026237110075
-0.067697060937546
-0.369258103762825
-0.504452690709724
-0.50624983555117
-0.426372929624763
-0.315081503781091
-0.208393154923737
-0.124621611408942
-0.067764319385395
-0.0336139129100353
-0.0152397332235905
2.72286594311921e-07
1.14561209165138e-06
4.5697241621661e-06
1.70519490748796e-05
5.90009340730425e-05
0.000188278621867081
0.000552384611355368
0.00148746058533418
0.00367354530062649
0.00832032490819523
0.0172935795365761
0.0330342875620053
0.0581523343586512
0.0947757944061781
0.144062189335504
0.206462924019828
0.282988995310346
0.376739637732625
0.492898818371885
0.635428144585111
0.800590800937331
0.970525726582704
1.11202563135783
1.18412905614549
1.15312003890394
1.00813096721652
0.768866192045476
0.480704584930922
0.199284795679245
-0.0279093559938134
-0.17469539836595
-0.239514717270661
-0.239668147872914
-0.200934156438226
-0.147735593170258
-0.0972087992471139
-0.0578388446124061
-0.0312979115487894
-0.0154533753635323
-0.00697557038564713
1.01199017317947e-07
4.42255660664511e-07
1.80672438250462e-06
6.84041863775112e-06
2.38760603414181e-05
7.65960985749628e-05
0.000225468378649515
0.000608481839579364
0.00150523935788667
0.0034143328248607
0.00710831248914429
0.013607880398226
0.0240308821631829
0.0393542000878154
0.0602570819690563
0.0872784569064999
0.121357454397394
0.164397379829425
0.219059746957175
0.287060358834979
0.366136227565441
0.447231888308138
0.514251289169155
0.547907547522968
0.532841631202778
0.464743815263023
0.353580009424938
0.220904642055595
0.0924621519148992
-0.0103042409143828
-0.0760464358808716
-0.104680465194021
-0.104472888255813
-0.0872116703868932
-0.063811028266895
-0.041778328703334
-0.0247359725414073
-0.0133216901219071
-0.0065477592537293
-0.002942884577169
3.59959778681402e-08
1.61017422416534e-07
6.67168036275783e-07
2.54756446165046e-06
8.9383565431773e-06
2.87686118442276e-05
8.48685833472296e-05
0.000229410988947947
0.00056830570492462
0.00129096095102886
0.00269241876889199
0.00516677907569658
0.00915671826544169
0.0150753836711119
0.0232649283893219
0.0340753588862553
0.0480765690886652
0.0662446276398307
0.0897996530897994
0.119420163276774
0.1539445178052
0.189237816677955
0.218204954141201
0.232548241714857
0.225851527904433
0.196561741274269
0.149225385341863
0.0931907373268621
0.0393717615405223
-0.00333950533554641
-0.0304195315733181
-0.0420703708534055
-0.041892853959863
-0.0348310473761021
-0.0253677134504643
-0.0165293576232411
-0.00974015565840312
-0.00522137840637402
-0.00255497597428726
-0.00114347039605453