0.926459255872439
2.34351597318982
4.9409935577512
8.7519040606203
13.1767703132577
17.1572363320198
19.8053197023227
20.9349330919838
20.9912106173926
20.5438016797629
19.9224142029962
19.252192295229
18.630114615876
18.1290217295987
17.6640159583573
16.9825633247007
15.8760341251018
14.4049796980678
12.8779723872185
11.5812863302968
10.5166283532782
9.39871746964573
7.92844717315146
6.10513471491048
4.28225578189174
2.89302452295544
2.1018788608749
1.71955108708906
1.432523740725
1.0735942925
0.677937636523048
0.352166311043185
0.14944413215967
0.0517376432266382
0.0146170780401031
0.00337215507168513
0.000635602988277633
9.79195285928148e-05
1.23329897563951e-05
1.27010914067507e-06