0.945116878549834
2.39025756656484
5.03883290197597
8.92449204609801
13.4364757955945
17.4963602125376
20.1986153119962
21.3519837934515
21.4085896106862
20.9491043189605
20.3109368586131
19.6218236952871
18.9782860284179
18.45202630075
17.9573326513977
17.2409846241757
16.0931684791259
14.572386132558
12.9845574601
11.6136698549297
10.4612845608016
9.24702496905557
7.68542929879454
5.79976394114412
3.97188155391017
2.65215319707408
1.99336239224495
1.76250002449348
1.59072798833325
1.27632921995274
0.858772280825664
0.477125316444652
0.218678759553513
0.0829161018748592
0.0260942370257526
0.0068334785307394
0.00149138906562333
0.00027136547802863
4.11367815780948e-05
5.1872535359683e-06