0.916226224250127
2.31790156548665
4.88746008196084
8.657725105037
13.0357052406424
16.9744716908236
19.5961257893049
20.7178142574262
20.7811315457692
20.3498994330203
19.749800256761
19.1047910357591
18.5124491987467
18.0468216924773
17.6243901285179
16.9942641673671
15.9498243502961
14.5538177779483
13.116681005306
11.9249252053052
10.9750169979561
9.96229194120013
8.54337438525422
6.65034041188557
4.58104337709677
2.7862238970384
1.55459757159926
0.873327924635158
0.538001114985154
0.349134080428331
0.211649715725274
0.109980129972632
0.0471949301331601
0.0165167162763143
0.00469906195252474
0.00108665731296236
0.000204390568814146
3.12932093777983e-05
3.90251713504993e-06
3.96610113218516e-07