0 708
0.01 705
0.02 701
0.03 695
0.04 687
0.05 678
0.06 675
0.07 668
0.08 662
0.09 655
0.1 645
0.11 638
0.12 631
0.13 626
0.14 619
0.15 609
0.16 606
0.17 601
0.18 591
0.19 587
0.2 581
0.21 578
0.22 572
0.23 567
0.24 564
0.25 557
0.26 554
0.27 548
0.28 544
0.29 540
0.3 528
0.31 521
0.32 513
0.33 508
0.34 505
0.35 502
0.36 496
0.37 488
0.38 482
0.39 477
0.4 474
0.41 468
0.42 465
0.43 459
0.44 455
0.45 451
0.46 444
0.47 440
0.48 433
0.49 429
0.5 426
0.51 421
0.52 418
0.53 415
0.54 408
0.55 407
0.56 400
0.57 394
0.58 390
0.59 385
0.6 380
0.61 378
0.62 371
0.63 367
0.64 362
0.65 358
0.66 354
0.67 352
0.68 346
0.69 341
0.7 340
0.71 337
0.72 335
0.73 333
0.74 331
0.75 327
0.76 321
0.77 321
0.78 318
0.79 315
0.8 311
0.81 310
0.82 305
0.83 304
0.84 300
0.85 296
0.86 295
0.87 293
0.88 292
0.89 290
0.9 289
0.91 286
0.92 284
0.93 283
0.94 278
0.95 271
0.96 269
0.97 269
0.98 268
0.99 266
1 266
