250 251.186
249 244.1
247 253.6
245 247.4
241 243.4
236 239.1
230 238.3
224 230.1
216 222.4
208 214.6
200 204.9
190 192.9
180 182.8
170 170.1
160 156.2
150 140.2
139 123.8
129 116.7
119 99.3
109 94.1
100 88.3
91 82.8
83 83.2
75 77.8
69 71.8
63 76.6
58 79.4
54 75.4
52 74.2
50 72.6
50 78.2
50 75.7
52 76.1
54 76
58 78.8
63 80
69 80.5
75 84.4
83 82.2
91 90.8
99 89.7
109 96
119 99.2
129 98.3
139 110.7
149 109.5
160 112
170 111.8
180 122.4
190 124.8
200 130.3
208 133.6
216 136
224 141.8
230 148.8
236 157.4
241 154.7
245 157.4
247 163
249 162.5
250 169.8
249 166.3
247 173
245 171.8
241 183.2
236 181.6
230 177.5
224 178.8
216 176
208 178.4
200 185.6
190 180.8
180 182.1
170 183.8
160 181.1
150 188.4
139 197
129 193.3
119 187.9
109 185
100 184.4
91 182.8
83 189
75 189.3
69 185.5
63 194.1
58 188.2
54 194.3
52 186.9
50 191.4
50 182.1
50 186.1
52 185.2
54 183.6
58 179.2
63 180.4
69 177
75 172.1
83 175.5
91 178.9