250 251.186
249 251.3
247 257.6
245 247.3
241 238.4
236 233.6
230 236
224 220.2
216 222.1
208 209.9
200 197.8
190 182.2
180 179
170 170.2
160 163.7
150 148.1
139 140.8
129 129.1
119 122
109 113
100 101.9
91 92.6
83 77.2
75 73.8
69 65
63 61
58 52.5
54 55.7
52 52.5
50 47.2
50 57.4
50 54.1
52 58.6
54 58
58 61.7
63 64.2
69 75.3
75 79.1
83 88.4
91 94.2
99 102.4
109 113
119 121
129 130.1
139 134.6
149 146.2
160 155
170 165.1
180 178.3
190 191.5
200 198.9
208 208.5
216 208.8
224 218.8
230 219.2
236 221.4
241 226.5
245 229.5
247 238
249 236.5
250 240.9
249 235.9
247 225.8
245 224.8
241 216.8
236 219.1
230 205.5
224 193.5
216 193.5
208 178.8
200 167.9
190 168.7
180 154.2
170 141.7
160 133.9
150 128.2
139 117.6
129 106.8
119 96.4
109 85.4
100 75.4
91 70.7
83 62.3
75 58.2
69 51.9
63 52.1
58 51.7
54 51.5
52 49.3
50 50.5
50 56.3
50 57.4
52 61.5
54 63.8
58 69.1
63 74.4
69 82.3
75 84.3
83 92.2
91 103.5