250 251.186
249 250.2
247 252.2
245 242.7
241 240.4
236 237.6
230 239.1
224 226.8
216 218.7
208 212.9
200 200.3
190 188.4
180 180.9
170 166.8
160 165.8
150 147.2
139 141.4
129 127.9
119 120.2
109 114.7
100 103.8
91 91.5
83 83.9
75 73.9
69 68.5
63 59.6
58 55.2
54 50.5
52 52.4
50 49.1
50 49.3
50 52.6
52 52.5
54 55.5
58 57.4
63 63.5
69 65.5
75 74
83 84.7
91 93.4
99 100.7
109 109.8
119 118.9
129 128.7
139 139.1
149 146.3
160 163.6
170 165.1
180 178.6
190 183.1
200 200.9
208 205.7
216 213.2
224 220.3
230 228.1
236 229
241 230.4
245 236.7
247 233.6
249 237.6
250 239.5
249 240.5
247 233.2
245 235.9
241 232.4
236 229.8
230 221.2
224 218.6
216 210.7
208 206.3
200 202.7
190 196
180 187.1
170 166.2
160 160.8
150 151.1
139 147.6
129 136.6
119 125.4
109 121.4
100 105
91 97
83 91.1
75 87.2
69 72.4
63 65.5
58 57.2
54 57
52 49.7
50 49.7
50 47.4
50 47.4
52 43
54 49.9
58 48.7
63 50
69 52.1
75 59.7
83 62.4
91 66.6