250 251.186
249 247.3
247 244.8
245 245.7
241 246.4
236 235.3
230 225.6
224 213.5
216 212.7
208 204.6
200 195.2
190 175
180 168.9
170 168.5
160 145.6
150 142.7
139 133
129 115.8
119 108.2
109 97.6
100 87.2
91 79.4
83 67.6
75 62.6
69 61.1
63 63
58 54.5
54 56.2
52 58.2
50 55
50 55.2
50 60.6
52 59.5
54 66.3
58 68.7
63 70.8
69 72.6
75 86.2
83 80.8
91 91.2
99 96.6
109 104.9
119 111.4
129 126.3
139 128.9
149 142.1
160 142.9
170 141.6
180 159.6
190 176.7
200 171.8
208 190.1
216 184.5
224 198.5
230 203.2
236 209.2
241 216.8
245 225.6
247 231.1
249 227.7
250 247.2
249 242.9
247 242.6
245 245
241 247.1
236 247.8
230 256.7
224 257.7
216 262
208 260
200 262.6
190 258.8
180 261.9
170 255
160 250.9
150 246.9
139 233.1
129 229.9
119 233.1
109 224.4
100 210.9
91 223.3
83 208.8
75 198.4
69 195.4
63 187.7
58 177.6
54 173.1
52 165.5
50 159.1
50 141.1
50 138.5
52 126.3
54 114.4
58 94.8
63 92.1
69 84.8
75 74.8
83 66.7
91 65.1