250 251.186
249 241.1
247 246.6
245 232.8
241 233.1
236 225.8
230 223.2
224 214.6
216 202.7
208 212.7
200 192.5
190 184.7
180 173.5
170 162.8
160 154.9
150 143.6
139 134.8
129 124.7
119 118
109 112.9
100 100.1
91 96.6
83 99.3
75 92.5
69 93.8
63 98.7
58 90.7
54 96.7
52 92.9
50 92
50 97.8
50 92.4
52 95.6
54 100.7
58 101.3
63 100.1
69 104.4
75 109.3
83 108.7
91 108.9
99 112.5
109 120.6
119 113.9
129 112.4
139 122.4
149 120.6
160 119.5
170 119.6
180 123.5
190 130.2
200 128.7
208 125.4
216 132.9
224 132
230 143.2
236 138.3
241 141.7
245 141.2
247 140.2
249 144.8
250 145
249 152.6
247 146.8
245 151.1
241 160.5
236 157
230 154.5
224 161.4
216 164.8
208 156
200 159.7
190 156.3
180 155.3
170 161.5
160 153.8
150 167.9
139 172.5
129 161
119 170.4
109 159.7
100 164.4
91 161.6
83 164.5
75 167.6
69 170
63 175.5
58 174.4
54 176.8
52 172.1
50 178.1
50 177
50 173.1
52 183.2
54 173.5
58 182.4
63 182.8
69 180.6
75 182.6
83 184.3
91 178.9