250 251.186
249 242.7
247 242.4
245 248
241 233.5
236 230.5
230 230
224 229.9
216 219.6
208 208.3
200 206.3
190 204.9
180 195.4
170 182
160 174.9
150 155
139 141.9
129 129.1
119 106.8
109 103.9
100 88.8
91 84.9
83 81.2
75 72.5
69 68.1
63 64.7
58 65.3
54 68.8
52 61.6
50 63.3
50 68.4
50 63.4
52 69.3
54 59.9
58 68.6
63 73
69 78.4
75 70.2
83 78.4
91 81.9
99 89
109 95
119 95.3
129 100.6
139 110
149 115.7
160 122.6
170 131.3
180 136.7
190 148.7
200 153.8
208 158.1
216 166
224 166.3
230 169.8
236 178.6
241 174.8
245 186.3
247 183.8
249 183.6
250 186.9
249 176.5
247 187.9
245 186.7
241 186.3
236 191.6
230 187.7
224 184.8
216 175.8
208 169.6
200 168.4
190 164.8
180 156.3
170 147.1
160 144.7
150 138.5
139 136.4
129 135.8
119 137.7
109 136.7
100 145.7
91 149.1
83 150
75 158.3
69 156.6
63 156.2
58 152.6
54 162.5
52 164.3
50 156.6
50 158.5
50 157.1
52 158.9
54 157.7
58 156.4
63 146.1
69 159.1
75 160.2
83 151.5
91 152.8