250 251.186
249 252.3
247 256.2
245 249.9
241 240.2
236 228.8
230 231.8
224 222.8
216 213.2
208 208.6
200 196.3
190 190
180 187.1
170 175.2
160 155.5
150 155
139 138.7
129 131.7
119 121.5
109 102.1
100 91.5
91 84.5
83 77
75 69.1
69 58.1
63 58.7
58 55
54 51.7
52 59.5
50 57
50 51.6
50 60.2
52 59.7
54 64.9
58 66.9
63 70.9
69 81.9
75 87.8
83 92.6
91 96.1
99 105.4
109 115.5
119 128.9
129 137.1
139 139.4
149 156.2
160 161.1
170 180.9
180 181.1
190 191.5
200 202.5
208 201.1
216 213.1
224 220.2
230 219.5
236 232.2
241 229.9
245 235.4
247 232.8
249 231.3
250 240.7
249 241
247 239
245 239.4
241 234.7
236 227.3
230 218
224 214.1
216 203.9
208 196.6
200 186
190 182.4
180 177.5
170 167.6
160 154.8
150 150.9
139 139
129 121.5
119 116.9
109 104.8
100 95.7
91 84
83 75.5
75 64.6
69 58.3
63 56.4
58 53.4
54 51.2
52 53.5
50 47.6
50 57.7
50 59.2
52 60.9
54 59.5
58 64.8
63 67.3
69 74.2
75 73.7
83 86
91 92.2