250 251.186
249 251.4
247 233.3
245 227.4
241 224.9
236 217.4
230 206.9
224 198.2
216 198
208 195.4
200 179.5
190 173.2
180 163.1
170 165.2
160 160.4
150 150.3
139 143.5
129 135
119 133.7
109 121.6
100 121.5
91 116.6
83 118.7
75 111.7
69 109
63 110.8
58 110.9
54 106.4
52 109.4
50 107.6
50 110.3
50 112.1
52 110.8
54 105.8
58 112.5
63 107.9
69 109.8
75 106.1
83 112.1
91 117.2
99 114.8
109 114.9
119 112.2
129 120
139 114.2
149 119.2
160 118.8
170 118.9
180 123.3
190 124.2
200 123.4
208 122.1
216 125.9
224 122.4
230 129.1
236 126.2
241 124.7
245 124.2
247 129.1
249 123.1
250 124.1
249 129.2
247 132.6
245 130.4
241 132.9
236 128.1
230 135.8
224 129.9
216 133.5
208 138.3
200 132.6
190 131
180 135
170 134.6
160 129.3
150 135.1
139 137.2
129 132.1
119 136
109 133.7
100 132.1
91 134.2
83 140.2
75 134.9
69 139.5
63 132.9
58 142.9
54 139.4
52 143.5
50 141.7
50 137.8
50 143.1
52 148.4
54 133.8
58 141.7
63 144.3
69 135.2
75 145.9
83 138.2
91 144.5