250 251.186
249 254.6
247 248.7
245 250.1
241 241.2
236 235.9
230 239.6
224 230.8
216 224.7
208 215.8
200 215.3
190 199.5
180 187.1
170 170.3
160 159.4
150 145.2
139 127
129 113.4
119 101.3
109 101.7
100 87.4
91 88.5
83 82.5
75 76.3
69 78.9
63 75.2
58 72.2
54 76.4
52 72.8
50 77.6
50 75
50 75.8
52 76.9
54 76
58 76.9
63 79.3
69 85.2
75 88.2
83 93.5
91 89.1
99 98.5
109 108.9
119 106.8
129 112
139 105.8
149 117.4
160 124.3
170 128.6
180 126
190 134.3
200 138.7
208 151
216 149.8
224 157.1
230 164
236 160.7
241 161.7
245 168.9
247 168.9
249 175.8
250 175
249 176.7
247 180.5
245 173.7
241 185.8
236 185.1
230 186.4
224 184.9
216 186.8
208 192.4
200 185.9
190 186.1
180 181.5
170 193.5
160 187.6
150 188.2
139 193.2
129 191.1
119 183.6
109 188.8
100 189.3
91 185.7
83 184.6
75 182.5
69 181.5
63 180.8
58 178.2
54 181.3
52 182.6
50 173.5
50 163.9
50 169.8
52 165.1
54 161.4
58 166.8
63 160.1
69 157.9
75 166.8
83 156.2
91 156.9