250 251.186
249 251.1
247 243.1
245 248.4
241 242.1
236 240.8
230 226.2
224 238.2
216 215.3
208 208.2
200 202.5
190 196.5
180 180.6
170 168.4
160 151.6
150 142.7
139 122.3
129 111.4
119 98.1
109 91.9
100 87.6
91 79
83 84.4
75 76
69 74.2
63 77.4
58 71.4
54 70.1
52 75
50 74.6
50 72.3
50 79.5
52 79.4
54 78.4
58 76.6
63 84.8
69 88.2
75 94.9
83 98.5
91 107.2
99 111.8
109 109.7
119 119.8
129 121.3
139 124
149 128.3
160 134.6
170 140.3
180 145.9
190 155.9
200 158.5
208 164.7
216 164.8
224 169.6
230 172.5
236 173.3
241 174.3
245 177.5
247 171.6
249 183.9
250 184
249 177.7
247 184.8
245 184.3
241 182
236 182.5
230 190.5
224 180.3
216 193.8
208 180.8
200 192.9
190 189.1
180 190.2
170 185.4
160 183.2
150 187.6
139 191.4
129 183.1
119 184
109 182.6
100 180.2
91 180.2
83 170.1
75 174.1
69 175.3
63 167.7
58 168.7
54 165.3
52 158.9
50 163.2
50 162.7
50 159.2
52 158
54 157
58 155.8
63 165.5
69 164.3
75 161.3
83 161.2
91 160.4