250 251.186
249 250.5
247 248.3
245 236.3
241 243.6
236 234
230 235.7
224 222.8
216 214.1
208 209.8
200 204.4
190 196.1
180 181.5
170 160.7
160 156.9
150 140.9
139 124.9
129 111.5
119 96.3
109 92.2
100 86.8
91 82.9
83 81.8
75 75.8
69 70
63 76.4
58 71.5
54 75.4
52 69.3
50 77.8
50 73.2
50 77.7
52 79.2
54 79.4
58 86.8
63 88.4
69 92.7
75 93.4
83 98.6
91 101.6
99 104.6
109 109.3
119 121.1
129 133.1
139 130.7
149 139.3
160 138.7
170 146.6
180 152.5
190 155
200 161.7
208 169.5
216 170.3
224 171.9
230 173.1
236 164.7
241 177.6
245 179.6
247 184
249 179.7
250 181.9
249 190.2
247 183.3
245 184.4
241 183.3
236 187.5
230 184.8
224 187.5
216 192
208 190.2
200 191.3
190 187.4
180 181.5
170 174.2
160 184.8
150 181.5
139 178.1
129 178.3
119 171.5
109 177.4
100 165.1
91 166.3
83 172.5
75 167.6
69 161.7
63 157.4
58 156.1
54 155.3
52 153.4
50 147.1
50 159
50 155.9
52 163.7
54 157.6
58 165
63 159.7
69 162.3
75 159.5
83 165.1
91 155