250 251.186
249 258.8
247 250.4
245 245.6
241 238.4
236 229.3
230 239.7
224 219.2
216 218.7
208 207.9
200 198.1
190 183.8
180 176.9
170 167.5
160 157.1
150 146.4
139 138.3
129 122.1
119 110.3
109 90.7
100 87.8
91 74.4
83 67.6
75 66.3
69 61.9
63 64.8
58 53.8
54 60.5
52 58.8
50 61.9
50 64.9
50 73.7
52 73
54 81.3
58 85.4
63 94.4
69 98.5
75 110.5
83 123.5
91 132.9
99 135.3
109 148.1
119 148.3
129 170.2
139 174.8
149 181.2
160 194
170 199.3
180 206.2
190 212.7
200 221.2
208 224.3
216 233.2
224 237.1
230 237.1
236 240.2
241 243.7
245 240.9
247 251.1
249 253.1
250 243.4
249 256
247 256.2
245 246.3
241 253.4
236 242.5
230 237.8
224 243.6
216 231.6
208 221.8
200 219.9
190 219.8
180 206.5
170 211.3
160 194.6
150 188.7
139 182
129 175
119 163.4
109 158.7
100 149.9
91 133.8
83 121.9
75 107.4
69 99.6
63 87.3
58 75.8
54 69.9
52 67.5
50 61.7
50 61.7
50 57.9
52 57.5
54 51.8
58 56.5
63 53.2
69 56.4
75 61.5
83 69.2
91 66.8