250 251.186
249 252.3
247 240.6
245 253.4
241 239
236 233.4
230 224.5
224 231.4
216 214.4
208 214.7
200 199
190 190.3
180 185
170 176.2
160 162.1
150 151.6
139 138.1
129 132.1
119 120.2
109 116.3
100 106.9
91 101.6
83 81
75 72.3
69 66.4
63 58.4
58 54.7
54 52.3
52 51.4
50 53.1
50 49.8
50 53.1
52 54.6
54 58.4
58 55.2
63 62.9
69 65.5
75 72.6
83 81.3
91 89
99 99.7
109 108
119 120.8
129 122
139 134.6
149 151.9
160 159
170 170.9
180 184.2
190 191
200 197.7
208 198.5
216 222.1
224 211.1
230 221.1
236 227
241 231.8
245 237.6
247 244
249 235.4
250 237.8
249 232.9
247 230.8
245 234.7
241 226.2
236 227.7
230 227.6
224 218.3
216 209
208 193.1
200 187.1
190 186.4
180 172.6
170 168.6
160 158.1
150 144.4
139 136.2
129 128.7
119 122.6
109 119.2
100 99
91 94.5
83 83.2
75 76.8
69 62.9
63 56.5
58 56.6
54 50.7
52 45.9
50 47.8
50 45.7
50 45.4
52 47.3
54 46.9
58 53.7
63 58.2
69 58.5
75 62.3
83 66.6
91 75.3