250 251.186
249 262.8
247 245.8
245 237.9
241 233.9
236 241.9
230 227.8
224 232.7
216 222.1
208 215.9
200 209.6
190 200.1
180 187.6
170 176.8
160 166.8
150 149.3
139 135.9
129 124.6
119 107.7
109 94.5
100 89.9
91 81.1
83 80
75 77.5
69 70
63 68.9
58 68.3
54 66.7
52 65.6
50 68.4
50 69.7
50 70.2
52 69.7
54 74
58 75.8
63 76
69 80.3
75 82.7
83 90.4
91 90.6
99 93.6
109 99.2
119 116.3
129 111.8
139 114.6
149 130.3
160 132.8
170 141.4
180 148.9
190 153.2
200 159.3
208 159
216 162.4
224 176.8
230 175.4
236 175.6
241 172.6
245 176.2
247 185.4
249 186.3
250 187.2
249 188.1
247 192.3
245 187.4
241 186
236 184.1
230 180.1
224 183.7
216 181.6
208 174.8
200 171.3
190 173.9
180 172.8
170 163.4
160 160.2
150 155.7
139 150.4
129 150.9
119 148.7
109 154.8
100 149.4
91 149.2
83 150.3
75 160.5
69 157.1
63 154.6
58 158.3
54 159.6
52 158
50 155
50 154.8
50 164
52 157.8
54 159.4
58 162.4
63 165.2
69 163.5
75 168.2
83 160.3
91 159.9