250 251.186
249 249.6
247 244.6
245 232.9
241 234
236 232
230 219.2
224 208.5
216 206.1
208 202.5
200 187.7
190 179.6
180 180
170 161.6
160 158.4
150 146.3
139 141.1
129 129.2
119 119.6
109 112.1
100 111.4
91 99.3
83 98.2
75 98
69 95.7
63 92.1
58 94.7
54 92.3
52 98.4
50 95.8
50 95.5
50 101
52 97.6
54 96.4
58 102.6
63 104.8
69 105.3
75 108.6
83 105.8
91 112.3
99 112.7
109 117.8
119 111.7
129 120.8
139 116.1
149 123
160 123.9
170 115.7
180 127.1
190 128.2
200 124.3
208 132.4
216 130.7
224 136.1
230 137.1
236 141.6
241 131.9
245 142.4
247 139.7
249 145.2
250 140.5
249 147.1
247 148.4
245 149.8
241 150
236 145.4
230 151
224 153.6
216 151.1
208 150.7
200 153.3
190 160
180 154.4
170 152.6
160 157.3
150 161
139 161.9
129 164.9
119 161.7
109 168.6
100 162.9
91 170.1
83 166.5
75 166
69 171
63 166.4
58 176
54 169.9
52 168.3
50 174.8
50 159.8
50 170.6
52 171.2
54 169.3
58 173.4
63 172.8
69 173.4
75 169.7
83 168.7
91 171.2