250 251.186
249 254.9
247 254.4
245 236.7
241 244.3
236 233.6
230 232.9
224 227.1
216 211.2
208 212
200 194.6
190 188.8
180 173.1
170 165.3
160 157.1
150 151.6
139 137.7
129 125.4
119 123.5
109 106.8
100 95.1
91 90.4
83 77.3
75 70.6
69 66.8
63 61
58 51
54 54.6
52 52.8
50 47.9
50 52.6
50 52.6
52 57.8
54 59.4
58 64.6
63 67.5
69 77.1
75 87.1
83 95.8
91 101.9
99 109.5
109 125.7
119 132.7
129 140.7
139 156.2
149 160
160 174.1
170 185.2
180 189.9
190 196.4
200 206.6
208 211.1
216 216.1
224 219.4
230 233.8
236 234
241 237.1
245 240.6
247 242.4
249 232.8
250 230.2
249 238.6
247 225.6
245 223.1
241 220.5
236 206.6
230 208.1
224 198.8
216 193.4
208 173
200 165.8
190 159.1
180 152.3
170 139.4
160 128.6
150 121.1
139 113.1
129 101.6
119 92.9
109 84.4
100 77
91 68.4
83 57.8
75 56.2
69 53.6
63 48.3
58 45.9
54 47.5
52 48.9
50 50.3
50 50.1
50 56.3
52 55.2
54 64.6
58 70.8
63 74.4
69 83.2
75 92.1
83 102.7
91 111.6