250 251.186
249 247.6
247 240.8
245 248.4
241 228.7
236 231
230 223.8
224 214.3
216 208
208 207.1
200 197.7
190 196.5
180 182.1
170 165.2
160 150.8
150 148.7
139 136.7
129 124.4
119 111.3
109 100.6
100 98.9
91 92.8
83 95.3
75 91.2
69 87.9
63 93.4
58 90.8
54 89
52 91.7
50 87.3
50 91.2
50 93
52 90.9
54 93.3
58 93.5
63 97.1
69 104.9
75 99
83 105.5
91 104.4
99 108.1
109 106.5
119 111.1
129 110.2
139 114.3
149 119.4
160 122.8
170 122
180 125.9
190 124.9
200 122
208 134
216 136.3
224 140.7
230 138.5
236 137.5
241 141.4
245 146.8
247 138.3
249 143.1
250 144.8
249 151.8
247 155.9
245 151.5
241 147.9
236 160.9
230 154.5
224 155.2
216 160.5
208 161.2
200 163.7
190 165.1
180 170.3
170 169.8
160 172.7
150 170.3
139 170.1
129 176
119 170.8
109 172.6
100 177.5
91 174.3
83 177.7
75 177.2
69 177
63 181.6
58 179.4
54 178.5
52 175.4
50 178.9
50 181.7
50 189.8
52 186.4
54 188.4
58 190
63 188.6
69 196
75 185.2
83 184.1
91 184.1