250 251.186
249 242.4
247 248.5
245 247.9
241 236.9
236 237.7
230 233.2
224 220.5
216 225.8
208 214.4
200 196.4
190 192.3
180 182.2
170 171.3
160 162.3
150 157.3
139 150.7
129 141.1
119 123.4
109 109.8
100 106.6
91 96.6
83 87.3
75 76.9
69 66.4
63 63.5
58 57.9
54 57.7
52 53.3
50 55.5
50 54.7
50 55
52 57
54 57.3
58 54.9
63 62.7
69 67.5
75 65.9
83 69.9
91 76.5
99 78.7
109 95.8
119 98.5
129 104.5
139 115.6
149 120.1
160 126.8
170 141.9
180 148
190 147.9
200 166.1
208 172.5
216 186.7
224 186.7
230 198
236 207.3
241 211.5
245 222.6
247 223.5
249 227
250 226.9
249 237.1
247 241.7
245 232.5
241 243
236 243.2
230 250.8
224 246.6
216 244.3
208 245.5
200 239.2
190 232.3
180 231.1
170 223.2
160 215.6
150 217.3
139 212.2
129 196.6
119 191.5
109 179.6
100 176.1
91 166.2
83 168.2
75 158.9
69 138.6
63 128.6
58 117.4
54 110
52 97.4
50 86.2
50 74.8
50 73.9
52 69.3
54 61.8
58 56.1
63 56.1
69 53.7
75 54
83 52.5
91 50.9