250 251.186
249 250.7
247 249.7
245 245.7
241 241.6
236 235.3
230 231.2
224 213
216 211.6
208 199.2
200 199.1
190 185.7
180 175.3
170 171.6
160 161.8
150 154.5
139 134.7
129 129.3
119 120.7
109 105.5
100 96.5
91 83.1
83 72.8
75 70.5
69 62.7
63 56.5
58 59.1
54 56.8
52 56.1
50 55.3
50 56.6
50 58.8
52 61.8
54 67
58 70
63 69
69 80
75 82.4
83 88.1
91 95.5
99 99.4
109 119.6
119 118.7
129 127.4
139 141.2
149 152.7
160 157.4
170 164.3
180 174.5
190 187.1
200 191.9
208 200.1
216 205.6
224 213.6
230 224.2
236 222.7
241 229
245 231.5
247 237.4
249 236.5
250 240.6
249 238.9
247 233.3
245 232
241 235.3
236 229.6
230 223.9
224 217.2
216 205.6
208 198.7
200 191.9
190 183.3
180 176.4
170 165.6
160 156.8
150 150.8
139 141.9
129 121.3
119 118.7
109 110.1
100 98.2
91 89
83 77.2
75 66.1
69 64.4
63 60.1
58 56.6
54 52.6
52 53.2
50 54.1
50 51.1
50 53.2
52 50.7
54 56.3
58 64.7
63 64.9
69 71.9
75 76.4
83 81.6
91 84.6