250 251.186
249 241.1
247 239.1
245 227
241 219.6
236 216.2
230 216.1
224 204.5
216 186
208 197.3
200 179.4
190 183
180 170.5
170 161.9
160 153.8
150 151.8
139 139.2
129 139.5
119 129.2
109 122.9
100 120.1
91 117.4
83 115.7
75 107.6
69 110.7
63 103.4
58 110.5
54 112.4
52 107.8
50 109
50 110.3
50 108.9
52 108
54 108.4
58 108.6
63 108.6
69 110.3
75 117.9
83 110
91 111.7
99 114.2
109 112.5
119 116.2
129 113.8
139 118.8
149 118.5
160 120.5
170 113.5
180 122.3
190 124.6
200 124.6
208 124.4
216 121.6
224 129.3
230 128.7
236 122.8
241 131.3
245 126.8
247 131.1
249 131.7
250 132.7
249 133.2
247 134.7
245 134.5
241 130.4
236 137.4
230 131.5
224 128.6
216 127.1
208 132.9
200 135
190 138.6
180 133.2
170 140.7
160 143.1
150 140.3
139 143.2
129 141.5
119 140.3
109 131.7
100 140.9
91 139.7
83 139.6
75 133
69 138.1
63 142
58 136
54 144.4
52 149.1
50 139.7
50 140.4
50 146.9
52 145.4
54 143.4
58 149.3
63 147.6
69 147.6
75 149.7
83 147.3
91 148.8