250 251.186
249 246.4
247 246.3
245 249.7
241 240.1
236 238.2
230 235.2
224 223.4
216 219.7
208 212.9
200 206
190 194.1
180 183.9
170 172.7
160 155.8
150 143.7
139 126.2
129 120.9
119 102.3
109 93.6
100 92.6
91 89.8
83 86.1
75 80.4
69 83.7
63 81.1
58 79.8
54 75
52 78.1
50 79.2
50 79.9
50 84
52 86.3
54 85
58 89.4
63 91.3
69 92.3
75 96.4
83 95.4
91 105.4
99 105.8
109 102.9
119 112.6
129 112.4
139 113.4
149 115.3
160 118.9
170 126.5
180 129
190 135.4
200 134.7
208 137.6
216 139.9
224 142.7
230 155.7
236 154
241 156.9
245 155.4
247 158.4
249 164.3
250 161.1
249 164.8
247 178.6
245 164.9
241 171.6
236 167.8
230 169
224 179.5
216 179.7
208 174
200 182.7
190 182.2
180 180.7
170 179.3
160 197.3
150 182.1
139 191
129 191.5
119 191.2
109 190.6
100 191.2
91 193.4
83 180.2
75 198.1
69 187.2
63 192.2
58 191.4
54 189
52 183.1
50 188.9
50 191
50 191.9
52 194.3
54 198.5
58 190.9
63 184.7
69 188.9
75 188
83 189.8
91 180.1