250 251.186
249 251.5
247 237.1
245 235.6
241 218
236 211
230 204.9
224 197.9
216 193.1
208 186.3
200 179.8
190 176
180 173.2
170 172.1
160 165.9
150 162.7
139 152.8
129 161.4
119 153.7
109 151.2
100 150.5
91 145.2
83 146.5
75 146.1
69 139.2
63 138.8
58 127.5
54 138.1
52 132.2
50 133
50 130.3
50 132.9
52 130.8
54 133.3
58 130.4
63 129.9
69 127.9
75 128.7
83 118.5
91 121.9
99 124.6
109 125.1
119 123.1
129 118.3
139 123.5
149 122.4
160 127.5
170 124.2
180 122.5
190 128
200 114.7
208 119.6
216 121.6
224 119.5
230 114.1
236 117.9
241 121.9
245 117.1
247 115.6
249 116.2
250 115.3
249 116
247 114
245 114
241 114.9
236 119.7
230 117
224 112.9
216 110.8
208 113.5
200 116.5
190 117.7
180 109.7
170 115
160 115.2
150 116
139 111.3
129 108.1
119 108
109 111.2
100 115.3
91 112.1
83 107.1
75 113.7
69 107.5
63 107
58 112.5
54 109.9
52 110.1
50 114.8
50 110.8
50 108
52 108.2
54 111.7
58 108
63 113.5
69 110.6
75 115.6
83 111.9
91 110.8