250 251.186
249 251
247 250.3
245 243.1
241 238.7
236 226.6
230 229.7
224 210.1
216 213.1
208 208.1
200 204.8
190 192.7
180 186.2
170 171.8
160 164.2
150 147.5
139 138.7
129 122.2
119 115.4
109 108
100 96.9
91 83.8
83 77.1
75 69.8
69 68.9
63 62.7
58 59.9
54 60.4
52 57.6
50 61.7
50 59.3
50 65.1
52 70.3
54 70.1
58 79.5
63 82.6
69 89.8
75 98.6
83 105.5
91 119.6
99 126.9
109 135.7
119 148.8
129 153
139 168.6
149 172.9
160 180
170 189.1
180 193.2
190 198.5
200 212.3
208 215.3
216 220.5
224 228.6
230 223.6
236 235.2
241 226.3
245 235
247 231.3
249 246.6
250 246.7
249 234.6
247 247.3
245 244.4
241 236.8
236 236.6
230 228.3
224 227.9
216 229
208 218
200 216.2
190 208.3
180 196.6
170 194.5
160 185.8
150 175.9
139 169.3
129 157.3
119 147.5
109 135.2
100 120.9
91 111.2
83 98.3
75 92.5
69 78.5
63 73.5
58 73
54 60.2
52 60.2
50 62.6
50 55.3
50 56.5
52 59.3
54 60.2
58 63.3
63 63.5
69 71
75 73.7
83 79.4
91 86.5