250 251.186
249 254
247 247
245 249
241 238.3
236 233.8
230 234.8
224 222.1
216 212.3
208 210.4
200 206.5
190 186.5
180 188.3
170 168.5
160 148.5
150 144.8
139 131
129 112.9
119 98.6
109 90.7
100 89.7
91 83.3
83 77.8
75 74.4
69 70.1
63 71.9
58 69.5
54 63.9
52 68.3
50 69.5
50 70.5
50 69.9
52 73.5
54 72.9
58 76.7
63 84
69 93.1
75 95.6
83 98.8
91 105
99 113.3
109 121.5
119 127.3
129 136.8
139 138.7
149 145.9
160 159.8
170 163.6
180 166.3
190 173
200 170.1
208 176.4
216 180
224 180.3
230 185.8
236 182.6
241 191.8
245 188
247 186.8
249 182.9
250 184.6
249 190
247 178.4
245 184.3
241 180
236 173.5
230 165.8
224 166
216 157.4
208 161.8
200 152.9
190 145.2
180 147.3
170 144.7
160 143.3
150 148.7
139 151.7
129 151.7
119 157.8
109 151.8
100 154.2
91 156
83 159.7
75 160.9
69 159
63 163
58 161.6
54 151.5
52 163.2
50 165
50 158.2
50 162.3
52 161.1
54 160.2
58 156.1
63 155.1
69 158.6
75 160.5
83 151.6
91 160