250 251.186
249 252.9
247 249.6
245 235.9
241 230.6
236 231.2
230 228.7
224 218.1
216 219
208 211.4
200 203.4
190 191.4
180 178.5
170 179.6
160 168.4
150 148.6
139 143.8
129 128.6
119 118.8
109 101.6
100 100.5
91 83.4
83 81.4
75 74.6
69 68.5
63 65.6
58 68.2
54 62
52 58.7
50 62
50 57.3
50 60.8
52 60.7
54 60.3
58 65.2
63 65.3
69 64.6
75 72
83 72.8
91 80
99 91
109 96.2
119 99
129 109.1
139 116.9
149 126.3
160 134.9
170 141.2
180 150.7
190 156.1
200 162.2
208 171.3
216 176.7
224 177.8
230 195.1
236 203.2
241 195.9
245 201.4
247 200
249 198.9
250 199.5
249 201
247 192.7
245 194.7
241 185.5
236 181.1
230 168.8
224 159
216 151.5
208 139.8
200 129
190 119
180 112.2
170 115.4
160 117
150 122.8
139 133
129 144.7
119 154
109 157.4
100 166.4
91 160.8
83 162.7
75 162.2
69 156.6
63 162.3
58 159.4
54 156.1
52 151.8
50 146.6
50 149.6
50 146.9
52 139.9
54 137.4
58 136
63 143.4
69 139.5
75 147.6
83 145.7
91 140.2