250 251.186
249 242.1
247 233.4
245 232.4
241 224.4
236 219.7
230 203.1
224 193.6
216 188.5
208 187.4
200 178.6
190 168.9
180 161.7
170 157.6
160 153.7
150 148.6
139 137.4
129 144
119 133.1
109 127.5
100 132.7
91 121.1
83 117.6
75 119
69 115.6
63 112.2
58 114.5
54 115.7
52 109.7
50 109.2
50 113.6
50 109.9
52 107.7
54 107.6
58 110.2
63 112.8
69 110.2
75 107.8
83 113.1
91 111.1
99 112.5
109 115
119 111.4
129 112.6
139 113.9
149 114.1
160 108.8
170 114
180 118
190 112.7
200 113.6
208 122.4
216 115.6
224 118.5
230 119.1
236 116.1
241 121.1
245 122.8
247 118.2
249 117.4
250 117.9
249 118.1
247 120
245 117.8
241 125.2
236 118.6
230 117
224 121
216 119
208 126.3
200 124.2
190 122.9
180 119.1
170 125.2
160 124.6
150 119.7
139 125.3
129 124.8
119 124.6
109 121.3
100 121.9
91 122.1
83 125.1
75 128.7
69 126
63 130.7
58 123.6
54 121.3
52 127.1
50 127.8
50 125.2
50 130
52 124.2
54 121.3
58 129.4
63 127.7
69 130.7
75 130.5
83 125.5
91 123.3