250 251.186
249 251.6
247 248.9
245 246
241 244.5
236 239.7
230 231.5
224 225.1
216 207.7
208 202.9
200 198.8
190 186
180 176.6
170 166.6
160 159.5
150 141.9
139 138.6
129 129
119 114.8
109 109.5
100 99.7
91 88.9
83 78.9
75 73.8
69 63
63 52.4
58 53.2
54 50.9
52 54.5
50 51.6
50 50.9
50 57.4
52 55.9
54 57.5
58 62.3
63 64.9
69 68
75 75.7
83 82
91 95.1
99 104
109 116.4
119 122.7
129 129
139 137.1
149 152.3
160 154.3
170 169
180 175.6
190 187.5
200 196.1
208 200.2
216 206.9
224 218.9
230 219
236 230.6
241 222.9
245 231.1
247 240.9
249 235
250 229.5
249 236
247 237.2
245 238.9
241 232.3
236 226
230 220.9
224 210.3
216 198.5
208 195.6
200 182.1
190 175
180 170
170 164.4
160 147.8
150 142.3
139 134.6
129 127.6
119 123.1
109 111.3
100 95.6
91 88.5
83 78.1
75 70.8
69 61.7
63 52.6
58 52.2
54 45.2
52 47.1
50 50.3
50 44.9
50 46.2
52 49.1
54 49.7
58 52.4
63 62.3
69 59.4
75 67.4
83 75.8
91 74