250 251.186
249 254.9
247 244.6
245 241.3
241 243.4
236 235
230 233.6
224 227.4
216 212.1
208 209.6
200 201.8
190 188.2
180 181.6
170 169.8
160 157.6
150 149
139 144.8
129 130.2
119 117.6
109 117.6
100 111.9
91 92.6
83 88.6
75 75.6
69 67.8
63 66.2
58 60.9
54 53.6
52 51.9
50 51.3
50 48.4
50 47.8
52 46.2
54 54
58 58.3
63 58.8
69 60.4
75 69.9
83 75.8
91 86.7
99 91.4
109 100.8
119 116.4
129 118.1
139 132.3
149 143.1
160 147.4
170 160.6
180 172.2
190 179.7
200 190.4
208 193.8
216 213.9
224 217.8
230 219
236 229.7
241 240.4
245 238.9
247 238.9
249 239.6
250 242.1
249 238.2
247 233.5
245 233.9
241 233.7
236 231
230 225.7
224 224.4
216 220.2
208 210.5
200 209.2
190 200.5
180 197.3
170 187.1
160 176.5
150 166.9
139 155.4
129 147.9
119 138.1
109 133.3
100 116
91 108
83 107.2
75 99.3
69 85.3
63 74.4
58 68.7
54 60.2
52 60.2
50 48.8
50 48.7
50 46.6
52 46.4
54 46.6
58 50.4
63 47.9
69 48.4
75 54.4
83 59
91 59.2