250 251.186
249 252.3
247 244.8
245 242.7
241 234.7
236 244.4
230 225.1
224 221.8
216 211.9
208 208.8
200 199.3
190 194
180 190.1
170 174.4
160 159.7
150 148.7
139 137.9
129 124.3
119 109.1
109 91.1
100 85.6
91 79.1
83 72.1
75 73.1
69 69.6
63 65.2
58 61.5
54 65.3
52 65.4
50 63.6
50 63.5
50 61.4
52 70
54 65.2
58 63.7
63 70.8
69 77.1
75 77.8
83 82.5
91 91.1
99 93.4
109 100.4
119 104.9
129 116.5
139 118.6
149 123.4
160 129.2
170 140.2
180 151.2
190 159.1
200 163.9
208 175.2
216 170.4
224 179.4
230 184.7
236 185.3
241 184.6
245 184.5
247 193.7
249 199.5
250 197.1
249 195.5
247 200.6
245 188.3
241 182.8
236 174.5
230 174.3
224 166.8
216 161.7
208 150.5
200 145.7
190 136.4
180 133.8
170 132.6
160 136.6
150 143
139 141.4
129 143.9
119 143.9
109 148.2
100 154.7
91 159.8
83 159
75 159.1
69 157.4
63 159.8
58 161.6
54 157.8
52 156.9
50 150.9
50 156
50 154.2
52 155.7
54 140.4
58 146.6
63 147.1
69 144.8
75 144.4
83 150.6
91 156.2