250 251.186
249 249.6
247 247.5
245 241.9
241 245.7
236 244.1
230 234
224 225.6
216 224
208 218.4
200 203.3
190 199.8
180 189
170 175
160 162.4
150 143.9
139 135.8
129 126.1
119 109.3
109 101.3
100 100.3
91 89.1
83 87.6
75 82.3
69 86
63 78.7
58 75.5
54 81.9
52 81.2
50 74.9
50 81
50 79.4
52 82
54 82.7
58 84.8
63 87.1
69 87.2
75 88.8
83 90
91 94.8
99 98.4
109 99.5
119 96.4
129 105.2
139 110.4
149 113.1
160 118.8
170 120.1
180 115.8
190 121.9
200 127.1
208 129.2
216 133.5
224 138.6
230 143.2
236 144.1
241 140
245 147.5
247 149.6
249 154.9
250 161.8
249 158.4
247 170.2
245 159.8
241 166.6
236 171.8
230 170.7
224 169.8
216 174
208 177.7
200 174
190 182.9
180 180.7
170 173.6
160 177.5
150 188.7
139 178.5
129 185.8
119 180.4
109 182.9
100 187.4
91 191.5
83 190.5
75 186.4
69 190.7
63 192
58 186.4
54 195.2
52 190
50 186
50 191.2
50 192.2
52 192.3
54 195.5
58 193.1
63 197.5
69 190.9
75 191.4
83 192
91 188.6