150 149.769
160 159
170 170.9
180 174.5
190 187.4
200 191.9
208 201
216 209.8
224 228.6
230 229.1
236 243
241 239.8
245 238.8
247 252.6
249 255.7
250 251.2
249 257.1
247 246.3
245 233.5
241 236.9
236 229.2
230 223.4
224 209
216 195.4
208 194.8
200 185.3
190 178.7
180 169.2
170 162.5
160 165.2
150 149.5
139 145.3
129 140.3
119 132.8
109 134.2
100 124.6
91 128.1
83 121.8
75 121.8
69 113.8
63 109.6
58 107.7
54 104.8
52 99.1
50 95.3
50 100.9
50 100.4
52 103.4
54 94.7
58 97.1
63 97.7
69 96.7
75 91.5
83 94.6
91 99.4
100 95.3
109 97.1
119 97.2
129 90.9
139 96
149 90.3
160 97.1
170 99.8
180 97
190 98.1
199 96.5
208 94.7
216 97.4
224 100.3
230 102.5
236 104
241 104.4
245 103.3
247 106.4
249 102.2
250 102.9
249 105
247 104.5
245 110
241 110.1
236 110.7
230 105.6
224 110.2
216 103.4
208 104
199 113.1
190 110.5
180 114.9
170 112.4
160 119
150 122.7
139 117.8
129 122.1
119 129
109 121.5
99 124.7
91 124.7
83 128.9
75 131.7
69 131.5