150 149.769
160 150.9
170 158.5
180 171.2
190 180.8
200 193.2
208 189.7
216 199.8
224 203.4
230 209.4
236 213.3
241 211.3
245 210
247 221.5
249 220.3
250 221.1
249 211.6
247 223.1
245 211.4
241 211.8
236 209.4
230 216.4
224 210.5
216 200.2
208 199.3
200 203.6
190 204.1
180 197.3
170 191.2
160 198
150 199.8
139 188.8
129 183.5
119 184.1
109 182.4
100 180.5
91 181.6
83 169.1
75 177.8
69 168.9
63 177.2
58 174
54 168.6
52 171.4
50 165.2
50 169
50 162.8
52 165.2
54 158.6
58 158.7
63 163.8
69 159
75 162.4
83 156
91 154.9
100 156.9
109 156.9
119 149.4
129 154.7
139 150.2
149 152.1
160 155.5
170 147.5
180 153.8
190 140.3
199 142.4
208 150
216 142.9
224 145.5
230 143.3
236 142.7
241 145.5
245 144.3
247 143.6
249 137.7
250 139.5
249 138.6
247 139.5
245 140
241 143.4
236 142.9
230 131
224 138.9
216 136
208 139.2
199 136.7
190 134.6
180 141.3
170 141
160 138.6
150 129.6
139 133
129 138.2
119 136
109 132.4
99 135.5
91 135.6
83 134.2
75 129.5
69 131