150 149.769
160 159
170 175.3
180 190.9
190 189.9
200 202.9
208 218.2
216 214.6
224 223.1
230 232.2
236 241.2
241 242.6
245 240.8
247 248.2
249 249.2
250 243
249 253.9
247 252.1
245 255.4
241 241.9
236 230.1
230 234.8
224 223.2
216 215.6
208 204
200 192.9
190 182.1
180 182
170 160.8
160 154.7
150 145
139 135.7
129 126
119 114.4
109 105.8
100 98.5
91 98.7
83 92.5
75 85.1
69 86
63 79.7
58 76.9
54 75.1
52 70.2
50 76.9
50 76.2
50 77.5
52 79.7
54 78.5
58 79.7
63 85.8
69 89.4
75 92.1
83 99.2
91 97.9
100 97.1
109 107
119 105.1
129 117.4
139 120.5
149 126.9
160 133.2
170 140.7
180 161.3
190 170.9
199 174.4
208 188.4
216 194
224 188.6
230 194.2
236 183.4
241 171.4
245 156.8
247 141.2
249 124.4
250 109.6
249 108.4
247 104.2
245 98.5
241 99.1
236 102.7
230 108.6
224 114.1
216 111
208 116.4
199 124.2
190 134.5
180 134.7
170 137.1
160 146.8
150 149.4
139 159.4
129 152.8
119 151.6
109 145.7
99 137.2
91 135.4
83 129.9
75 123.7
69 117.8