150 149.769
160 156.7
170 175.7
180 181.2
190 195
200 199.2
208 212
216 226.8
224 228.6
230 236.8
236 235.7
241 249.7
245 243.9
247 249.6
249 250.7
250 248.4
249 246.9
247 249.4
245 242.6
241 241.3
236 229.3
230 234.3
224 226.4
216 219.4
208 209.5
200 197.1
190 187.4
180 179.3
170 169.7
160 162.4
150 151.5
139 140.8
129 128.7
119 122.1
109 109.8
100 94
91 93.9
83 81
75 76.9
69 72.3
63 63.1
58 67
54 60.6
52 63.4
50 57.9
50 57.5
50 57.6
52 59.7
54 61.5
58 63.9
63 62.9
69 74.9
75 74.1
83 86.1
91 89.7
100 96.5
109 106.5
119 109.3
129 121.9
139 132.2
149 135.3
160 150.8
170 160
180 166.4
190 180.6
199 178.6
208 195.8
216 205.6
224 203.7
230 212.8
236 221
241 225.1
245 226.1
247 229.4
249 234.5
250 229.6
249 234.9
247 231
245 233.8
241 227
236 226.6
230 218.4
224 206.9
216 204.1
208 200
199 191.6
190 186.9
180 166.7
170 165.1
160 155.8
150 142.3
139 132.7
129 123.1
119 122.4
109 106.5
99 99.9
91 90.4
83 85.6
75 72.2
69 66.3