150 149.769
160 160.9
170 175
180 181.4
190 188.9
200 195.8
208 211.7
216 215.2
224 229.9
230 233.2
236 231.4
241 247.8
245 244
247 247.3
249 243.9
250 252.6
249 257.7
247 242.8
245 239.3
241 227.7
236 228.5
230 226.3
224 220.7
216 211.6
208 209.6
200 188
190 185.1
180 172.8
170 161.5
160 153.4
150 139
139 142.8
129 128.9
119 112.8
109 101.2
100 95.2
91 85.9
83 77.9
75 72.2
69 71.9
63 63.4
58 54.1
54 58.2
52 62.7
50 53.4
50 61.1
50 58.6
52 61.5
54 63.1
58 63.2
63 71.5
69 70.1
75 82.6
83 84.3
91 92.2
100 102.7
109 112.1
119 120.5
129 127.6
139 135.6
149 149.4
160 159.3
170 161.6
180 172.9
190 175.7
199 195.4
208 194.5
216 203.8
224 206
230 221
236 223.6
241 225
245 233
247 236.1
249 232.6
250 235.4
249 228.7
247 226.4
245 228.9
241 223.1
236 222.5
230 206.6
224 209.2
216 205.1
208 202.1
199 181.5
190 180
180 172.9
170 158.3
160 151.1
150 144.1
139 132.3
129 121.2
119 109.2
109 100.5
99 98.3
91 87.1
83 79.3
75 73.8
69 62