150 149.769
160 162.3
170 170.7
180 186
190 195.6
200 195.1
208 212.7
216 217.3
224 227.2
230 233.3
236 234.5
241 237.8
245 241.1
247 243.3
249 241.6
250 249.6
249 255
247 248.8
245 239.5
241 234.6
236 233.5
230 222.6
224 227.3
216 215.4
208 213.5
200 196
190 181.8
180 174.9
170 159.7
160 148.1
150 142.4
139 123.3
129 123.5
119 107.8
109 102.1
100 97.2
91 87
83 81.2
75 80.5
69 71.9
63 75.9
58 72.1
54 67.7
52 69.4
50 71.3
50 70.1
50 69.1
52 70.1
54 68.2
58 75.3
63 74.4
69 81.1
75 79.3
83 90.5
91 86.4
100 86.1
109 94.5
119 104.6
129 108.6
139 112.2
149 115.6
160 124.6
170 130.6
180 142.2
190 152.4
199 155
208 167.7
216 177.8
224 180.8
230 190.5
236 199.9
241 209.8
245 220.4
247 224.4
249 225.8
250 227.2
249 235.1
247 240.5
245 234
241 250.7
236 240.9
230 252.2
224 233.6
216 235.2
208 238.3
199 222.6
190 229.8
180 218.3
170 212.6
160 203
150 191.2
139 181.4
129 176.5
119 161.5
109 151.2
99 147
91 135.2
83 121.1
75 109.7
69 103.7