150 149.769
160 160.2
170 172
180 173.8
190 190.4
200 208.3
208 215.7
216 215.3
224 226
230 228.4
236 232.2
241 254.9
245 241.2
247 247
249 247.8
250 248.2
249 243.6
247 239.7
245 242
241 242.1
236 238
230 236
224 226.2
216 208.2
208 208.1
200 194.6
190 189.6
180 175.4
170 164.8
160 154.2
150 144.5
139 137.5
129 126.7
119 112.7
109 103.9
100 95.5
91 88.9
83 83
75 79.1
69 78.4
63 76.3
58 71
54 70.6
52 63.2
50 70.2
50 68.4
50 71
52 71.7
54 72.5
58 76.4
63 81.1
69 85.3
75 86.8
83 92.4
91 98.4
100 99.3
109 109.6
119 118.1
129 122.8
139 129.7
149 142.2
160 148.6
170 158.3
180 169.2
190 189.9
199 192.1
208 203.1
216 211.1
224 211.9
230 227.6
236 224.9
241 241
245 225.6
247 237.2
249 230.6
250 234.3
249 231.3
247 227.7
245 215.3
241 219
236 203.2
230 201.1
224 196.4
216 183.4
208 184
199 171.4
190 159.9
180 144.7
170 138.5
160 126.7
150 113
139 107.4
129 93.3
119 87.8
109 84.7
99 81.1
91 77.8
83 68.1
75 68.8
69 66