150 149.769
160 164.3
170 168.7
180 183.2
190 193.4
200 204.1
208 203.1
216 214.7
224 220.6
230 230.2
236 237.3
241 235.7
245 246.8
247 241
249 254.1
250 252.8
249 256.3
247 252.1
245 253.5
241 250.8
236 243.1
230 233.6
224 230.4
216 224.4
208 217.7
200 205.5
190 196.2
180 183.7
170 172.4
160 162.6
150 145.6
139 140.7
129 131.6
119 122.3
109 109.7
100 104.3
91 97.3
83 92.2
75 87.7
69 85
63 78.4
58 76.1
54 70.4
52 70.8
50 71.2
50 70.2
50 68.2
52 68.3
54 74.3
58 73.8
63 72.8
69 78.2
75 80
83 81.2
91 79.4
100 83.5
109 86.4
119 93.2
129 90
139 97
149 98.5
160 101.9
170 108.4
180 113.1
190 120.3
199 126
208 125.4
216 145.1
224 155.4
230 156.6
236 169.4
241 179.6
245 192.9
247 195.7
249 214.3
250 212.8
249 217.1
247 229.2
245 229
241 232.4
236 236.9
230 245.4
224 241.9
216 234.5
208 242.6
199 244.8
190 246.2
180 243
170 243.4
160 235.6
150 227.8
139 222.3
129 211.7
119 208
109 193.8
99 181.4
91 175.6
83 164.4
75 152
69 134.9