150 149.769
160 158.8
170 175.5
180 180.8
190 192.2
200 195
208 208.9
216 223
224 220.2
230 228.2
236 220.7
241 240.6
245 246
247 238
249 246.4
250 242
249 249.2
247 246.5
245 252
241 240.6
236 230
230 227.9
224 220.5
216 214
208 208.1
200 187.9
190 178.9
180 166.9
170 155.1
160 138.9
150 131.7
139 125.3
129 110.1
119 98.3
109 100.7
100 83
91 85.2
83 80.3
75 78.2
69 73.7
63 69.8
58 74.4
54 79.2
52 78.3
50 80.4
50 81.4
50 88.2
52 87
54 96.8
58 92.3
63 94.2
69 103.1
75 109.9
83 115.1
91 111.6
100 124.1
109 133.1
119 134.8
129 151.7
139 161.8
149 168.9
160 176.4
170 197.3
180 198.2
190 210.9
199 209.2
208 213.6
216 201.6
224 192.4
230 170.9
236 157.8
241 141.8
245 120.7
247 105.8
249 91.1
250 98.2
249 92.3
247 95.3
245 93.4
241 99.1
236 99.5
230 104.1
224 113.6
216 116.8
208 122.5
199 127.6
190 134.4
180 136.7
170 155.1
160 155.1
150 168.4
139 169.6
129 171.3
119 170.2
109 165.8
99 156.4
91 144.1
83 128.5
75 121.8
69 110.3