150 149.769
160 165.8
170 175.1
180 182.1
190 188.1
200 204.7
208 212
216 215.2
224 226.5
230 234.9
236 241.1
241 248.6
245 243.3
247 252.2
249 239.7
250 251
249 247
247 245.7
245 244.1
241 240.3
236 240.5
230 237.3
224 224
216 221.6
208 211.8
200 211.2
190 202.1
180 187.4
170 172.1
160 163.7
150 156.5
139 148.2
129 126.6
119 125.1
109 121.7
100 103.7
91 97.1
83 87.8
75 76.8
69 75.1
63 71.8
58 61.8
54 62
52 60.1
50 60.4
50 57.5
50 59
52 57.9
54 62.9
58 64.2
63 70.1
69 73.3
75 75.4
83 80.3
91 83
100 90.7
109 95.4
119 102.3
129 111.9
139 125.3
149 132.8
160 146.1
170 143.9
180 155.8
190 166.4
199 179.2
208 186.9
216 192.9
224 194.7
230 206.3
236 219.3
241 222.6
245 224.9
247 228.8
249 236.4
250 237.1
249 234.6
247 241.4
245 231.4
241 228.5
236 232.5
230 229.3
224 220.5
216 219.4
208 208.3
199 194.8
190 200
180 189.5
170 178.3
160 168.3
150 159.1
139 150.3
129 136.7
119 125.1
109 114.3
99 113.1
91 105.4
83 94
75 84.1
69 76.6