150 149.769
160 155.5
170 155.5
180 174.7
190 177.3
200 174.6
208 185.6
216 179.4
224 188.6
230 198.6
236 191.8
241 201.7
245 203.1
247 198.7
249 200.2
250 213.3
249 200.7
247 203.7
245 207.9
241 205.3
236 210.1
230 198.5
224 201.9
216 209.7
208 201.8
200 205.2
190 200.3
180 202
170 198.3
160 192.7
150 201.8
139 201.2
129 187.6
119 189.6
109 199.3
100 195.3
91 186.4
83 190.8
75 193.4
69 190.6
63 187.3
58 194.9
54 189.6
52 186.6
50 185.2
50 183.8
50 187
52 187.6
54 181
58 185.7
63 189.4
69 186.6
75 181.8
83 176.9
91 177
100 173.5
109 176
119 186.1
129 180.8
139 180.8
149 176.8
160 178.6
170 174.2
180 177.9
190 168.9
199 168.5
208 182.3
216 168.7
224 179.8
230 172.6
236 167.4
241 174.3
245 171.6
247 172.1
249 170.2
250 163.4
249 167.3
247 165.6
245 168.1
241 170.1
236 173.2
230 173.2
224 168.7
216 173.8
208 166.5
199 161.3
190 162.1
180 165
170 162.6
160 164
150 168.6
139 163.4
129 169.1
119 158.4
109 159.4
99 162.2
91 162.5
83 162
75 164.9
69 159.4