150 149.769
160 159.8
170 163.9
180 174.2
190 191
200 194
208 201.9
216 203
224 216.8
230 221.1
236 232.8
241 233.4
245 226.3
247 232.5
249 237.2
250 233.3
249 229.6
247 237.8
245 228
241 224.2
236 224.6
230 220.7
224 224.1
216 222.5
208 205.5
200 199.9
190 203.6
180 191.3
170 191
160 190.8
150 189.6
139 184.1
129 175.2
119 179.1
109 171.2
100 172.9
91 167.2
83 160.2
75 162.9
69 151.1
63 160.2
58 155.5
54 147.9
52 157.5
50 145.8
50 148.8
50 148.7
52 145.8
54 145.9
58 139.9
63 143.3
69 138.9
75 139.2
83 141.9
91 138.5
100 135.8
109 137.3
119 130.3
129 130.2
139 134.2
149 128.1
160 126.6
170 130.3
180 134.1
190 132.3
199 129.5
208 130.5
216 127.6
224 125
230 128.8
236 126.4
241 128.6
245 119.8
247 122.7
249 121.8
250 121.7
249 121.2
247 118
245 125.7
241 118.5
236 122.5
230 121
224 118.2
216 118.8
208 121.4
199 116.6
190 124.4
180 118
170 117.9
160 114.7
150 117.5
139 115.1
129 119.9
119 116.3
109 118
99 113.9
91 111.3
83 114
75 116
69 112