150 149.769
160 155.7
170 162.5
180 184.7
190 189.3
200 196.1
208 205
216 210.8
224 217.9
230 230.6
236 232
241 242.4
245 243.1
247 248.5
249 251.6
250 250.2
249 241.5
247 253.8
245 245
241 242.3
236 232.6
230 233.4
224 237.7
216 217.9
208 223.5
200 205.4
190 191.2
180 182.1
170 169.4
160 166.9
150 143.3
139 140.7
129 131.6
119 114.8
109 112.1
100 99.9
91 102.1
83 90.2
75 88.6
69 80.9
63 78.3
58 71.7
54 73.4
52 69
50 67.8
50 69.5
50 69.3
52 69.5
54 68.6
58 74.4
63 71.1
69 77.1
75 80.7
83 85.7
91 79.9
100 86.5
109 92.6
119 94.2
129 101
139 106.8
149 118.9
160 117.5
170 127.7
180 140.1
190 140.2
199 151.6
208 161.4
216 174.1
224 189.7
230 199
236 200.1
241 211.5
245 214.9
247 215.1
249 225.7
250 236.3
249 231.8
247 232.4
245 242.5
241 242.5
236 240
230 241.6
224 238.2
216 237.6
208 236.9
199 228.3
190 228.1
180 220.9
170 215.2
160 208
150 198
139 186.1
129 186.2
119 169.8
109 158.4
99 148.2
91 130.1
83 131.3
75 119.3
69 110.2