150 149.769
160 159.1
170 167.8
180 181.4
190 187.8
200 204.2
208 207.6
216 204.9
224 226.4
230 236.3
236 244.3
241 244.6
245 243.3
247 246.1
249 252.9
250 253.3
249 243.9
247 248.4
245 247.6
241 246.3
236 236
230 229
224 225.7
216 212.9
208 213.3
200 192.3
190 190.3
180 173.9
170 166.4
160 150.5
150 157.8
139 135.9
129 123
119 108
109 104.6
100 96.5
91 89.6
83 81.7
75 71.1
69 70.3
63 66.9
58 64.3
54 60.3
52 61
50 60.9
50 58.8
50 63.1
52 59.1
54 62.4
58 70.4
63 72.5
69 73.9
75 72.3
83 85.7
91 92.1
100 105
109 101.6
119 111.5
129 121.8
139 130.7
149 135.1
160 144.1
170 157.7
180 158.8
190 165.8
199 192.1
208 193.7
216 201.1
224 203.8
230 210.2
236 215
241 230.3
245 229.8
247 232.6
249 224.9
250 228.8
249 234.7
247 236.4
245 226.2
241 228.6
236 221.4
230 220.8
224 208.9
216 208
208 196.2
199 189.1
190 186.8
180 167.6
170 166.8
160 157.4
150 144.3
139 135.3
129 121
119 117.4
109 105.6
99 87.5
91 90.3
83 80.3
75 68.8
69 65.9