150 149.769
160 159.2
170 170.5
180 178.4
190 190.8
200 197.8
208 208.9
216 213.9
224 223.1
230 228.1
236 238.4
241 243.6
245 246.3
247 252.8
249 258.8
250 261.9
249 262
247 252.6
245 249.2
241 236.2
236 235.6
230 222.3
224 209.5
216 205.3
208 195.3
200 186.9
190 180.7
180 166.8
170 170
160 155.1
150 147.5
139 141.5
129 135.1
119 130.3
109 123.7
100 119.6
91 110
83 107.9
75 99.7
69 99.1
63 97.9
58 99.8
54 90.8
52 87.2
50 90.3
50 100.5
50 95.4
52 91.5
54 102.5
58 96.8
63 91.3
69 96
75 95
83 100.1
91 96.8
100 102.3
109 110
119 102
129 107.3
139 100.3
149 109.3
160 109.8
170 107.3
180 117.5
190 117.6
199 112.1
208 119.4
216 125
224 123.2
230 127.2
236 124
241 126.1
245 129.7
247 134.2
249 137.8
250 127
249 133.7
247 140.2
245 130.8
241 135.9
236 138.6
230 134.6
224 134
216 131.4
208 137
199 130.3
190 129.8
180 131
170 122.1
160 124.4
150 123
139 127.3
129 117.6
119 127.1
109 111.7
99 121.4
91 122.3
83 123.1
75 125.4
69 119.9