150 149.769
160 157
170 170.2
180 183.7
190 180.1
200 200.8
208 206.7
216 215.3
224 225
230 226.5
236 237.5
241 239.4
245 245.3
247 241.3
249 249.8
250 254.9
249 244.3
247 255.3
245 241.9
241 234.7
236 228.3
230 219.9
224 211.9
216 201.4
208 197
200 181
190 179.3
180 170.2
170 166.7
160 155.4
150 151.6
139 148.9
129 144.9
119 142.6
109 140.5
100 131.1
91 135.2
83 126.1
75 127.1
69 127.2
63 115.9
58 116.5
54 113.5
52 118.5
50 111.8
50 114.8
50 109.8
52 113.4
54 108.8
58 108.7
63 111
69 111.1
75 108.5
83 103.8
91 106.5
100 102.8
109 100.5
119 102.8
129 102.8
139 102.5
149 99.3
160 95.6
170 100.4
180 107.8
190 103.8
199 98.3
208 98.6
216 104.4
224 96
230 97.8
236 98.5
241 93.8
245 96.9
247 98.3
249 96.6
250 98.7
249 95.3
247 95.2
245 99.2
241 95.2
236 93
230 96.2
224 93.6
216 88.3
208 94.7
199 93.1
190 93.7
180 95.6
170 92.2
160 93.7
150 95.2
139 97.6
129 91.1
119 91.4
109 93.2
99 91.8
91 93.3
83 95.6
75 92.8
69 94.5