150 149.769
160 149.9
170 157.3
180 167.9
190 174.7
200 181.6
208 183.7
216 188
224 193.2
230 195
236 201.1
241 199.4
245 200.9
247 205.6
249 212
250 200
249 201.7
247 206.4
245 208.8
241 203.3
236 204.1
230 205.4
224 201.5
216 208.4
208 204
200 209.2
190 197.6
180 197.6
170 194.1
160 193.1
150 199.4
139 188.9
129 193
119 189.9
109 186.7
100 189.7
91 192.4
83 183.3
75 188.2
69 180.7
63 182.7
58 185.4
54 176.8
52 181.5
50 172.9
50 176.2
50 179.4
52 178.2
54 174.9
58 180.2
63 172.6
69 172.8
75 172.4
83 171.3
91 172.3
100 168.2
109 161.3
119 170.6
129 169.8
139 166
149 165.5
160 161.2
170 159.5
180 167.5
190 159.5
199 166.2
208 162.1
216 166.9
224 163
230 166
236 157.2
241 159.2
245 163.3
247 157.3
249 159.9
250 154.9
249 163.9
247 161.5
245 157.7
241 153
236 154.6
230 149.2
224 156.7
216 158.5
208 151.3
199 150.4
190 148.1
180 154.8
170 151.2
160 156.3
150 151.6
139 148.2
129 150.7
119 152.2
109 153.5
99 150.6
91 152.8
83 152.1
75 153.4
69 150.7