150 149.769
160 160.6
170 170.1
180 174.4
190 187.3
200 200.2
208 212.2
216 217.9
224 228.8
230 229.6
236 239.7
241 233.9
245 250.5
247 253.2
249 247.6
250 250.5
249 248.8
247 243.2
245 245.1
241 238.4
236 236.6
230 232.3
224 223.5
216 216
208 203.9
200 194.8
190 190.1
180 182.2
170 155.7
160 159.3
150 147.4
139 141
129 122.4
119 116.8
109 106.1
100 96.3
91 89.2
83 83.1
75 76.5
69 79.1
63 71.1
58 68.2
54 62.6
52 65.2
50 66.6
50 64.9
50 68.8
52 66.7
54 64.2
58 72.3
63 70.5
69 73.9
75 82.7
83 86.4
91 95.4
100 103.6
109 108.6
119 112.3
129 117.9
139 133.2
149 143.6
160 141.5
170 153.6
180 157.6
190 174
199 186.5
208 198.7
216 198.4
224 205.4
230 209.6
236 215
241 228.1
245 233.1
247 234.2
249 226.4
250 237.9
249 233.9
247 237.8
245 232.2
241 232.2
236 227.7
230 223.2
224 219.1
216 207.4
208 200
199 194.1
190 181.5
180 176.3
170 169.8
160 148.6
150 144.4
139 135.2
129 124.7
119 119.6
109 107.3
99 98.7
91 93
83 86
75 77.7
69 69.7