150 149.769
160 156.7
170 168.3
180 189.1
190 197.5
200 204.7
208 203
216 211.3
224 226.8
230 227.6
236 233.1
241 235.6
245 238.7
247 244.3
249 245.7
250 251.2
249 251.3
247 247.9
245 248.3
241 245.5
236 244.2
230 235.9
224 238.7
216 229
208 224.3
200 220.3
190 205.1
180 193.7
170 184.7
160 177.5
150 158.2
139 156.1
129 145
119 132.2
109 128.8
100 120.4
91 107
83 102.8
75 96.5
69 95.1
63 80.5
58 81.3
54 78.5
52 70
50 74.3
50 66.4
50 70
52 68
54 67
58 66.6
63 64.5
69 65.3
75 68.3
83 70
91 68.4
100 74.3
109 74
119 81.2
129 78.3
139 82.9
149 83.6
160 92
170 92.2
180 91.6
190 100.1
199 104.2
208 110.4
216 111.3
224 115
230 120.7
236 132.1
241 135.4
245 145.3
247 151.3
249 165.9
250 170.5
249 185.1
247 186.6
245 192.2
241 195.3
236 205.8
230 209.1
224 215.7
216 215.5
208 224.4
199 224.3
190 230.9
180 236.6
170 234.1
160 243.9
150 243.7
139 237.2
129 243.5
119 253
109 252.4
99 244.3
91 249.3
83 244.1
75 246.1
69 249.6