150 149.769
160 160
170 166.4
180 185.6
190 196.5
200 206.5
208 213.3
216 218.5
224 220.4
230 230.4
236 229.6
241 230.5
245 243.8
247 243.8
249 245.7
250 246.3
249 251.1
247 249
245 257.4
241 244
236 249.1
230 236.8
224 229.9
216 223.1
208 214.4
200 207.8
190 194.5
180 186.4
170 182.1
160 171.6
150 158.4
139 138.9
129 132.6
119 122.4
109 112.6
100 108.7
91 92
83 91.7
75 86.5
69 79.8
63 79.7
58 76.1
54 73.7
52 70.2
50 74.3
50 76.7
50 73.3
52 74
54 81.2
58 78.4
63 81.7
69 89.2
75 91.5
83 92.6
91 95.4
100 103.5
109 105.8
119 105.8
129 113.1
139 117.8
149 125
160 132.7
170 141.6
180 152.5
190 159.8
199 179.2
208 186.3
216 192.1
224 205.2
230 206.2
236 213.6
241 211.9
245 200.3
247 184.6
249 170
250 163.7
249 136.9
247 123.4
245 111.4
241 95.2
236 91.5
230 87.8
224 86
216 93.4
208 90.6
199 92.8
190 100.9
180 108.5
170 114.4
160 113.1
150 123.8
139 128.4
129 133.9
119 140.5
109 150.2
99 160.2
91 171.8
83 168.6
75 170.8
69 159.5