150 149.769
160 161.7
170 167.8
180 186.3
190 191
200 202.4
208 212.6
216 213.9
224 223
230 227.7
236 232.3
241 237.8
245 240.8
247 246.1
249 250.1
250 250
249 257.1
247 260.1
245 252.5
241 247.7
236 243.4
230 242.6
224 236.2
216 224.9
208 222.6
200 214.1
190 204.4
180 198
170 186.1
160 177.1
150 168.4
139 158.9
129 147.9
119 142.1
109 128.2
100 119.4
91 111.1
83 105.3
75 94.8
69 97
63 92.9
58 83
54 83.2
52 76.5
50 81.1
50 76.8
50 78.7
52 74.5
54 76.7
58 82.4
63 80.4
69 81.3
75 84.1
83 86.9
91 89
100 97
109 96.8
119 105
129 105.9
139 107.2
149 109.3
160 120
170 130.1
180 137.4
190 137.3
199 152.4
208 155.8
216 167.5
224 175
230 179.3
236 176.7
241 166.9
245 153.3
247 144.8
249 125.2
250 118.8
249 110.8
247 108.9
245 108.3
241 108.9
236 113.6
230 119.8
224 122.5
216 123.5
208 123.7
199 128.8
190 130.6
180 137.9
170 136.8
160 144
150 137.2
139 138.7
129 143.4
119 139
109 134.6
99 129.6
91 125.1
83 127.7
75 130.2
69 124.5