150 149.769
160 162.2
170 167.5
180 180.7
190 194.7
200 200.4
208 209.2
216 218.7
224 229.3
230 229.3
236 237.6
241 236.3
245 240.1
247 240.8
249 245.5
250 245.2
249 243.9
247 249.1
245 235.7
241 230.1
236 234.6
230 231.4
224 228.8
216 210.7
208 206.9
200 197.3
190 183.2
180 166.6
170 161.9
160 144.4
150 144.9
139 132.1
129 119.9
119 114.4
109 99
100 94.8
91 92.3
83 80.3
75 75.9
69 75.6
63 73.5
58 67.4
54 70.8
52 67.7
50 63.7
50 67.5
50 65.4
52 69.8
54 76.3
58 73.6
63 76.1
69 81.8
75 85.5
83 88.9
91 94.3
100 105.1
109 103.8
119 113.1
129 124
139 126.9
149 134.5
160 146.4
170 150.2
180 161.7
190 185.1
199 184.4
208 200.3
216 200.2
224 217.9
230 221.1
236 223.4
241 222.6
245 236.5
247 236.4
249 234.7
250 238
249 237.5
247 235.8
245 230.8
241 231.3
236 228.7
230 227.1
224 209.3
216 207.1
208 193.3
199 185
190 178.7
180 164.4
170 156.8
160 140.3
150 133.2
139 125.5
129 117
119 103.8
109 100.2
99 93.6
91 84
83 80
75 79.6
69 66.7