150 149.769
160 161
170 168
180 184.3
190 186.8
200 198.9
208 215.5
216 218.3
224 225.3
230 232.5
236 237.6
241 243
245 241.4
247 250.2
249 248.3
250 248.3
249 245.5
247 259.1
245 237.1
241 240.4
236 234.8
230 232.7
224 223.8
216 228.3
208 207.2
200 195.4
190 183.9
180 183.8
170 172.4
160 152.5
150 150.4
139 136.1
129 134.1
119 116
109 110.8
100 99.5
91 96.6
83 86.8
75 78.1
69 78.1
63 71
58 74.3
54 65.9
52 65.1
50 66.4
50 66.6
50 68.4
52 68.7
54 70.3
58 78
63 77.6
69 82.8
75 84.5
83 94
91 98.9
100 102.1
109 114.4
119 115.9
129 122.9
139 137.5
149 144.5
160 153.7
170 162.9
180 174.3
190 188
199 194.7
208 197.3
216 206
224 219.6
230 225
236 224.3
241 225.6
245 238.6
247 242.6
249 230.3
250 230.8
249 229.8
247 227.7
245 223
241 222.4
236 214
230 210.1
224 201.1
216 183.8
208 177.3
199 167.7
190 164.4
180 151.5
170 143.5
160 137
150 119.8
139 108.5
129 98.9
119 96.6
109 88.3
99 85.3
91 74.4
83 71.7
75 62.9
69 67.8