150 149.769
160 153.7
170 175.3
180 183.1
190 195.2
200 209.2
208 210.8
216 213.8
224 229.3
230 222.4
236 240.4
241 244.6
245 246.2
247 258.3
249 248.5
250 252.7
249 251.8
247 250.9
245 249.3
241 252.5
236 246.8
230 241.9
224 235.9
216 221.9
208 219
200 209.6
190 200.5
180 190.6
170 176
160 170.2
150 161.9
139 148.7
129 141.3
119 130.5
109 119.9
100 114.1
91 104.6
83 98.5
75 89.8
69 81.4
63 83
58 80
54 72.5
52 68.9
50 71.6
50 67.9
50 65.4
52 70.9
54 70.5
58 69.5
63 73.6
69 67.9
75 73.7
83 74.5
91 76.4
100 82.5
109 81.7
119 88.9
129 90.6
139 92.8
149 98
160 100.5
170 107.3
180 114.8
190 122.3
199 126.3
208 139.7
216 152.3
224 160.8
230 167.8
236 178.5
241 186
245 189.4
247 202.5
249 206.7
250 211.2
249 227.7
247 222.7
245 229
241 236.7
236 238.8
230 239
224 237.7
216 243.6
208 248.4
199 239.4
190 244.2
180 239.1
170 240
160 233.9
150 224.6
139 221.7
129 215.6
119 213.4
109 200
99 196.5
91 186.4
83 176.9
75 168.5
69 156.2