150 149.769
160 163.5
170 167.5
180 178.9
190 188.7
200 203.7
208 208.8
216 214.3
224 219.8
230 227.6
236 239
241 235.7
245 238.3
247 240.4
249 251.3
250 245.4
249 252.9
247 247.1
245 240.9
241 233.8
236 235.8
230 220.3
224 216
216 205.4
208 193.4
200 175.4
190 178.9
180 154.4
170 148.7
160 140.3
150 126.6
139 124.4
129 112.8
119 102.3
109 93.4
100 91.8
91 89.4
83 81.3
75 81.7
69 85.2
63 80.6
58 81.5
54 85.2
52 83.1
50 90.9
50 89.9
50 92.2
52 98.4
54 100
58 101.2
63 106
69 111.4
75 116.6
83 121.2
91 124.8
100 125.3
109 135.8
119 147.1
129 148.6
139 151.9
149 152.5
160 155.5
170 162.1
180 156.2
190 144.2
199 147.6
208 127.3
216 127.1
224 126.5
230 122.8
236 119.7
241 117.4
245 121.2
247 124.9
249 127.4
250 120.5
249 129.3
247 131.7
245 128
241 132.5
236 131.2
230 127
224 135.6
216 137.3
208 133.6
199 137
190 131.7
180 134.8
170 126.9
160 125.9
150 124.8
139 127.8
129 129.6
119 122.9
109 129.8
99 130.2
91 126.9
83 131
75 133.4
69 131.2