150 149.769
160 152.1
170 171.8
180 181.4
190 185.8
200 202.4
208 206.1
216 215.2
224 222.7
230 228.5
236 235.6
241 240.7
245 242.8
247 252.1
249 247.2
250 246.5
249 246.9
247 239.4
245 242.8
241 239.2
236 237.7
230 229
224 222.1
216 220.2
208 205.2
200 192.4
190 191.9
180 180.5
170 167
160 152.1
150 135.1
139 131.6
129 112.2
119 113.6
109 106.7
100 96.3
91 84.9
83 78.2
75 73.1
69 66.4
63 64.3
58 67.4
54 61
52 63.6
50 62.6
50 64.3
50 59.6
52 63.4
54 64.1
58 68.2
63 72.3
69 72.1
75 79.3
83 81.3
91 85.7
100 93.6
109 97.3
119 102.7
129 115.5
139 123.8
149 126.5
160 135.3
170 141.2
180 147.5
190 155.9
199 162.4
208 171
216 184.8
224 194.6
230 202.9
236 202.8
241 210.5
245 220.9
247 227.2
249 219.5
250 228.4
249 234.5
247 230.4
245 240.1
241 236.5
236 233
230 229.6
224 220.7
216 221.5
208 212.2
199 213.1
190 206
180 196.6
170 186.4
160 175.7
150 161.3
139 151.1
129 144
119 136.6
109 126.3
99 115.9
91 108.6
83 95.7
75 90.3
69 84.1