150 149.769
160 161.8
170 167.2
180 182.5
190 188.6
200 203.8
208 208.7
216 217.1
224 218.2
230 227
236 229.9
241 242
245 243.6
247 244.6
249 253.6
250 255.2
249 248.8
247 243.1
245 243.3
241 244.1
236 237.1
230 230.3
224 226.8
216 223.9
208 208.5
200 210.7
190 194.8
180 185.2
170 170.7
160 155.8
150 147.5
139 143.8
129 131.4
119 119.6
109 110.2
100 97.1
91 95.4
83 89
75 74.3
69 75.6
63 69.5
58 68.6
54 65.1
52 63.4
50 63.3
50 63.2
50 69.4
52 74.1
54 68.9
58 72.7
63 74
69 82.4
75 81.1
83 92.2
91 99.2
100 106.3
109 110.7
119 115.2
129 122.1
139 128
149 141.4
160 149.2
170 157.1
180 161.5
190 180.9
199 193.7
208 193.6
216 206.3
224 212.3
230 218.7
236 218.7
241 227
245 234.4
247 230.5
249 236.1
250 235.7
249 240.3
247 228.6
245 232.5
241 227.4
236 219.2
230 214
224 214.4
216 204.1
208 195.8
199 184.8
190 177.6
180 170.4
170 154.3
160 137
150 134.3
139 128.7
129 119.9
119 107.7
109 94.5
99 91.4
91 80.6
83 76
75 70.6
69 65.1