150 149.769
160 153.7
170 150
180 155.8
190 156.4
200 160.6
208 159.2
216 161.6
224 166.3
230 168.2
236 169.5
241 168.5
245 176.6
247 175.2
249 173.7
250 176.6
249 174.8
247 175.9
245 183
241 183.7
236 179.3
230 174.9
224 184.4
216 185.7
208 183.2
200 183.5
190 189.5
180 186
170 185.3
160 183.2
150 187.6
139 185.8
129 191.2
119 200.3
109 195
100 190.9
91 190.6
83 189.5
75 192.7
69 195.2
63 196
58 198.4
54 196.7
52 201.8
50 196.9
50 200.6
50 200.9
52 197.5
54 200.8
58 199
63 207.4
69 199.9
75 200
83 202.9
91 202.9
100 202.1
109 207.6
119 201
129 208.5
139 198.8
149 199.5
160 203
170 200.7
180 200.2
190 207.3
199 204
208 201.1
216 205.4
224 208.5
230 204.9
236 208.3
241 211.2
245 206.3
247 212
249 205.2
250 201.3
249 205.3
247 209.9
245 209.6
241 215.6
236 202.3
230 208.9
224 205.1
216 213.5
208 214.1
199 210.1
190 210.4
180 206
170 207.3
160 212.6
150 215.3
139 210.4
129 209.7
119 219.2
109 209.4
99 213.4
91 213.3
83 213.3
75 211.5
69 218.4