150 149.769
160 163.6
170 168.4
180 180.5
190 196.6
200 202.5
208 210.9
216 209
224 222.8
230 225.3
236 236.7
241 242.6
245 246.4
247 236.5
249 245.6
250 253.7
249 251.2
247 248.4
245 253.6
241 242.9
236 248.5
230 236.8
224 234.5
216 219.3
208 218.4
200 202.3
190 195.5
180 183.1
170 173.9
160 157.2
150 154.1
139 134.7
129 131.6
119 118.1
109 108.5
100 104.8
91 99
83 92.9
75 81.7
69 85.8
63 81.1
58 82.4
54 80.9
52 79.9
50 77.6
50 79.9
50 85.7
52 81.7
54 89.5
58 85.8
63 89.4
69 94.1
75 98.1
83 104.4
91 114.6
100 113.6
109 117.2
119 115.2
129 132.6
139 136.8
149 146.5
160 151.5
170 161.7
180 173
190 172.6
199 173.5
208 173.4
216 163.9
224 154.2
230 142.6
236 117.8
241 120.1
245 114.6
247 109.5
249 109.8
250 110.4
249 114.4
247 114.8
245 120.4
241 122.5
236 127.7
230 137.8
224 137.6
216 140.9
208 138.4
199 140.8
190 140.6
180 138
170 139.1
160 135
150 133.7
139 133.9
129 125.1
119 131.2
109 123.6
99 116.3
91 122.9
83 127.2
75 122.8
69 130