150 149.769
160 157
170 176.4
180 183
190 191.2
200 201.5
208 209.9
216 212.1
224 219.3
230 229.9
236 237.7
241 244.8
245 251.8
247 253.9
249 254.4
250 259.5
249 248.3
247 249.2
245 237.7
241 235
236 230
230 214.8
224 204.7
216 197.7
208 181.1
200 175.8
190 175.8
180 164.6
170 162.1
160 157.4
150 154.7
139 144.7
129 140.4
119 136.6
109 131
100 131.3
91 129.5
83 125
75 118.3
69 114
63 114.8
58 113.5
54 108.4
52 103.9
50 105.2
50 109
50 105.3
52 103
54 101.3
58 101.1
63 101
69 97.8
75 103.5
83 93.5
91 100.3
100 95.4
109 95.2
119 101.5
129 96
139 92.2
149 93.1
160 92.2
170 96.1
180 92.3
190 91.9
199 98.1
208 94
216 95.5
224 93.3
230 94.8
236 98.2
241 93.7
245 94.8
247 91.9
249 93.8
250 96
249 96.6
247 95.3
245 102
241 90.6
236 98
230 96.7
224 95.2
216 100.5
208 96.4
199 96.9
190 98.9
180 92.7
170 100.3
160 98.5
150 95.2
139 93.5
129 96.2
119 96.7
109 96.6
99 103.5
91 99.3
83 96.4
75 99.1
69 101.9