150 149.769
160 159.1
170 172.5
180 175.6
190 187.7
200 197.7
208 210.9
216 222.3
224 220.5
230 230.6
236 239.4
241 242.6
245 244.8
247 248.5
249 253.5
250 258.6
249 250.1
247 249.7
245 237.1
241 243.8
236 234.8
230 216.2
224 203.4
216 198
208 191.7
200 187.2
190 173.2
180 161.7
170 152.3
160 152.1
150 139.5
139 142.3
129 133.9
119 117.9
109 119.8
100 118.2
91 110.7
83 113.2
75 103
69 101.7
63 95.3
58 99.1
54 98.2
52 97
50 97.2
50 98.6
50 92.5
52 93.8
54 90.9
58 92.2
63 95.2
69 94.6
75 97.4
83 94.1
91 96.4
100 96.6
109 100
119 101.1
129 97.3
139 105.1
149 100.9
160 107.1
170 105.6
180 109
190 109.1
199 108.1
208 115.6
216 113.1
224 117.2
230 117.2
236 114.8
241 114.3
245 113.4
247 120.6
249 119.4
250 122.8
249 123.2
247 121.1
245 131.4
241 128
236 131.3
230 134.3
224 134
216 131.5
208 134.7
199 131.3
190 139.3
180 133.8
170 137.2
160 132.4
150 128
139 130.7
129 130.4
119 124.2
109 129.9
99 118.8
91 127.2
83 123.3
75 122.5
69 123.9