150 149.769
160 159.5
170 167.7
180 182
190 200.7
200 195.2
208 205.6
216 208.5
224 210.5
230 227.4
236 243.2
241 240.6
245 245.3
247 243.8
249 251.9
250 251
249 247.8
247 250.7
245 242.1
241 231.8
236 239.9
230 224
224 232.1
216 224.6
208 208.2
200 202.2
190 189.9
180 179.3
170 167.9
160 151.4
150 146.1
139 137.2
129 125
119 112.2
109 103.3
100 92.9
91 87.3
83 77.5
75 73.6
69 70.7
63 67.1
58 64.2
54 66.2
52 64.9
50 58.1
50 60.1
50 62
52 64.2
54 66.4
58 66.6
63 70.2
69 72.5
75 77.6
83 84
91 82.5
100 88.3
109 101.8
119 103.8
129 101.2
139 110.8
149 124.6
160 129.2
170 137.9
180 151.9
190 156.1
199 165.7
208 176.3
216 182
224 191.3
230 199.9
236 204.8
241 210.1
245 206.4
247 220.6
249 225.9
250 226.1
249 229.9
247 238.8
245 229.5
241 240.1
236 233.5
230 228.7
224 226.4
216 224.5
208 225.7
199 210
190 203
180 195.4
170 189.8
160 180.9
150 168.2
139 157.2
129 147.8
119 141.3
109 127.2
99 121
91 115.1
83 105.3
75 92.2
69 88.5