150 149.769
160 161.8
170 171.4
180 185
190 199.1
200 196.4
208 203
216 213.2
224 231
230 230.4
236 241
241 231.7
245 249.7
247 248
249 258.2
250 257.8
249 245.4
247 245.3
245 241
241 251.4
236 238.8
230 234.5
224 225.9
216 215.2
208 218.9
200 208.3
190 198.5
180 182.7
170 176.8
160 153.9
150 151.2
139 145.6
129 133.3
119 120.6
109 113.4
100 98.1
91 94.1
83 90.3
75 74.1
69 73.4
63 72.8
58 64.2
54 64.1
52 57.8
50 59.7
50 59.4
50 58.3
52 59.4
54 63.6
58 60.1
63 66.2
69 69.1
75 76.2
83 80.6
91 81.4
100 86.3
109 92.7
119 102.4
129 110.2
139 109.7
149 122.3
160 129.4
170 145
180 152.9
190 161.9
199 165.2
208 170.2
216 183.3
224 194.1
230 194.4
236 201.8
241 210.9
245 213.8
247 221.6
249 223.5
250 229.7
249 230.7
247 237.4
245 242.1
241 234.7
236 233.4
230 229.9
224 220.9
216 221.8
208 215.7
199 212.2
190 199.5
180 196.7
170 182.8
160 177.5
150 173.6
139 157.3
129 148.2
119 144.7
109 127.1
99 123.8
91 109.9
83 99.7
75 97.1
69 88.8