0 0.503383
1 0.9
2 0.4
3 1.2
4 2.8
5 3.4
6 3.9
7 4.8
8 7.1
9 7.1
10 9
11 11.1
12 11.5
13 12.7
14 15
15 13.6
16 14.7
17 21.3
18 23.1
19 21
20 23.1
21 23.1
22 23.7
23 26.2
24 24.8
25 26.9
26 31
27 31.9
28 32.6
29 31.2
30 33.7
31 31.4
32 31.4
33 35
34 37.2
35 37.8
36 38.3
37 35.7
38 41.2
39 37.8
40 38.7
41 43
42 38
43 39.1
44 38.9
45 39.3
46 39.4
47 42.7
48 41.7
49 40
50 38.2
51 39.2
52 37.9
53 37.9
54 38.3
55 37.5
56 39.5
57 36.6
58 36.7
59 39.3
60 42.9
61 37.8
62 34.5
63 35.1
64 35.2
65 37.1
66 38.5
67 36
68 40.5
69 35.7
70 35.1
71 35.6
72 37.3
73 34.1
74 38.2
75 31.9
76 36.6
77 38.1
78 36.7
79 32.7
80 36.7
81 35.4
82 34
83 35.5
84 37.2
85 34.2
86 36.2
87 33.2
88 39.9
89 35.2
90 37.5
91 37.6
92 37.5
93 37.1
94 43.3
95 42.7
96 38.2
97 42
98 40.6
99 42.2