0 0.503383
1 0.7
2 1
3 0.9
4 2.2
5 3.1
6 4.9
7 5.5
8 7.2
9 8.4
10 8.4
11 11.3
12 11.6
13 14.5
14 16.5
15 16.3
16 17
17 16.8
18 19.1
19 16.7
20 20.4
21 21
22 21
23 22.3
24 25.9
25 25.5
26 25.9
27 28
28 28.5
29 32.2
30 29.2
31 28.9
32 31.3
33 34.6
34 33.5
35 34.8
36 34
37 36.3
38 35.6
39 37.8
40 41.4
41 36.5
42 38.1
43 38.8
44 37.8
45 36.6
46 40.1
47 37.2
48 36.9
49 37.7
50 42.3
51 41.9
52 41.1
53 40.5
54 37
55 41.6
56 34.4
57 34.9
58 40.4
59 35.1
60 36.2
61 38.7
62 35.4
63 40
64 38.2
65 34.9
66 34
67 33.4
68 36
69 36.1
70 38.1
71 36.8
72 37.3
73 39
74 39.1
75 39.8
76 43.5
77 41.3
78 37.9
79 41.7
80 45
81 44.8
82 43.1
83 46.3
84 49.2
85 52.7
86 58.6
87 53.1
88 56.4
89 60.8
90 55.5
91 62.2
92 71.4
93 62.2
94 67.6
95 70.5
96 72.5
97 69.1
98 77.7
99 74.1