0 0.503383
1 0.4
2 1.3
3 1.6
4 2
5 3.6
6 3.9
7 6.6
8 7.1
9 8
10 7.9
11 11.9
12 13.1
13 11.1
14 12.7
15 16.8
16 20.8
17 17.6
18 19.7
19 20.4
20 21.7
21 21.4
22 24.9
23 22.7
24 27.9
25 28.5
26 27.4
27 28.5
28 29.7
29 31.4
30 32.3
31 34.1
32 32.2
33 32.2
34 38.9
35 34.4
36 35.7
37 38.1
38 37.2
39 38.6
40 37.7
41 38.4
42 41
43 41.1
44 41.2
45 41.9
46 43.1
47 39.8
48 39.3
49 39
50 40.6
51 40.5
52 40.2
53 45.3
54 39.3
55 45.7
56 44.5
57 44.6
58 43.4
59 42.7
60 43.5
61 43.5
62 48.7
63 43.6
64 42.9
65 43.9
66 41.8
67 45.9
68 45.6
69 48.1
70 49.4
71 49.1
72 50.7
73 50.4
74 49.3
75 57.8
76 57.6
77 56.2
78 58.6
79 65.2
80 66.8
81 68.2
82 70
83 69.5
84 77.4
85 78.6
86 79
87 82.5
88 80.4
89 82.1
90 84.8
91 85.5
92 89.6
93 94.7
94 92.6
95 95.2
96 89.3
97 92.6
98 95.5
99 99.9