0 0.503383
1 1.1
2 1.4
3 1.7
4 2.9
5 3.6
6 5.4
7 6.2
8 7.1
9 9.5
10 10.4
11 12
12 12.3
13 12
14 12.6
15 15.1
16 16.7
17 18.3
18 18
19 18.3
20 18.8
21 20.1
22 19.8
23 20.9
24 22.6
25 21.8
26 24.9
27 24.7
28 24.9
29 27.8
30 27.1
31 30.2
32 29.6
33 31.8
34 38.8
35 35.4
36 34.9
37 37.6
38 41.1
39 40.7
40 39.5
41 41.7
42 45.6
43 45.1
44 44.8
45 51.8
46 51.6
47 57.7
48 56.8
49 56.5
50 56.9
51 65.2
52 66.3
53 65.9
54 64.9
55 68.4
56 65.9
57 66.2
58 67.6
59 67.8
60 72.1
61 65.8
62 68.8
63 69.3
64 69.1
65 69.4
66 64
67 71
68 64.2
69 73.1
70 74.5
71 74.6
72 77.4
73 73.6
74 79.3
75 78.7
76 80.2
77 79.6
78 86.8
79 89.9
80 89.7
81 92.7
82 97.7
83 94.5
84 103
85 101
86 102.2
87 106.6
88 105.7
89 112.3
90 118.5
91 114.6
92 120.4
93 121.9
94 118.6
95 125.5
96 123.3
97 116.3
98 128.1
99 126.9