0 0.503383
1 0.6
2 1
3 1.9
4 3.7
5 2.7
6 5.4
7 4
8 7.1
9 8.3
10 10.4
11 12.8
12 13.6
13 13.1
14 16.9
15 16.1
16 18.9
17 16.3
18 17.2
19 20.2
20 20.5
21 20.6
22 23.9
23 20
24 23.9
25 25.6
26 27.3
27 30.1
28 28.3
29 28.8
30 31
31 29.8
32 35
33 33.4
34 36
35 38
36 40.2
37 39.2
38 39.7
39 40.6
40 42.4
41 44.5
42 44.9
43 47.1
44 43
45 47.5
46 46.8
47 45.4
48 52.6
49 49.3
50 50.1
51 48.4
52 52.9
53 51.3
54 53.1
55 52.7
56 56.8
57 54.4
58 57.5
59 53.8
60 57.8
61 55.5
62 56.1
63 58.5
64 65.6
65 57.2
66 59.8
67 65.6
68 65.2
69 62.8
70 66.4
71 71.5
72 67.7
73 75.1
74 71.9
75 74.2
76 76.6
77 85.3
78 80
79 83.7
80 80.3
81 89.7
82 95.9
83 93
84 94.8
85 96.5
86 96.1
87 100.1
88 101.2
89 107.8
90 105.6
91 109.3
92 111.7
93 111.1
94 114.9
95 121
96 115.8
97 118.2
98 116.4
99 113.3