0 0.503383
1 0.3
2 0.8
3 0.4
4 0.6
5 0.6
6 0.9
7 0.7
8 0.7
9 0.2
10 0.9
11 0.7
12 0.3
13 0.9
14 0.5
15 0.4
16 0.6
17 0.5
18 1.2
19 1.2
20 1
21 1.4
22 1.2
23 0.8
24 1.5
25 1.5
26 0.9
27 1.4
28 1.2
29 1
30 1.5
31 1.4
32 1.4
33 1
34 1.4
35 1.1
36 1.9
37 1.1
38 0.9
39 1.3
40 1
41 1.7
42 2.1
43 1.7
44 1.5
45 1.3
46 1.2
47 1.3
48 1.6
49 1.5
50 1.4
51 1.7
52 1.4
53 1.5
54 1
55 1.3
56 2
57 1.5
58 1.7
59 1.8
60 1.8
61 1.3
62 2.5
63 2.3
64 2
65 1.7
66 1.2
67 1.9
68 2
69 2.6
70 2
71 1.7
72 1.7
73 2.5
74 1.9
75 1.5
76 2.1
77 2.1
78 1.6
79 1.3
80 2.1
81 2.2
82 1.5
83 2.4
84 2.4
85 1.4
86 1.5
87 1.9
88 1.6
89 2
90 2.5
91 2.3
92 2.2
93 2
94 2.5
95 1.7
96 1.6
97 2.1
98 2
99 2.3