0 0.503383
1 0.6
2 1.1
3 1.2
4 2.4
5 4.1
6 4.9
7 5
8 8.4
9 9.2
10 9.8
11 11.8
12 11.9
13 14.2
14 13.9
15 12.6
16 13.9
17 15.4
18 17.5
19 16.6
20 18.9
21 21.6
22 21.1
23 22
24 21.1
25 24.3
26 26
27 27.5
28 25.5
29 27.5
30 31
31 29.1
32 31.4
33 32.1
34 32
35 32.2
36 33.1
37 32.7
38 35.7
39 36.8
40 36.1
41 40.4
42 36.6
43 39.5
44 41.3
45 44.7
46 44.2
47 40.9
48 43.8
49 51.2
50 47.2
51 52.1
52 53.2
53 52
54 53.9
55 50.8
56 55.8
57 58
58 58.3
59 58
60 54
61 57.1
62 59.2
63 58
64 58.7
65 62.7
66 57.9
67 62.5
68 67.9
69 65.1
70 58.8
71 66.8
72 67.5
73 71.3
74 72.6
75 67.2
76 73.8
77 73.7
78 74.7
79 78.3
80 79.9
81 86.7
82 85.5
83 94.7
84 94.1
85 90.5
86 101.2
87 95.6
88 104
89 99
90 111.9
91 110.4
92 106.5
93 113.5
94 120.5
95 114.9
96 115
97 119.4
98 121.5
99 122.9