0 0.503383
1 0.7
2 0.7
3 0.7
4 0.8
5 1.6
6 1.4
7 2
8 3.9
9 4.8
10 6.5
11 6.5
12 5.9
13 8
14 9
15 10.1
16 11.4
17 12.3
18 13.9
19 15
20 16.7
21 17.1
22 18.3
23 18.8
24 22.9
25 22.3
26 20.6
27 28.7
28 23.5
29 26.6
30 24.9
31 28.2
32 29.3
33 29.9
34 29
35 29.5
36 30.4
37 30.2
38 36.9
39 35
40 30.7
41 32.7
42 32.3
43 32.8
44 33.6
45 34.9
46 31.7
47 35.7
48 35.5
49 31.6
50 36.6
51 31.9
52 34
53 33.9
54 33.5
55 35
56 36.4
57 34.2
58 31.9
59 36.1
60 34.8
61 32.2
62 33
63 33.1
64 35.2
65 38.3
66 34.1
67 34.7
68 34.1
69 38.9
70 39.4
71 40.2
72 39.3
73 38
74 37.9
75 38.9
76 42.1
77 40
78 40.7
79 39.3
80 38
81 45.1
82 42
83 40.3
84 41.8
85 41.6
86 44.8
87 39.4
88 42.5
89 39.1
90 41.2
91 41
92 42.9
93 42.5
94 41.9
95 43.6
96 41.7
97 41.1
98 43.3
99 46.6