0 0.503383
1 0.8
2 1.2
3 1.3
4 1.3
5 2.4
6 4.4
7 3.7
8 5.9
9 7.4
10 7.5
11 9.9
12 14.5
13 14
14 14.7
15 16.6
16 18.3
17 21.1
18 21.3
19 22.9
20 24.9
21 26.2
22 30.8
23 30.9
24 31.9
25 33.6
26 33.6
27 36.1
28 35.4
29 37.7
30 42.5
31 37.3
32 40.4
33 44.3
34 45.5
35 44
36 43.8
37 42.7
38 46.4
39 45
40 47.6
41 45.7
42 51.1
43 44.1
44 44.2
45 47.8
46 44.1
47 46.4
48 47.6
49 44.7
50 47.6
51 49.6
52 47.6
53 49.4
54 48.8
55 45.2
56 47.6
57 44.4
58 44.9
59 47.7
60 47.3
61 45.5
62 45.6
63 46.3
64 45.1
65 50.1
66 50.6
67 52.6
68 56.8
69 60.6
70 60.1
71 62.8
72 64.4
73 66.3
74 61.5
75 62.3
76 61.5
77 60.5
78 61.9
79 63.4
80 60.5
81 57.9
82 58.9
83 60
84 59.3
85 57.3
86 59.2
87 59
88 60.2
89 60.2
90 57.7
91 62.4
92 58.5
93 63
94 63.5
95 66.6
96 67.6
97 73.9
98 68.1
99 70.2