0 0.503383
1 0.7
2 0.9
3 1.5
4 1.5
5 2.9
6 2.4
7 3.8
8 5.3
9 6.3
10 7.1
11 9.7
12 9.9
13 11.6
14 15.8
15 15.6
16 17
17 20.1
18 21.4
19 24
20 22.1
21 27.2
22 28.3
23 26.7
24 30.8
25 31.5
26 36
27 38.4
28 38.9
29 35.6
30 37.6
31 45.9
32 42.1
33 41.1
34 44.4
35 47.1
36 49.3
37 47.4
38 44.9
39 46.6
40 49.8
41 45.1
42 42.9
43 47.7
44 46.4
45 45.9
46 40.6
47 44
48 45.3
49 48.5
50 49.3
51 44.3
52 47
53 46.8
54 51.3
55 48.5
56 48.5
57 48.7
58 45.9
59 51.1
60 52.1
61 50
62 55.7
63 53.6
64 54.4
65 51.9
66 55.7
67 59.3
68 59.3
69 57.8
70 57.8
71 58.1
72 54.3
73 56.1
74 57.2
75 56.5
76 53.7
77 59.4
78 58.3
79 58.3
80 64.1
81 60.5
82 58.6
83 61.8
84 60.6
85 61.4
86 64.2
87 63.8
88 64.4
89 64.9
90 64.2
91 66
92 61.1
93 65.4
94 71.2
95 63.7
96 59.9
97 61.8
98 62.8
99 61.9