0 0.503383
1 0.7
2 0.8
3 2.1
4 2.3
5 3.9
6 3.9
7 7.1
8 8.4
9 9.1
10 12.2
11 11.9
12 13.1
13 12.9
14 15.7
15 14.2
16 17.1
17 16.9
18 18.8
19 17.9
20 15.7
21 20
22 20.9
23 23.2
24 21.8
25 24.1
26 25.8
27 24.5
28 24.8
29 26.5
30 29.6
31 29.5
32 29.3
33 29.4
34 28.5
35 33.8
36 35.4
37 34.3
38 36.9
39 35.6
40 36.2
41 36.7
42 39.7
43 42.1
44 42
45 42.8
46 47.5
47 44.1
48 47.8
49 49.4
50 50.7
51 50.6
52 52.9
53 54.8
54 51.2
55 56.7
56 57
57 58.6
58 57.5
59 63.3
60 59.1
61 62.8
62 62.4
63 61.5
64 61.6
65 64.9
66 64
67 69.5
68 66.3
69 69.8
70 69.1
71 66.2
72 66.1
73 70.3
74 73.7
75 71.5
76 79.9
77 77.6
78 76.6
79 83.6
80 81.9
81 86.2
82 84.4
83 89.2
84 93.3
85 94.2
86 95.8
87 103
88 102
89 103.3
90 106.5
91 107.4
92 114.5
93 114
94 116.6
95 119
96 119.4
97 121.2
98 119.5
99 124.4