0 0.503383
1 0.5
2 0.7
3 1.6
4 3.8
5 3
6 5.7
7 7.3
8 9.1
9 6.2
10 9.9
11 11.9
12 12.7
13 13.5
14 13.1
15 16.4
16 17.2
17 15
18 18.2
19 18.6
20 18.9
21 18.7
22 21.4
23 22
24 23.9
25 25.2
26 19.9
27 27.4
28 27.7
29 30.2
30 27.9
31 31.4
32 32.5
33 36.1
34 32.6
35 36.2
36 33.4
37 34.2
38 37.7
39 34.1
40 41.9
41 43.3
42 46.7
43 46.2
44 42.5
45 48
46 46.7
47 48.9
48 53.6
49 50.4
50 58
51 57.2
52 54.9
53 55.7
54 61.4
55 61
56 59.5
57 60.1
58 59.8
59 61.8
60 63
61 62.5
62 62.4
63 67.4
64 65.8
65 63.9
66 64.3
67 66.3
68 65.1
69 71.4
70 75.4
71 75.5
72 81.6
73 78.7
74 75.8
75 84.8
76 82.9
77 89.4
78 84.3
79 90
80 91.5
81 95
82 100.1
83 106
84 105.9
85 101.8
86 116
87 119.7
88 112.9
89 118.8
90 123.7
91 120.9
92 121.1
93 122.7
94 119.2
95 121.6
96 125.3
97 125
98 116.9
99 122.5