0 0.503383
1 0.8
2 0.8
3 1.3
4 1.6
5 4
6 4.4
7 5.6
8 8
9 8.4
10 11.3
11 10.8
12 13.6
13 11.8
14 13.9
15 12.4
16 17.3
17 15.9
18 16.9
19 17.1
20 21.9
21 19.4
22 19.2
23 20.4
24 23.9
25 22.3
26 27.5
27 26.2
28 26.7
29 25.6
30 26.8
31 29
32 29.8
33 34
34 36.1
35 33
36 37.5
37 34.4
38 36.9
39 40.8
40 40.5
41 47
42 45.6
43 48.2
44 47
45 51.2
46 56.7
47 54.4
48 58.8
49 59.3
50 56.7
51 58
52 61
53 64.6
54 69.5
55 66.1
56 69
57 68
58 67.7
59 68.9
60 66.5
61 68.2
62 66.2
63 70.2
64 66.2
65 74
66 73
67 66.7
68 73.2
69 72.6
70 68
71 67.8
72 72.9
73 75.5
74 79.4
75 78.3
76 80.3
77 80.1
78 84.5
79 89.7
80 87.4
81 92.6
82 93.7
83 103
84 102.4
85 95.9
86 100.9
87 106
88 112.8
89 108.5
90 110.4
91 113.1
92 115.9
93 121.2
94 123.9
95 126.7
96 127.9
97 123.1
98 127.7
99 127.8