0 0.503383
1 0.4
2 1
3 0.6
4 0.8
5 0.3
6 0.4
7 0.6
8 0.4
9 1.2
10 1.6
11 1.2
12 1.3
13 1.5
14 1.1
15 2
16 0.9
17 1.2
18 1.9
19 1.4
20 1.8
21 1.8
22 2.1
23 2.3
24 2.8
25 2.5
26 2.2
27 2.9
28 2.1
29 1.6
30 2.7
31 3.3
32 3.3
33 3
34 3.2
35 3.4
36 2.9
37 3.6
38 2.5
39 2.4
40 3
41 3.7
42 3
43 3
44 2.2
45 3.4
46 2.9
47 4.2
48 4.6
49 3.8
50 3.6
51 4.6
52 3.6
53 3.2
54 2.6
55 4
56 4.3
57 3.5
58 3.3
59 3.1
60 3.5
61 4
62 4.1
63 3.4
64 3.7
65 3.5
66 4.4
67 4.6
68 4.4
69 3.2
70 3.3
71 4.5
72 4.3
73 4.5
74 3.9
75 4.6
76 4.1
77 5
78 3.9
79 5.2
80 4.5
81 3.8
82 4.5
83 4.2
84 5.3
85 4.2
86 3.8
87 5.7
88 4.5
89 5.3
90 4
91 4.5
92 4.6
93 3.7
94 4.7
95 4.1
96 5
97 4.7
98 2.6
99 5.3