0 0.503383
1 0.6
2 0.8
3 0.3
4 0.4
5 0.6
6 0.8
7 0.6
8 1.1
9 0.9
10 0.7
11 0.6
12 0.3
13 0.3
14 1.1
15 0.3
16 0.4
17 0.9
18 0.5
19 0.8
20 0.8
21 0.7
22 0.4
23 0.7
24 0.4
25 0.9
26 1
27 0.5
28 0.9
29 0.8
30 0.7
31 0.2
32 0.6
33 1.1
34 1
35 0.8
36 0.9
37 0.7
38 0.7
39 1
40 0.6
41 0.5
42 0.4
43 0.6
44 0.5
45 0.8
46 0.9
47 1.4
48 0.4
49 0.7
50 0.6
51 0.8
52 0.8
53 0.9
54 0.6
55 0.7
56 1.1
57 1.4
58 1.8
59 0.6
60 0.6
61 1.1
62 1
63 0.8
64 0.7
65 0.6
66 1
67 0.9
68 0.8
69 0.9
70 0.9
71 0.9
72 1.2
73 1.3
74 0.5
75 1.1
76 0.6
77 1
78 1
79 0.7
80 1.1
81 1.2
82 0.9
83 0.5
84 1.5
85 0.7
86 0.5
87 0.6
88 0.8
89 1
90 0.8
91 1
92 1
93 1.2
94 1.1
95 1
96 0.6
97 0.5
98 1.5
99 1.3