0 0.503383
1 0.6
2 0.3
3 0.7
4 0.8
5 0.7
6 0.9
7 1.3
8 1
9 0.7
10 1.6
11 0.7
12 1.7
13 1.4
14 1
15 1.3
16 1.3
17 1.8
18 1.5
19 1.9
20 1.4
21 1.4
22 2.2
23 2.1
24 2.6
25 2.6
26 2.3
27 2.2
28 1.9
29 2.4
30 2.9
31 2.6
32 2.7
33 2.2
34 2.7
35 2.8
36 3.1
37 3.6
38 2.2
39 3.4
40 2.9
41 2.9
42 3.7
43 2.4
44 2.7
45 3.2
46 4.1
47 4
48 3.9
49 2.6
50 3.5
51 3.4
52 3.3
53 4.7
54 2.8
55 3.9
56 4.5
57 3.3
58 3.8
59 2.6
60 3.4
61 3.2
62 3.3
63 2.8
64 3.9
65 3.8
66 4.7
67 3.5
68 3.9
69 3.3
70 4.1
71 4.1
72 3.1
73 3.6
74 4.2
75 3.8
76 4
77 4.4
78 3.4
79 3.3
80 2.9
81 3
82 4.1
83 5
84 3.2
85 4.8
86 4.1
87 4.9
88 4.8
89 4.8
90 4
91 4.5
92 3.6
93 5.2
94 4.4
95 3.3
96 4.4
97 4
98 3.9
99 3