0 0.503383
1 1.4
2 0.8
3 1.6
4 1.9
5 5.4
6 5
7 6.4
8 7.1
9 11.4
10 10.4
11 13.1
12 13.1
13 11.5
14 14.4
15 13.5
16 17.9
17 15.5
18 19.1
19 19.3
20 18.5
21 20
22 20.6
23 20.8
24 22.3
25 23
26 23.2
27 24.7
28 26.2
29 25.3
30 27
31 31.8
32 29.5
33 32.1
34 31.5
35 36.1
36 34.8
37 34.2
38 37.8
39 37.7
40 34.8
41 41.9
42 44.3
43 41.7
44 47.5
45 44.4
46 47.4
47 46.7
48 51.1
49 55.3
50 55.8
51 55.6
52 56.9
53 60.4
54 57.7
55 58.2
56 62.5
57 63.7
58 61.5
59 61.4
60 69.2
61 64.5
62 65.2
63 62
64 64.6
65 64.7
66 63
67 63.8
68 66.7
69 70
70 71.6
71 71.9
72 70.7
73 75.6
74 75.6
75 74.5
76 75.3
77 78.6
78 84.3
79 83.2
80 85.5
81 91.7
82 95.4
83 95.6
84 103.2
85 95.7
86 101.8
87 100.6
88 108.3
89 105.2
90 105.7
91 113.3
92 109.9
93 110.5
94 119.5
95 121.1
96 119.4
97 122.1
98 121.7
99 122.9