0 0.503383
1 0.3
2 0.4
3 1.9
4 1.5
5 1.7
6 2.2
7 2.8
8 3.4
9 4.7
10 4.2
11 5.7
12 6.9
13 7.2
14 7.5
15 10.1
16 11.2
17 13.9
18 13.6
19 15.1
20 16.5
21 17.5
22 16.6
23 22.3
24 19.7
25 19.2
26 19.4
27 22.5
28 21
29 24.8
30 24.9
31 24.9
32 27.9
33 25.3
34 27.1
35 27.5
36 28.8
37 27.5
38 30.7
39 28.6
40 29.1
41 29.6
42 27.8
43 30.8
44 30.7
45 35
46 28.9
47 30.6
48 31.4
49 27.4
50 29.6
51 32.1
52 34.4
53 34.1
54 30.5
55 30.8
56 32.3
57 28.8
58 32.8
59 31.3
60 30.8
61 32.6
62 29.8
63 33.2
64 30.8
65 34
66 31.6
67 32.4
68 34.8
69 33.2
70 37.4
71 32.6
72 33.8
73 37.1
74 37.8
75 36.7
76 37.6
77 34
78 39.8
79 39.1
80 38.5
81 37.1
82 39.1
83 37.5
84 40.4
85 38.1
86 38.8
87 38
88 39.4
89 39.9
90 39.8
91 39.2
92 38
93 38.1
94 42.2
95 46.5
96 38
97 39.8
98 39.6
99 39.8