0 0.503383
1 0.8
2 1
3 1.4
4 2.4
5 2.8
6 4
7 4.5
8 7.1
9 7.5
10 10.9
11 9.4
12 12.2
13 15.5
14 15.4
15 15.7
16 14.3
17 17.6
18 21.7
19 20.3
20 22.2
21 20.9
22 25.1
23 26.8
24 25.9
25 27.2
26 28.6
27 31.9
28 29.7
29 31.2
30 30.9
31 32.3
32 36.7
33 37.8
34 38.4
35 38.5
36 36.1
37 38.6
38 39.4
39 40.4
40 39.4
41 39.2
42 44.3
43 40.6
44 40.6
45 44.3
46 42.1
47 43.8
48 40.3
49 39.3
50 42.8
51 42.8
52 44.7
53 46.3
54 40.8
55 43.6
56 41.1
57 42
58 40.7
59 41.7
60 44.4
61 42.5
62 39.8
63 42.7
64 39
65 40.7
66 39.8
67 40.8
68 40.1
69 41.6
70 40
71 39
72 43.4
73 42.8
74 38.9
75 43.5
76 37.7
77 40.8
78 39.8
79 38.6
80 42.2
81 37.8
82 38
83 38.7
84 39.3
85 41.1
86 38.9
87 39.9
88 37.3
89 39.3
90 40.7
91 37.8
92 38.3
93 37.7
94 42.8
95 42.2
96 39.7
97 42.9
98 39.1
99 41.5