0 0.503383
1 0.4
2 0.8
3 2.1
4 2.1
5 4.1
6 6.1
7 5.9
8 10.9
9 7.8
10 10.9
11 12.1
12 12.9
13 14.4
14 14
15 14.6
16 17.6
17 17.5
18 16.8
19 19.7
20 21.1
21 21.2
22 22.8
23 26.7
24 24.2
25 24.4
26 25.8
27 28.2
28 28.6
29 25
30 30
31 26.6
32 31.3
33 34.4
34 33.7
35 34.7
36 35.5
37 38.9
38 34
39 38.7
40 40
41 43.3
42 44.8
43 46.8
44 48.3
45 49
46 50.6
47 52.4
48 51.5
49 53.9
50 51.4
51 55.2
52 56.4
53 61.6
54 61.1
55 61.1
56 57.3
57 65.3
58 60.6
59 65.2
60 62.9
61 63
62 62.1
63 63.8
64 67
65 63
66 68.3
67 62.8
68 68.2
69 65
70 65.8
71 69.7
72 70
73 70.2
74 77.7
75 77.5
76 75.7
77 77.6
78 79.5
79 80.1
80 87.6
81 86.7
82 85.7
83 92.3
84 93.6
85 96.8
86 99.5
87 97.4
88 103.9
89 104.4
90 105.2
91 104.6
92 105.1
93 111.5
94 107.4
95 115.4
96 115
97 117.9
98 119.7
99 117.9