0 0.503383
1 0.7
2 0.3
3 0.7
4 0.5
5 0.9
6 1
7 1.2
8 0.8
9 1.2
10 1.7
11 2.8
12 1.7
13 2.2
14 1.6
15 1.7
16 2.2
17 1.7
18 2.4
19 3.9
20 2.4
21 3.3
22 3.2
23 2.5
24 3.5
25 4.5
26 4.9
27 3.4
28 5
29 4.1
30 4
31 4.6
32 3.9
33 5.1
34 5.1
35 4.3
36 4.9
37 4.3
38 5.1
39 6.9
40 5.4
41 5.7
42 5.9
43 5.5
44 5.8
45 4.1
46 5
47 6.2
48 6.6
49 5.2
50 6.2
51 5.7
52 5.8
53 6.2
54 6.8
55 6.2
56 6
57 5.1
58 6.4
59 8.8
60 7.5
61 5.8
62 6.9
63 5.9
64 7.7
65 6.4
66 7.1
67 6.7
68 7.2
69 6.1
70 8.1
71 6.7
72 7.3
73 7.2
74 7.2
75 7.3
76 6.3
77 8.5
78 8.2
79 7.5
80 6.9
81 6.1
82 8.7
83 6.8
84 5.7
85 6.6
86 6.6
87 7.1
88 5.6
89 7.6
90 7.8
91 6.3
92 5.6
93 7.7
94 7.9
95 8
96 6.9
97 8.1
98 6.1
99 9.2