0 0.503383
1 0.3
2 0.7
3 1.7
4 1.9
5 1.7
6 2.9
7 4.9
8 5.1
9 6.8
10 9.1
11 9.7
12 11.3
13 13.9
14 14.4
15 15.6
16 17.6
17 18.4
18 22.1
19 25.8
20 23.8
21 28.2
22 28.3
23 32.6
24 33.4
25 30.6
26 32.1
27 33
28 36.5
29 39.2
30 40
31 40.9
32 41
33 40.8
34 42.2
35 45
36 48.5
37 48.3
38 48.1
39 48.7
40 49
41 48.5
42 48.9
43 49.6
44 51.8
45 50.6
46 50.3
47 50.3
48 52
49 50.1
50 50.8
51 50.8
52 47.2
53 44.9
54 48.8
55 49.9
56 47.6
57 49.8
58 48.7
59 45.7
60 47.7
61 51.4
62 47.2
63 50.3
64 47.9
65 46.4
66 49.4
67 45.2
68 47.7
69 51.8
70 52.6
71 50.6
72 51.4
73 55.4
74 55.5
75 60.2
76 63.7
77 69.9
78 61.6
79 65.5
80 70.3
81 67
82 65.8
83 61.2
84 61
85 63.6
86 63
87 63.4
88 67
89 63.2
90 61.2
91 63.5
92 61.3
93 61.1
94 62.6
95 60.1
96 59.6
97 61.6
98 67.5
99 65.6