0 0.503383
1 0.5
2 1.4
3 1
4 1.8
5 3.1
6 4.8
7 6.6
8 7
9 10.5
10 9.3
11 11.5
12 12.9
13 14.4
14 15
15 15.2
16 15.1
17 17
18 17.9
19 19.3
20 17.9
21 19.9
22 23.1
23 21
24 22.6
25 23.6
26 25.5
27 27.2
28 30.2
29 28.4
30 29
31 32.4
32 31
33 31.5
34 35.1
35 33
36 36.8
37 35.8
38 37.3
39 35.9
40 37.8
41 38.3
42 39.7
43 43.6
44 40.5
45 45.5
46 43.8
47 46.2
48 45.1
49 44.5
50 44.4
51 46.4
52 51.8
53 48.3
54 56.1
55 53.5
56 52.9
57 55.4
58 59.7
59 55.6
60 53.8
61 53.5
62 56
63 58.6
64 57.6
65 60.9
66 57.6
67 64.1
68 62.4
69 65.8
70 67.3
71 65.3
72 69.6
73 67.2
74 77.6
75 72.1
76 73
77 81.1
78 78.2
79 86.1
80 89.4
81 90.9
82 93.3
83 91.5
84 95.5
85 99.6
86 97.4
87 102.3
88 111.6
89 107.5
90 110.4
91 111.1
92 114.5
93 113.2
94 111.1
95 114.6
96 120.6
97 116.3
98 120.2
99 118.2