0 0.503383
1 0.3
2 0.7
3 1.1
4 1
5 1.4
6 1.8
7 2.4
8 2.1
9 2.1
10 2
11 2.6
12 3.1
13 3.8
14 4.1
15 5.5
16 5.5
17 4.1
18 4.7
19 6.3
20 6.3
21 5.6
22 9.4
23 7.6
24 9
25 8.3
26 9.5
27 11.3
28 10.4
29 10.6
30 10.6
31 11.3
32 10.7
33 11.9
34 11.2
35 10.2
36 12.7
37 12.3
38 13.2
39 11.5
40 14.5
41 13.2
42 12.5
43 12.2
44 11.9
45 12
46 16
47 14.1
48 13.6
49 13.1
50 14.8
51 13.1
52 15.5
53 17.2
54 13.1
55 15.1
56 15.4
57 15.6
58 15.5
59 15.8
60 14.3
61 17.3
62 14.4
63 14.5
64 15.4
65 14.7
66 16.2
67 13.7
68 14.6
69 13.9
70 16
71 16.3
72 15.4
73 13.9
74 17.7
75 15.7
76 14.7
77 15.1
78 14.1
79 16.1
80 15.7
81 14.4
82 14.6
83 18.5
84 14.7
85 16.8
86 16.6
87 15.3
88 17.7
89 16.4
90 17.5
91 16.8
92 16
93 14.8
94 15.9
95 13.2
96 17.1
97 17.3
98 19.4
99 16.2