0 0.503383
1 1.1
2 0.9
3 1.5
4 2
5 4.3
6 6.3
7 7.3
8 8.9
9 10
10 10.5
11 10.6
12 14.2
13 13.1
14 15.2
15 16.7
16 17
17 16.9
18 17.2
19 19.4
20 18.6
21 20.5
22 21.9
23 19.7
24 22.1
25 22.7
26 24.1
27 28.6
28 27.3
29 29.6
30 31
31 28
32 31.6
33 33.5
34 30.4
35 35.2
36 34.7
37 34.2
38 39.6
39 38
40 41.1
41 36.4
42 42.9
43 40.4
44 44.1
45 45.6
46 47.5
47 48.2
48 51.9
49 55.1
50 54.3
51 58.3
52 55.8
53 59.6
54 58.4
55 60.7
56 57.6
57 57.1
58 70.4
59 61.5
60 59.4
61 63.9
62 63.9
63 63.9
64 66.4
65 63.4
66 63.7
67 65.9
68 70
69 67.6
70 71.6
71 69.3
72 69.1
73 74.2
74 81.8
75 79.1
76 80.5
77 84.9
78 87.4
79 83.7
80 89.1
81 87.2
82 92.3
83 91.9
84 95.6
85 101.6
86 103.7
87 106.9
88 112.5
89 110.1
90 108.5
91 111.9
92 112.9
93 120.4
94 116
95 118.5
96 117.5
97 123.5
98 120.5
99 121.5