0 129
0.01 127
0.02 127
0.03 127
0.04 127
0.05 127
0.06 123
0.07 121
0.08 119
0.09 119
0.1 119
0.11 119
0.12 117
0.13 117
0.14 117
0.15 117
0.16 117
0.17 117
0.18 117
0.19 117
0.2 117
0.21 117
0.22 117
0.23 117
0.24 117
0.25 115
0.26 115
0.27 115
0.28 115
0.29 115
0.3 115
0.31 115
0.32 115
0.33 115
0.34 115
0.35 113
0.36 113
0.37 113
0.38 113
0.39 111
0.4 111
0.41 109
0.42 107
0.43 107
0.44 107
0.45 107
0.46 107
0.47 107
0.48 103
0.49 103
0.5 103
0.51 103
0.52 101
0.53 101
0.54 101
0.55 101
0.56 99
0.57 99
0.58 99
0.59 99
0.6 99
0.61 99
0.62 99
0.63 99
0.64 99
0.65 99
0.66 97
0.67 97
0.68 97
0.69 97
0.7 95
0.71 95
0.72 95
0.73 95
0.74 95
0.75 95
0.76 95
0.77 95
0.78 95
0.79 95
0.8 95
0.81 95
0.82 95
0.83 95
0.84 95
0.85 95
0.86 95
0.87 95
0.88 95
0.89 93
0.9 93
0.91 91
0.92 91
0.93 91
0.94 91
0.95 91
0.96 91
0.97 91
0.98 91
0.99 89
1 89
