0 21
0.01 18
0.02 19
0.03 14
0.04 15
0.05 13
0.06 10
0.07 8
0.08 7
0.09 9
0.1 11
0.11 8
0.12 7
0.13 10
0.14 9
0.15 12
0.16 15
0.17 11
0.18 10
0.19 11
0.2 11
0.21 8
0.22 8
0.23 10
0.24 9
0.25 9
0.26 10
0.27 9
0.28 8
0.29 9
0.3 6
0.31 6
0.32 6
0.33 6
0.34 7
0.35 6
0.36 6
0.37 9
0.38 7
0.39 10
0.4 8
0.41 9
0.42 9
0.43 9
0.44 6
0.45 10
0.46 6
0.47 5
0.48 10
0.49 12
0.5 10
0.51 11
0.52 8
0.53 5
0.54 6
0.55 8
0.56 12
0.57 9
0.58 11
0.59 9
0.6 9
0.61 10
0.62 8
0.63 10
0.64 8
0.65 9
0.66 10
0.67 9
0.68 8
0.69 8
0.7 9
0.71 7
0.72 9
0.73 9
0.74 6
0.75 11
0.76 8
0.77 9
0.78 7
0.79 9
0.8 8
0.81 10
0.82 10
0.83 6
0.84 7
0.85 6
0.86 4
0.87 3
0.88 5
0.89 6
0.9 9
0.91 5
0.92 4
0.93 6
0.94 8
0.95 7
0.96 5
0.97 6
0.98 6
0.99 10
1 5
