0 89
0.01 89
0.02 89
0.03 89
0.04 89
0.05 89
0.06 89
0.07 89
0.08 89
0.09 89
0.1 87
0.11 87
0.12 87
0.13 87
0.14 87
0.15 87
0.16 87
0.17 85
0.18 85
0.19 85
0.2 85
0.21 85
0.22 85
0.23 83
0.24 83
0.25 83
0.26 83
0.27 83
0.28 83
0.29 81
0.3 81
0.31 81
0.32 81
0.33 81
0.34 81
0.35 81
0.36 79
0.37 79
0.38 79
0.39 79
0.4 77
0.41 77
0.42 77
0.43 77
0.44 75
0.45 75
0.46 75
0.47 75
0.48 73
0.49 73
0.5 73
0.51 73
0.52 73
0.53 71
0.54 71
0.55 71
0.56 71
0.57 71
0.58 71
0.59 71
0.6 71
0.61 71
0.62 71
0.63 71
0.64 67
0.65 67
0.66 67
0.67 67
0.68 67
0.69 67
0.7 67
0.71 67
0.72 65
0.73 65
0.74 65
0.75 65
0.76 65
0.77 65
0.78 65
0.79 65
0.8 65
0.81 65
0.82 65
0.83 65
0.84 65
0.85 65
0.86 63
0.87 63
0.88 63
0.89 63
0.9 63
0.91 63
0.92 63
0.93 61
0.94 61
0.95 61
0.96 61
0.97 61
0.98 61
0.99 61
1 61
