0 116
0.01 116
0.02 116
0.03 116
0.04 116
0.05 116
0.06 116
0.07 116
0.08 116
0.09 116
0.1 114
0.11 114
0.12 114
0.13 114
0.14 114
0.15 114
0.16 112
0.17 110
0.18 108
0.19 108
0.2 108
0.21 108
0.22 106
0.23 106
0.24 106
0.25 106
0.26 106
0.27 106
0.28 106
0.29 106
0.3 106
0.31 106
0.32 106
0.33 106
0.34 104
0.35 104
0.36 104
0.37 104
0.38 104
0.39 104
0.4 104
0.41 104
0.42 104
0.43 104
0.44 104
0.45 104
0.46 104
0.47 104
0.48 104
0.49 104
0.5 104
0.51 102
0.52 98
0.53 98
0.54 98
0.55 98
0.56 98
0.57 98
0.58 98
0.59 98
0.6 98
0.61 96
0.62 96
0.63 96
0.64 96
0.65 96
0.66 96
0.67 96
0.68 96
0.69 96
0.7 96
0.71 96
0.72 96
0.73 94
0.74 94
0.75 94
0.76 94
0.77 92
0.78 92
0.79 92
0.8 92
0.81 92
0.82 90
0.83 88
0.84 88
0.85 88
0.86 88
0.87 88
0.88 88
0.89 88
0.9 88
0.91 88
0.92 88
0.93 88
0.94 88
0.95 88
0.96 88
0.97 88
0.98 88
0.99 88
1 88
