0 723
0.01 716
0.02 710
0.03 700
0.04 690
0.05 684
0.06 675
0.07 670
0.08 662
0.09 656
0.1 648
0.11 639
0.12 633
0.13 624
0.14 615
0.15 604
0.16 600
0.17 593
0.18 585
0.19 578
0.2 574
0.21 569
0.22 562
0.23 554
0.24 549
0.25 544
0.26 539
0.27 532
0.28 528
0.29 521
0.3 514
0.31 507
0.32 499
0.33 489
0.34 484
0.35 480
0.36 477
0.37 475
0.38 472
0.39 469
0.4 463
0.41 460
0.42 452
0.43 448
0.44 436
0.45 430
0.46 424
0.47 417
0.48 416
0.49 414
0.5 411
0.51 404
0.52 401
0.53 399
0.54 394
0.55 391
0.56 388
0.57 382
0.58 379
0.59 375
0.6 370
0.61 366
0.62 357
0.63 351
0.64 345
0.65 343
0.66 339
0.67 335
0.68 331
0.69 329
0.7 327
0.71 324
0.72 323
0.73 319
0.74 316
0.75 312
0.76 309
0.77 306
0.78 298
0.79 294
0.8 291
0.81 286
0.82 286
0.83 286
0.84 285
0.85 283
0.86 280
0.87 277
0.88 271
0.89 269
0.9 268
0.91 266
0.92 263
0.93 261
0.94 260
0.95 260
0.96 258
0.97 254
0.98 253
0.99 250
1 246
