100 96.6
98 98.8
98 96.5
98 92.4
98 88.2
98 96.5
98 91.4
98 90.1
98 87.5
98 91.2
98 96.7
98 91.5
98 90.8
98 90.9
98 94.8
98 95.6
98 88.5
98 90.7
98 91.1
98 90.3
96 91
96 90.3
96 89.5
94 92.9
94 96
94 96.9
94 89.5
94 93.6
94 97.3
94 93.7
94 94.4
94 88.5
94 92.1
94 92.8
94 91.5
94 97.7
94 93.4
94 83.5
94 92.3
94 88.4
94 88.7
94 94.3
94 90.8
94 95.2
94 87.5
94 87.5
94 91.2
92 91.1
92 85.7
92 98.5
92 90.2
92 90.4
92 94.9
92 94
92 90.1
92 89.6
92 88.3
92 91.1
92 96.4
92 89
92 88.9
92 92.6
92 89.1
92 91.3
92 85.4
92 90.4
90 92.6
90 86.6
90 95.8
90 92.3
90 95
88 89.7
88 92.5
88 92.5
86 92.4
86 92.5
86 92.1
84 94
84 94.6
84 93
82 84.7
82 86.5
82 91.9
80 90.4
80 94
80 95.9
80 95.7
80 89.3
80 90.3
80 88.1
80 86.9
80 91.9
80 95
80 92.5
80 95.4
80 95
80 87.2
80 90.7
80 86.3
80 98.4
80 91.4