100 97.5
98 98.5
98 102.1
96 88.2
96 93.1
94 87.9
94 90.4
94 93.1
94 88.9
94 88.7
94 86.6
94 92.6
94 92.2
94 82.4
94 82.1
94 90
94 82.1
94 81.6
94 89.5
94 91.4
94 89.5
94 84.5
94 83.1
92 84.6
92 86.1
92 82.2
92 74.9
92 81.3
92 81.2
92 76.5
92 79.8
92 79.5
92 81.7
92 78.7
92 75.5
92 76.5
92 74.2
92 78.5
92 80
92 75.4
92 75.2
92 74.8
92 75.7
92 73.6
92 70.1
92 74.9
92 73.2
90 72.7
90 74.2
90 76.1
88 71.8
88 70.5
88 72.5
88 72.7
88 72.9
88 70.7
88 70
88 73.5
88 71
86 72.6
86 73.7
86 68.5
84 67.5
84 69.3
84 64.1
84 69.5
84 66.8
84 70.9
84 71
84 69.3
84 68.7
84 66.4
84 68
84 64.5
84 71.9
84 70
82 64.2
82 66.6
82 66.3
82 67.7
82 63.5
82 63.7
82 67.6
82 68.4
82 61.6
82 63.4
82 67.4
82 65.5
82 59
82 63.9
82 65.4
82 66.1
82 60.7
82 63.8
82 65.2
80 61
80 62.8
78 65.7
78 64.7
78 60.9
78 61.8