100 106.5
100 106.2
100 100
98 105
98 106
98 108.6
98 107.8
98 105.2
98 107.2
96 100.5
96 101.9
94 102.9
94 105.8
88 102.8
88 105
86 103.8
82 103.6
82 103
82 108
82 104.1
82 98.6
82 107.2
82 99.4
82 94.4
80 100.2
80 102.1
80 100
78 97.6
76 96.7
76 100.5
74 103.4
70 99.3
70 98.8
70 95.5
70 98.3
68 98.3
68 98.4
68 102.5
68 102.1
68 104.9
66 96
66 98.9
66 95.7
66 99.2
64 105.1
64 95.2
64 96.6
64 94.3
62 96.5
62 96.1
60 93.2
60 98.1
58 97
58 93.7
56 95.8
56 93.5
56 93.7
54 95.5
54 96.9
54 94.6
54 99.9
54 95.6
54 95.9
52 97.4
52 96
52 92.7
52 88.2
52 94.9
52 92.2
52 92.5
52 96.2
52 92.8
50 91.4
48 91.2
48 94.3
46 90.7
46 94.4
44 87
44 93.4
44 89.8
44 92.3
44 94.6
44 92.9
44 89.2
44 88.2
44 91.4
44 93
44 90.1
44 88.3
44 93.5
44 90.6
44 91.7
44 88.5
44 93.5
42 89.4
42 92
42 91.8
42 80.5
38 90.4
38 88.5
38 87.5