0.248841 0.562026
0.455889 0.566276
0.503269 0.535736
0.55565 0.563749
0.59555 0.566489
0.625472 0.532933
0.550594 0.54373
0.625412 0.566693
0.600458 0.561678
0.550564 0.542198
0.563006 0.571911
0.580436 0.554815
0.570487 0.534868
0.605393 0.562879
0.615358 0.549873
0.610359 0.536604
0.60536 0.542323
0.580411 0.550542
0.585351 0.582356
0.570378 0.547068
0.57533 0.556789
0.555396 0.552789
0.572835 0.54525
0.595273 0.575254
0.535381 0.565983
0.580253 0.560767
0.525363 0.568511
0.542788 0.593457
0.517845 0.55269
0.535295 0.526716
0.532786 0.550717
0.475439 0.534695
0.482892 0.577203
0.50284 0.56189
0.505331 0.539166
0.505297 0.5544
0.502763 0.556143
0.532644 0.561675
0.50267 0.533617
0.490228 0.545331
0.507638 0.499627
0.520111 0.588798
0.52505 0.555019
0.472676 0.565824
0.502579 0.542811
0.522473 0.545298
0.485095 0.554289
0.465109 0.555017
0.502506 0.578274
0.480084 0.539255
0.485061 0.522749
0.517433 0.553036
0.492502 0.566218
0.467583 0.536244
0.462578 0.514738
0.427643 0.525454
0.455029 0.578435
0.420095 0.547659
0.459922 0.576882
0.449946 0.577159
0.474858 0.536607
0.472339 0.544572
0.454869 0.549648
0.405063 0.548143
0.417496 0.547349
0.447389 0.532356
0.419954 0.558329
0.427441 0.55232
0.414994 0.520366
0.410004 0.537838
0.429929 0.536566
0.472258 0.553518
0.457301 0.541482
0.447328 0.543269
0.449793 0.534297
0.452295 0.520565
0.432358 0.537271
0.459772 0.519262
0.464722 0.542719
0.479648 0.526481
0.45222 0.538988
0.44723 0.543189
0.427294 0.518221
0.444743 0.540143
0.464663 0.537665
0.452182 0.551677
0.469629 0.502197
0.469621 0.504659
0.477067 0.558854
0.48455 0.542145
0.484542 0.535647
0.479515 0.544101
0.479507 0.522169
0.444632 0.536051
0.449605 0.544785
0.45956 0.537314
0.434648 0.534286
0.449583 0.534786
0.464518 0.514797
0.449569 0.558514
0.43462 0.523817