0.248841 0.592026
0.376064 0.596781
0.445904 0.601239
0.580596 0.542998
0.575597 0.575988
0.545656 0.576692
0.550635 0.564739
0.580557 0.527878
0.590524 0.558935
0.625433 0.538927
0.602957 0.557146
0.610448 0.565104
0.610438 0.553884
0.590475 0.534885
0.59294 0.525392
0.597918 0.559342
0.612834 0.560857
0.57791 0.578341
0.55795 0.568848
0.53049 0.564056
0.513044 0.544312
0.537972 0.55057
0.537963 0.588301
0.542904 0.536998
0.510459 0.531767
0.550347 0.531469
0.545351 0.521734
0.517933 0.576977
0.522874 0.580506
0.512929 0.544706
0.512883 0.538972
0.535333 0.572969
0.532812 0.551392
0.525342 0.551217
0.532756 0.547459
0.540208 0.542433
0.492812 0.558643
0.527706 0.547901
0.485335 0.54264
0.495261 0.535077
0.492779 0.514118
0.525159 0.545883
0.537634 0.548558
0.557567 0.523359
0.545075 0.519344
0.530148 0.517853
0.55008 0.541594
0.56499 0.532808
0.547551 0.539817
0.530113 0.552015
0.53509 0.537256
0.589915 0.524496
0.545042 0.527029
0.51756 0.531732
0.522537 0.515767
0.512559 0.561968
0.515062 0.523749
0.529969 0.526697
0.5275 0.522694
0.507542 0.528209
0.500051 0.535926
0.51251 0.527969
0.517485 0.503696
0.522461 0.517972
0.527437 0.536641
0.507493 0.521108
0.514979 0.521106
0.50002 0.491095
0.500012 0.52782
0.507461 0.539362
0.509963 0.525861
0.504972 0.507348
0.492487 0.497358
0.514923 0.52756
0.489962 0.517263
0.504941 0.499323
0.519882 0.530011
0.494922 0.498302
0.494914 0.48106
0.472465 0.518501
0.455 0.518049
0.479906 0.517234
0.482409 0.499488
0.489894 0.509255
0.499851 0.506984
0.474857 0.514234
0.452411 0.522169
0.435023 0.500456
0.427562 0.537407
0.489811 0.51221
0.452421 0.521175
0.417542 0.517691
0.479788 0.492176
0.48731 0.51141
0.487303 0.517869
0.477333 0.496176
0.452418 0.49993
0.462374 0.504908
0.504727 0.467891
0.484795 0.493841
0.459882 0.494127