0.248841 0.586274
0.483302 0.558979
0.433349 0.605941
0.553041 0.568709
0.55052 0.580134
0.560461 0.5659
0.580376 0.531816
0.577841 0.553244
0.635159 0.537714
0.602702 0.547412
0.575248 0.50314
0.567727 0.540367
0.585148 0.500352
0.612524 0.520048
0.590061 0.505782
0.604978 0.542224
0.589988 0.520199
0.592425 0.52569
0.599882 0.533857
0.617268 0.525358
0.587332 0.537768
0.604754 0.515263
0.599735 0.490262
0.604681 0.524514
0.624571 0.518655
0.579662 0.507869
0.554721 0.535118
0.55963 0.511345
0.539712 0.490375
0.599443 0.506756
0.594428 0.487743
0.569494 0.49298
0.514686 0.505958
0.537043 0.492185
0.541991 0.487932
0.53698 0.495373
0.576776 0.484116
0.549382 0.484108
0.579217 0.498764
0.596586 0.486242
0.564182 0.479732
0.559136 0.477941
0.536729 0.489907
0.583993 0.47438
0.578985 0.466881
0.549061 0.487824
0.52913 0.474787
0.491806 0.478554
0.546467 0.484978
0.526514 0.460528
0.514094 0.455262
0.523991 0.48568
0.56378 0.476172
0.576179 0.467399
0.543829 0.434446
0.551255 0.44368
0.593467 0.466374
0.54872 0.443123
0.533776 0.442868
0.528753 0.467544
0.553612 0.441831
0.565997 0.435554
0.593295 0.464735
0.573382 0.44424
0.526074 0.467894
0.543467 0.443198
0.565828 0.452926
0.53846 0.45836
0.516076 0.433927
0.506126 0.421176
0.528437 0.417695
0.520978 0.419685
0.488637 0.443817
0.48615 0.415646
0.520912 0.452737
0.543268 0.418352
0.540743 0.434519
0.545689 0.420045
0.533266 0.401574
0.525774 0.417523
0.523288 0.426971
0.533202 0.415247
0.508345 0.416209
0.505824 0.427651
0.493369 0.430871
0.53805 0.376361
0.513198 0.428374
0.513179 0.414421
0.485827 0.409629
0.485773 0.424584
0.490758 0.418833
0.535432 0.422067
0.513087 0.430273
0.493171 0.408574
0.493154 0.422974
0.488172 0.42723
0.515481 0.414248
0.47821 0.412755
0.488123 0.423682
0.500499 0.396062
0.505447 0.398259