0 31
0.01 32
0.02 31
0.03 33
0.04 31
0.05 28
0.06 23
0.07 26
0.08 30
0.09 27
0.1 28
0.11 26
0.12 27
0.13 26
0.14 26
0.15 28
0.16 24
0.17 26
0.18 21
0.19 26
0.2 24
0.21 24
0.22 18
0.23 20
0.24 20
0.25 19
0.26 19
0.27 20
0.28 21
0.29 20
0.3 16
0.31 13
0.32 12
0.33 13
0.34 16
0.35 15
0.36 13
0.37 15
0.38 16
0.39 15
0.4 15
0.41 13
0.42 16
0.43 13
0.44 12
0.45 9
0.46 10
0.47 8
0.48 12
0.49 10
0.5 9
0.51 8
0.52 7
0.53 11
0.54 5
0.55 10
0.56 9
0.57 10
0.58 5
0.59 9
0.6 9
0.61 6
0.62 7
0.63 5
0.64 7
0.65 10
0.66 6
0.67 8
0.68 6
0.69 8
0.7 8
0.71 5
0.72 6
0.73 8
0.74 9
0.75 5
0.76 9
0.77 9
0.78 8
0.79 12
0.8 8
0.81 9
0.82 7
0.83 8
0.84 8
0.85 6
0.86 6
0.87 6
0.88 5
0.89 8
0.9 9
0.91 9
0.92 6
0.93 5
0.94 5
0.95 6
0.96 8
0.97 10
0.98 8
0.99 10
1 10
