0 84
0.01 84
0.02 82
0.03 82
0.04 82
0.05 80
0.06 80
0.07 80
0.08 80
0.09 80
0.1 80
0.11 80
0.12 78
0.13 78
0.14 78
0.15 78
0.16 78
0.17 78
0.18 78
0.19 78
0.2 78
0.21 78
0.22 78
0.23 78
0.24 78
0.25 76
0.26 76
0.27 76
0.28 76
0.29 76
0.3 76
0.31 76
0.32 74
0.33 74
0.34 74
0.35 72
0.36 72
0.37 72
0.38 72
0.39 72
0.4 72
0.41 72
0.42 72
0.43 72
0.44 72
0.45 72
0.46 72
0.47 72
0.48 72
0.49 72
0.5 72
0.51 72
0.52 72
0.53 72
0.54 72
0.55 72
0.56 70
0.57 70
0.58 70
0.59 70
0.6 70
0.61 70
0.62 70
0.63 70
0.64 70
0.65 70
0.66 70
0.67 70
0.68 70
0.69 70
0.7 70
0.71 70
0.72 70
0.73 70
0.74 70
0.75 70
0.76 70
0.77 70
0.78 70
0.79 70
0.8 70
0.81 70
0.82 70
0.83 70
0.84 70
0.85 70
0.86 70
0.87 70
0.88 70
0.89 70
0.9 70
0.91 70
0.92 70
0.93 70
0.94 70
0.95 70
0.96 68
0.97 68
0.98 68
0.99 68
1 68
