1 1 2 B
1 2 2 B
1 2 8 B
1 2 9 A
1 5 6 A
1 6 1 A
1 6 10 A
1 7 7 B
1 7 9 B
1 8 7 A
1 9 1 A
1 9 8 A
2 1 5 B
2 1 8 A
2 1 9 B
2 2 6 A
2 2 10 A
2 3 4 B
2 4 5 B
2 4 6 B
2 5 10 B
2 6 9 B
2 7 10 A
2 8 4 B
2 8 7 A
2 9 4 A
2 9 8 A
2 9 9 B
2 10 9 B
3 2 1 B
3 2 3 B
3 2 10 B
3 3 3 B
3 3 4 B
3 4 7 A
3 4 9 B
3 5 8 B
3 6 6 B
3 6 9 A
3 7 7 B
3 7 8 B
3 8 8 B
3 8 10 B
3 9 1 B
3 10 4 B
4 2 3 A
4 2 5 B
4 3 2 B
4 3 7 A
4 5 4 A
4 5 6 A
4 6 8 A
4 8 5 B
4 8 7 B
4 10 8 B
4 10 9 A
5 1 5 B
5 2 7 A
5 2 9 A
5 3 7 A
5 5 1 B
5 5 2 A
5 6 9 A
5 7 5 A
5 7 8 B
5 10 6 B
6 1 2 B
6 1 6 B
6 2 3 B
6 2 5 B
6 2 8 B
6 3 2 B
6 3 4 A
6 3 5 A
6 3 7 A
6 3 9 B
6 4 2 B
6 4 6 B
6 4 9 B
6 4 10 B
6 5 5 A
6 6 3 B
6 8 4 B
6 9 2 A
7 1 5 B
7 2 6 A
7 3 10 B
7 4 8 B
7 5 1 A
7 5 5 A
7 5 6 B
7 5 7 B
7 6 6 B
7 8 2 A
7 9 3 A
7 9 6 B
7 9 7 B
7 9 10 A
7 10 4 B
8 2 10 B
8 3 6 B
8 4 3 B
8 5 3 A
8 5 8 A
8 5 10 A
8 6 5 B
8 9 5 B
8 9 9 A
8 10 1 A
9 1 4 B
9 3 8 B
9 4 2 A
9 5 10 B
9 6 1 B
9 6 2 B
9 7 6 B
9 8 7 A
9 9 6 B
9 10 6 B
10 1 9 B
10 2 9 B
10 3 3 B
10 4 3 B
10 4 4 B
10 6 5 B
10 6 6 A
10 6 7 A
10 6 9 B
10 6 10 B
10 7 5 B
10 7 9 B
10 8 1 B
10 9 5 A
10 9 10 B
10 10 8 B
