1 3 4 B
1 3 5 B
1 3 7 A
1 4 6 B
1 5 9 B
1 6 1 A
1 6 8 A
1 7 7 B
1 7 8 A
1 8 7 A
1 8 10 A
1 9 1 A
2 1 3 B
2 2 1 B
2 2 9 B
2 3 6 A
2 3 10 B
2 5 3 B
2 5 5 A
2 5 9 B
2 7 4 B
2 8 6 A
2 10 3 A
3 1 3 B
3 1 6 B
3 2 3 B
3 3 3 B
3 3 9 B
3 4 3 B
3 4 7 A
3 5 4 B
3 5 8 A
3 6 9 A
3 7 3 A
3 7 6 B
3 9 10 B
4 1 4 B
4 1 10 A
4 2 3 B
4 2 4 B
4 2 6 A
4 3 5 B
4 4 5 B
4 4 9 A
4 5 1 B
4 7 2 B
4 7 4 B
4 8 7 B
4 10 7 B
5 1 4 A
5 2 6 A
5 2 9 A
5 2 10 B
5 3 9 A
5 5 7 B
5 8 7 B
5 9 5 B
5 10 3 B
6 1 9 A
6 2 5 B
6 3 5 A
6 3 7 B
6 3 10 B
6 4 5 A
6 4 10 B
6 5 5 A
6 5 6 B
6 6 2 A
6 7 7 B
6 9 2 A
6 9 5 A
6 9 6 B
6 9 10 B
6 10 9 B
6 10 10 A
7 1 5 A
7 1 9 B
7 2 4 B
7 2 6 B
7 3 1 B
7 3 6 B
7 3 8 A
7 4 6 B
7 4 9 B
7 5 8 B
7 7 2 A
7 7 3 B
7 8 3 A
7 10 6 B
8 1 4 B
8 2 10 B
8 3 3 B
8 3 7 B
8 4 1 A
8 6 4 B
8 6 5 B
8 8 8 A
8 9 6 B
8 9 7 B
8 10 1 A
8 10 5 B
8 10 6 B
8 10 9 A
9 1 1 A
9 1 2 B
9 1 3 B
9 3 4 B
9 3 6 A
9 4 1 B
9 5 1 B
9 5 6 A
9 5 9 A
9 6 2 A
9 7 7 A
9 7 8 B
9 8 6 B
9 9 4 A
10 1 9 B
10 2 7 B
10 4 8 B
10 5 7 B
10 6 8 A
10 6 10 B
10 7 3 B
10 7 7 B
10 7 8 B
10 7 9 B
10 8 6 B
10 9 2 B
