1 2 4 B
1 2 10 B
1 4 9 A
1 6 10 B
1 7 6 A
1 7 10 A
1 10 8 A
1 10 10 B
2 1 2 B
2 1 3 A
2 3 9 A
2 3 10 B
2 5 8 B
2 7 2 B
2 7 9 B
2 10 3 B
3 3 1 A
3 3 3 B
3 3 8 A
3 3 10 B
3 5 7 B
3 7 1 B
3 8 3 B
3 9 3 A
4 1 4 B
4 1 9 B
4 2 3 B
4 2 4 B
4 2 10 B
4 3 4 B
4 4 2 B
4 5 2 B
4 6 5 B
4 7 2 A
4 9 6 A
4 10 4 A
5 3 5 A
5 4 8 B
5 5 8 B
5 7 1 B
5 7 2 B
5 8 2 A
5 8 7 A
5 10 4 A
5 10 5 B
5 10 10 B
6 1 2 B
6 2 4 B
6 4 7 A
6 7 4 A
6 9 5 B
6 9 7 B
7 1 1 B
7 3 7 A
7 3 10 B
7 4 8 A
7 6 3 A
7 7 1 B
7 7 2 B
7 10 7 B
8 1 4 B
8 1 7 B
8 3 3 B
8 4 9 A
8 5 1 A
8 5 2 A
8 6 10 B
8 9 8 B
8 9 10 B
8 10 8 B
9 1 5 B
9 1 10 A
9 2 6 A
9 3 10 B
9 4 5 B
9 4 8 B
9 5 7 B
9 6 2 B
9 6 8 B
9 7 4 B
9 7 6 B
9 7 9 B
9 8 5 A
9 9 1 B
9 9 2 B
9 9 10 B
9 10 5 B
10 2 8 B
10 3 7 B
10 4 3 A
10 4 5 B
10 4 7 B
10 5 8 B
10 6 6 A
10 7 7 B
10 8 2 A
10 9 3 A
10 9 5 B
10 10 10 B
