1 1 5 A
1 2 10 B
1 4 3 B
1 4 9 B
1 6 1 B
1 7 7 A
1 7 8 A
1 9 8 B
2 1 1 A
2 1 9 A
2 2 7 A
2 6 8 B
2 6 9 B
2 7 8 B
2 8 2 A
2 9 1 A
2 10 4 B
3 2 2 B
3 2 9 B
3 4 4 B
3 4 9 B
3 5 5 B
3 6 1 B
3 8 6 B
3 10 7 A
4 2 4 B
4 3 1 B
4 3 3 A
4 4 2 B
4 4 7 B
4 5 1 B
4 5 8 B
4 7 3 B
4 7 8 A
4 7 9 B
4 8 3 B
4 9 6 A
4 10 4 A
5 1 4 B
5 1 9 A
5 4 7 B
5 5 1 B
5 7 2 A
5 8 4 A
5 10 4 B
6 2 2 B
6 2 8 B
6 2 9 B
6 3 1 B
6 3 4 B
6 4 9 B
6 5 1 B
6 7 4 B
6 9 5 A
7 3 9 A
7 7 5 B
7 7 7 B
8 2 6 B
8 2 7 B
8 2 9 A
8 4 2 A
8 4 9 B
8 5 4 B
8 5 8 B
8 6 2 B
8 6 7 B
8 6 9 A
8 8 8 B
8 9 5 B
8 10 8 B
9 1 4 B
9 4 4 A
9 4 8 A
9 7 1 B
9 7 2 B
9 8 2 A
9 8 4 B
9 8 9 B
9 9 3 A
9 9 10 B
10 2 2 A
10 2 5 B
10 2 7 B
10 3 1 A
10 3 5 A
10 3 6 B
10 3 10 B
10 5 6 A
10 5 8 B
10 6 8 B
10 7 10 B
10 8 2 B
10 8 3 A
10 8 9 B
10 9 4 B
10 9 8 B
10 10 4 B
