0 31
0.01 30
0.02 31
0.03 33
0.04 30
0.05 31
0.06 30
0.07 30
0.08 30
0.09 30
0.1 32
0.11 31
0.12 31
0.13 29
0.14 32
0.15 30
0.16 29
0.17 32
0.18 32
0.19 30
0.2 23
0.21 28
0.22 30
0.23 30
0.24 26
0.25 23
0.26 25
0.27 21
0.28 22
0.29 24
0.3 26
0.31 21
0.32 23
0.33 18
0.34 16
0.35 20
0.36 17
0.37 20
0.38 17
0.39 20
0.4 14
0.41 15
0.42 15
0.43 13
0.44 13
0.45 13
0.46 17
0.47 12
0.48 8
0.49 11
0.5 5
0.51 8
0.52 6
0.53 12
0.54 8
0.55 10
0.56 11
0.57 10
0.58 11
0.59 10
0.6 10
0.61 10
0.62 7
0.63 8
0.64 8
0.65 7
0.66 6
0.67 8
0.68 11
0.69 7
0.7 13
0.71 10
0.72 11
0.73 8
0.74 8
0.75 8
0.76 8
0.77 7
0.78 7
0.79 11
0.8 8
0.81 6
0.82 9
0.83 9
0.84 8
0.85 7
0.86 10
0.87 9
0.88 10
0.89 9
0.9 9
0.91 5
0.92 6
0.93 9
0.94 5
0.95 5
0.96 4
0.97 5
0.98 3
0.99 3
1 5
