-3.4886
-3.49322
-3.49785
-3.50249
-3.50713
-3.51178
-3.51644
-3.5211
-3.52576
-3.53043
-3.5351
-3.53976
-3.54443
-3.54909
-3.55376
-3.55842
-3.56307
-3.56772
-3.57236
-3.57699
-3.58161
-3.58623
-3.59083
-3.59542
-3.6
-3.60457
-3.60912
-3.61365
-3.61817
-3.62267
-3.62716
-3.63163
-3.63608
-3.64051
-3.64492
-3.64931
-3.65368
-3.65802
-3.66235
-3.66665
-3.67094
-3.67519
-3.67943
-3.68363
-3.68782
-3.69197
-3.6961
-3.7002
-3.70427
-3.70832
-3.71234
-3.71633
-3.72029
-3.72422
-3.72812
-3.73199
-3.73584
-3.73965
-3.74344
-3.74719
-3.75092
-3.75462
-3.75829
-3.76193
-3.76554
-3.76913
-3.77268
-3.77621
-3.77971
-3.78318
-3.78662
-3.79003
-3.79341
-3.79676
-3.80008
-3.80338
-3.80664
-3.80988
-3.81308
-3.81626
-3.81941
-3.82253
-3.82563
-3.82869
-3.83173
-3.83474
-3.83772
-3.84068
-3.84361
-3.84651
-3.84938
-3.85223
-3.85506
-3.85786
-3.86063
-3.86338
-3.86611
-3.86881
-3.87149
-3.87415
-3.87678