-5.98862
-5.98863
-5.98863
-5.98864
-5.98864
-5.98865
-5.98865
-5.98866
-5.98867
-5.98867
-5.98868
-5.98868
-5.98869
-5.98869
-5.9887
-5.98871
-5.98871
-5.98872
-5.98872
-5.98873
-5.98873
-5.98874
-5.98875
-5.98875
-5.98876
-5.98876
-5.98877
-5.98877
-5.98878
-5.98879
-5.98879
-5.9888
-5.9888
-5.98881
-5.98881
-5.98882
-5.98882
-5.98883
-5.98884
-5.98884
-5.98885
-5.98885
-5.98886
-5.98886
-5.98887
-5.98888
-5.98888
-5.98889
-5.98889
-5.9889
-5.9889
-5.98891
-5.98892
-5.98892
-5.98893
-5.98893
-5.98894
-5.98894
-5.98895
-5.98895
-5.98896
-5.98897
-5.98897
-5.98898
-5.98898
-5.98899
-5.98899
-5.989
-5.98901
-5.98901
-5.98902
-5.98902
-5.98903
-5.98903
-5.98904
-5.98904
-5.98905
-5.98906
-5.98906
-5.98907
-5.98907
-5.98908
-5.98908
-5.98909
-5.98909
-5.9891
-5.98911
-5.98911
-5.98912
-5.98912
-5.98913
-5.98913
-5.98914
-5.98914
-5.98915
-5.98916
-5.98916
-5.98917
-5.98917
-5.98918
-5.98918