-5.98862
-5.98868
-5.98874
-5.9888
-5.98886
-5.98892
-5.98898
-5.98905
-5.98911
-5.98917
-5.98923
-5.98929
-5.98935
-5.98942
-5.98948
-5.98954
-5.9896
-5.98966
-5.98972
-5.98979
-5.98985
-5.98991
-5.98997
-5.99003
-5.99009
-5.99015
-5.99021
-5.99027
-5.99033
-5.99039
-5.99045
-5.99051
-5.99057
-5.99063
-5.99069
-5.99075
-5.99081
-5.99087
-5.99092
-5.99098
-5.99104
-5.99109
-5.99115
-5.9912
-5.99126
-5.99131
-5.99137
-5.99142
-5.99147
-5.99153
-5.99158
-5.99163
-5.99168
-5.99174
-5.99179
-5.99184
-5.99189
-5.99194
-5.99198
-5.99203
-5.99208
-5.99213
-5.99218
-5.99222
-5.99227
-5.99232
-5.99236
-5.99241
-5.99245
-5.99249
-5.99254
-5.99258
-5.99262
-5.99267
-5.99271
-5.99275
-5.99279
-5.99283
-5.99287
-5.99291
-5.99295
-5.99299
-5.99303
-5.99307
-5.99311
-5.99314
-5.99318
-5.99322
-5.99326
-5.99329
-5.99333
-5.99336
-5.9934
-5.99343
-5.99347
-5.9935
-5.99353
-5.99357
-5.9936
-5.99363
-5.99367