0 127
0.01 125
0.02 123
0.03 123
0.04 121
0.05 121
0.06 119
0.07 119
0.08 119
0.09 119
0.1 119
0.11 119
0.12 119
0.13 119
0.14 119
0.15 117
0.16 117
0.17 117
0.18 117
0.19 117
0.2 113
0.21 113
0.22 113
0.23 113
0.24 113
0.25 111
0.26 109
0.27 109
0.28 109
0.29 109
0.3 109
0.31 109
0.32 109
0.33 109
0.34 109
0.35 107
0.36 107
0.37 107
0.38 107
0.39 107
0.4 105
0.41 105
0.42 105
0.43 103
0.44 103
0.45 103
0.46 103
0.47 103
0.48 103
0.49 103
0.5 101
0.51 97
0.52 97
0.53 97
0.54 97
0.55 97
0.56 95
0.57 95
0.58 95
0.59 95
0.6 95
0.61 95
0.62 95
0.63 95
0.64 95
0.65 95
0.66 95
0.67 95
0.68 95
0.69 95
0.7 95
0.71 95
0.72 93
0.73 91
0.74 91
0.75 89
0.76 89
0.77 89
0.78 89
0.79 89
0.8 89
0.81 89
0.82 89
0.83 89
0.84 89
0.85 89
0.86 89
0.87 89
0.88 89
0.89 89
0.9 89
0.91 87
0.92 87
0.93 87
0.94 87
0.95 87
0.96 87
0.97 87
0.98 87
0.99 87
1 87
