0 1364
0.01 1343
0.02 1320
0.03 1239
0.04 1214
0.05 1209
0.06 1170
0.07 1145
0.08 1129
0.09 1103
0.1 1076
0.11 1034
0.12 1014
0.13 990
0.14 979
0.15 1002
0.16 976
0.17 966
0.18 923
0.19 938
0.2 885
0.21 886
0.22 847
0.23 836
0.24 813
0.25 815
0.26 805
0.27 812
0.28 781
0.29 773
0.3 734
0.31 714
0.32 713
0.33 701
0.34 683
0.35 674
0.36 658
0.37 648
0.38 629
0.39 642
0.4 629
0.41 612
0.42 596
0.43 577
0.44 546
0.45 558
0.46 514
0.47 545
0.48 524
0.49 514
0.5 508
0.51 492
0.52 488
0.53 497
0.54 486
0.55 468
0.56 455
0.57 440
0.58 426
0.59 402
0.6 418
0.61 378
0.62 414
0.63 375
0.64 384
0.65 352
0.66 374
0.67 358
0.68 329
0.69 344
0.7 329
0.71 325
0.72 311
0.73 305
0.74 300
0.75 294
0.76 287
0.77 276
0.78 260
0.79 287
0.8 276
0.81 253
0.82 245
0.83 256
0.84 262
0.85 245
0.86 229
0.87 222
0.88 249
0.89 252
0.9 223
0.91 220
0.92 216
0.93 204
0.94 188
0.95 193
0.96 196
0.97 184
0.98 192
0.99 176
1 173
