0 34
0.01 29
0.02 30
0.03 27
0.04 31
0.05 28
0.06 32
0.07 28
0.08 27
0.09 29
0.1 30
0.11 31
0.12 31
0.13 32
0.14 25
0.15 26
0.16 24
0.17 25
0.18 24
0.19 28
0.2 24
0.21 24
0.22 21
0.23 23
0.24 21
0.25 20
0.26 22
0.27 20
0.28 22
0.29 26
0.3 22
0.31 20
0.32 22
0.33 17
0.34 16
0.35 13
0.36 16
0.37 16
0.38 15
0.39 10
0.4 10
0.41 7
0.42 9
0.43 10
0.44 6
0.45 6
0.46 9
0.47 8
0.48 9
0.49 9
0.5 4
0.51 4
0.52 4
0.53 2
0.54 2
0.55 3
0.56 2
0.57 3
0.58 2
0.59 1
0.6 3
0.61 2
0.62 3
0.63 2
0.64 3
0.65 3
0.66 3
0.67 2
0.68 2
0.69 2
0.7 2
0.71 2
0.72 0
0.73 1
0.74 0
0.75 2
0.76 0
0.77 1
0.78 2
0.79 1
0.8 1
0.81 2
0.82 3
0.83 3
0.84 2
0.85 1
0.86 2
0.87 2
0.88 1
0.89 1
0.9 1
0.91 0
0.92 0
0.93 0
0.94 0
0.95 0
0.96 1
0.97 1
0.98 2
0.99 0
1 2
