0 123
0.01 123
0.02 123
0.03 123
0.04 123
0.05 119
0.06 117
0.07 117
0.08 117
0.09 117
0.1 115
0.11 113
0.12 113
0.13 113
0.14 111
0.15 109
0.16 109
0.17 109
0.18 109
0.19 107
0.2 107
0.21 107
0.22 105
0.23 103
0.24 101
0.25 101
0.26 101
0.27 101
0.28 99
0.29 99
0.3 97
0.31 97
0.32 97
0.33 95
0.34 95
0.35 95
0.36 93
0.37 93
0.38 93
0.39 93
0.4 93
0.41 93
0.42 91
0.43 91
0.44 91
0.45 91
0.46 91
0.47 91
0.48 91
0.49 91
0.5 91
0.51 91
0.52 91
0.53 91
0.54 91
0.55 91
0.56 91
0.57 91
0.58 91
0.59 89
0.6 89
0.61 89
0.62 89
0.63 89
0.64 89
0.65 89
0.66 89
0.67 89
0.68 89
0.69 89
0.7 89
0.71 87
0.72 87
0.73 87
0.74 87
0.75 87
0.76 85
0.77 85
0.78 85
0.79 83
0.8 83
0.81 83
0.82 83
0.83 83
0.84 83
0.85 83
0.86 83
0.87 83
0.88 83
0.89 83
0.9 83
0.91 83
0.92 83
0.93 83
0.94 83
0.95 83
0.96 83
0.97 83
0.98 83
0.99 83
1 83
