0 37
0.01 31
0.02 24
0.03 18
0.04 16
0.05 17
0.06 18
0.07 19
0.08 14
0.09 12
0.1 13
0.11 14
0.12 15
0.13 14
0.14 13
0.15 14
0.16 14
0.17 14
0.18 13
0.19 15
0.2 13
0.21 8
0.22 11
0.23 10
0.24 13
0.25 10
0.26 10
0.27 11
0.28 13
0.29 12
0.3 12
0.31 9
0.32 13
0.33 14
0.34 11
0.35 9
0.36 11
0.37 9
0.38 11
0.39 11
0.4 7
0.41 9
0.42 9
0.43 10
0.44 10
0.45 11
0.46 12
0.47 6
0.48 12
0.49 8
0.5 8
0.51 8
0.52 6
0.53 6
0.54 6
0.55 6
0.56 9
0.57 9
0.58 8
0.59 5
0.6 4
0.61 4
0.62 6
0.63 8
0.64 11
0.65 11
0.66 6
0.67 7
0.68 7
0.69 4
0.7 10
0.71 8
0.72 6
0.73 9
0.74 9
0.75 6
0.76 6
0.77 8
0.78 9
0.79 6
0.8 7
0.81 5
0.82 6
0.83 7
0.84 6
0.85 4
0.86 6
0.87 3
0.88 6
0.89 6
0.9 3
0.91 4
0.92 6
0.93 6
0.94 3
0.95 6
0.96 6
0.97 4
0.98 4
0.99 3
1 5
