1 1 3 B
1 1 9 A
1 1 10 B
1 2 1 B
1 2 2 B
1 2 4 A
1 2 5 B
1 2 7 A
1 3 5 B
1 3 6 A
1 3 8 B
1 4 2 B
1 4 3 A
1 4 8 A
1 5 1 A
1 5 5 B
1 5 6 A
1 6 3 A
1 6 5 B
1 7 7 A
1 7 10 A
1 8 1 B
1 8 10 B
1 10 4 B
1 10 5 A
2 1 7 B
2 1 9 B
2 2 5 B
2 2 8 A
2 3 1 B
2 3 3 A
2 3 4 A
2 3 10 A
2 4 8 A
2 4 9 B
2 4 10 A
2 5 6 A
2 6 3 B
2 6 6 A
2 6 9 A
2 6 10 A
2 7 2 A
2 7 6 B
2 7 10 A
2 8 1 B
2 8 2 B
2 8 4 A
2 8 5 B
2 8 7 B
2 9 1 B
2 9 4 B
2 9 7 B
2 10 2 A
2 10 3 B
2 10 6 B
3 1 1 B
3 1 5 A
3 1 7 A
3 2 5 B
3 3 4 A
3 3 10 B
3 4 3 B
3 4 5 A
3 4 8 A
3 4 9 B
3 5 2 B
3 5 4 A
3 5 6 A
3 5 9 A
3 5 10 B
3 6 1 A
3 6 2 A
3 6 6 B
3 6 7 B
3 6 10 A
3 7 2 A
3 7 3 B
3 7 4 A
3 8 3 A
3 8 7 A
3 9 5 A
3 9 6 A
3 9 10 B
3 10 2 A
3 10 6 B
4 1 3 B
4 1 4 A
4 1 7 A
4 1 8 A
4 1 10 B
4 2 2 B
4 2 6 A
4 3 4 A
4 3 5 A
4 3 9 B
4 4 2 B
4 4 8 A
4 5 1 A
4 5 3 B
4 5 8 A
4 5 9 A
4 5 10 B
4 6 1 A
4 6 2 B
4 6 4 B
4 6 6 A
4 6 7 B
4 6 8 A
4 6 9 A
4 7 2 A
4 8 1 A
4 8 2 B
4 8 9 B
4 9 7 B
4 9 9 B
4 10 1 B
4 10 3 A
4 10 4 B
4 10 7 A
4 10 9 B
5 1 9 B
5 2 4 A
5 2 6 B
5 2 7 B
5 2 8 B
5 3 3 A
5 3 4 B
5 3 6 A
5 3 9 B
5 4 3 A
5 4 5 A
5 4 10 B
5 5 7 B
5 5 8 A
5 6 10 B
5 8 4 B
5 8 5 A
5 8 7 A
5 8 8 B
5 9 10 B
5 10 3 A
5 10 6 B
5 10 8 B
6 1 4 A
6 1 8 B
6 2 7 B
6 2 8 B
6 3 2 A
6 3 6 B
6 3 7 A
6 3 8 B
6 3 9 B
6 3 10 B
6 4 3 A
6 4 6 A
6 4 7 A
6 4 8 B
6 5 4 B
6 5 6 A
6 5 7 B
6 5 9 B
6 6 2 B
6 7 6 B
6 8 3 B
6 8 6 B
6 8 8 B
6 8 9 B
6 8 10 B
6 9 4 B
6 9 10 B
6 10 1 B
6 10 2 A
6 10 8 B
7 1 2 A
7 1 3 A
7 1 5 B
7 1 9 A
7 2 6 B
7 3 2 A
7 3 3 A
7 3 7 A
7 3 9 B
7 4 5 A
7 4 6 A
7 5 4 A
7 5 5 B
7 5 6 A
7 5 9 B
7 6 4 A
7 6 9 B
7 7 4 A
7 7 5 B
7 7 7 B
7 7 8 A
7 7 9 B
7 8 7 B
7 8 9 B
7 9 3 A
7 9 7 B
7 9 8 B
7 10 5 B
7 10 8 A
8 1 6 B
8 1 8 B
8 2 2 A
8 2 3 A
8 2 5 B
8 2 7 A
8 2 10 A
8 3 1 B
8 3 3 A
8 3 8 A
8 3 10 B
8 4 10 A
8 5 3 B
8 5 6 B
8 5 7 A
8 6 2 B
8 6 5 A
8 6 6 B
8 6 8 A
8 6 9 A
8 6 10 A
8 7 2 A
8 8 4 A
8 8 8 B
8 9 2 A
8 9 3 A
8 9 10 B
8 10 4 A
8 10 7 B
8 10 8 B
8 10 9 B
8 10 10 B
9 1 2 B
9 1 6 A
9 1 9 A
9 1 10 B
9 2 1 B
9 2 4 A
9 2 5 A
9 3 1 B
9 3 2 A
9 3 4 B
9 3 5 B
9 3 7 A
9 3 8 A
9 4 5 B
9 5 1 A
9 6 1 B
9 6 3 B
9 6 5 B
9 6 6 B
9 7 7 A
9 7 9 A
9 8 1 A
9 8 2 B
9 8 7 B
9 9 1 A
9 9 3 A
9 9 4 A
9 9 5 A
9 9 6 A
9 9 9 B
9 10 1 A
9 10 3 A
9 10 7 A
10 1 3 A
10 2 3 B
10 2 4 A
10 2 5 A
10 2 8 B
10 2 9 A
10 3 4 A
10 3 7 B
10 3 8 B
10 4 1 A
10 4 7 A
10 4 10 A
10 5 2 B
10 5 4 B
10 5 7 A
10 5 10 B
10 6 3 B
10 6 7 B
10 7 2 B
10 7 3 A
10 7 6 A
10 8 2 A
10 8 4 A
10 8 5 A
10 8 10 B
10 9 3 A
10 9 7 A
10 9 10 A
10 10 5 A
10 10 7 A
10 10 8 B
