1 1 5 B
1 2 3 A
1 3 1 B
1 3 7 A
1 3 8 A
1 3 10 A
1 4 2 A
1 4 3 B
1 4 10 A
1 7 3 A
1 8 1 B
1 8 3 B
1 8 5 A
1 8 10 B
1 9 7 B
1 10 9 B
2 1 4 A
2 2 7 B
2 4 7 A
2 5 10 B
2 6 1 B
2 6 8 A
2 6 9 A
2 6 10 A
2 7 4 B
2 7 8 B
2 9 7 A
2 9 10 A
2 10 1 A
2 10 6 A
3 1 2 B
3 3 1 A
3 3 10 B
3 4 1 B
3 5 2 B
3 5 10 B
3 6 2 B
3 6 10 B
3 7 5 A
3 8 2 B
3 8 4 B
3 8 9 B
3 9 4 A
3 10 4 B
3 10 6 B
4 1 8 B
4 1 9 B
4 2 8 A
4 3 3 A
4 3 5 A
4 3 6 B
4 5 5 A
4 5 6 B
4 5 7 A
4 6 2 A
4 6 8 A
4 7 5 A
4 8 2 B
4 8 7 B
4 9 5 B
4 10 4 B
4 10 6 B
5 1 6 B
5 3 2 B
5 3 3 A
5 3 4 B
5 3 8 B
5 4 10 A
5 5 3 A
5 5 10 A
5 7 2 B
5 7 9 A
5 8 1 A
5 9 10 B
5 10 5 B
6 2 1 A
6 2 3 B
6 2 4 B
6 3 4 B
6 3 7 B
6 3 10 B
6 4 1 B
6 4 2 A
6 4 9 A
6 5 6 B
6 5 10 B
6 6 1 A
6 6 3 A
6 6 5 B
6 7 4 A
6 7 5 A
6 7 8 A
6 8 2 A
6 8 4 A
6 8 9 B
6 9 2 A
6 9 7 A
6 9 8 B
6 10 1 A
6 10 4 A
6 10 5 A
6 10 9 B
7 1 8 B
7 1 10 B
7 3 7 A
7 3 10 B
7 4 3 B
7 4 7 A
7 5 2 A
7 5 9 B
7 7 1 B
7 7 10 A
7 8 5 B
7 8 6 B
7 8 7 B
7 8 10 A
7 9 7 B
8 1 6 B
8 2 5 A
8 3 4 A
8 3 6 A
8 3 7 A
8 4 9 A
8 5 1 A
8 5 2 B
8 5 8 B
8 6 6 A
8 6 9 A
8 8 1 A
8 8 9 B
8 8 10 B
8 9 6 B
8 9 9 B
8 9 10 B
8 10 1 A
8 10 5 A
8 10 8 A
9 3 1 A
9 3 6 B
9 3 7 B
9 3 9 A
9 4 4 B
9 4 9 B
9 5 5 A
9 6 3 A
9 6 4 A
9 6 6 A
9 6 7 A
9 6 10 B
9 7 7 B
9 7 9 B
9 8 7 A
9 8 10 A
9 9 3 A
9 9 10 B
9 10 5 A
10 2 3 B
10 2 8 B
10 3 1 A
10 3 3 B
10 4 5 B
10 4 6 A
10 4 10 B
10 5 2 B
10 6 3 A
10 6 6 A
10 6 8 A
10 6 10 A
10 7 2 B
10 7 7 B
10 7 8 B
10 7 9 A
10 8 4 A
10 8 8 B
10 9 2 A
10 9 6 A
10 9 7 A
10 10 4 A
