1 5 1 A
1 5 2 B
1 5 3 B
1 5 10 A
1 6 4 B
1 6 6 A
1 6 10 B
1 7 5 A
1 7 10 B
1 8 9 B
1 9 5 A
1 9 8 B
2 2 3 B
2 2 10 A
2 3 3 A
2 3 6 A
2 4 7 A
2 6 4 B
2 6 5 A
2 6 9 A
2 9 6 A
2 10 10 A
3 1 3 A
3 2 4 A
3 3 3 B
3 3 6 B
3 3 8 A
3 4 1 B
3 4 2 B
3 4 10 B
3 5 1 B
3 5 3 A
3 6 2 A
3 6 6 A
3 6 8 B
3 7 2 B
3 8 1 B
3 9 4 A
3 9 6 B
3 10 10 B
4 1 10 B
4 2 3 B
4 3 5 B
4 3 7 B
4 3 10 B
4 4 4 A
4 6 4 A
4 7 4 B
4 7 6 A
4 8 2 A
4 8 3 A
4 8 9 A
4 9 1 A
4 9 3 B
4 9 4 B
4 9 6 B
4 9 7 A
4 9 8 B
4 10 4 B
4 10 7 B
4 10 8 B
5 1 1 B
5 1 7 B
5 2 6 A
5 3 2 A
5 3 6 B
5 4 9 B
5 5 1 A
5 6 3 B
5 7 2 B
5 7 5 B
5 7 8 A
5 8 9 B
5 10 8 B
6 1 2 B
6 2 1 A
6 2 6 B
6 3 5 B
6 3 8 A
6 5 2 A
6 5 5 B
6 6 1 B
6 8 10 B
6 9 2 A
6 9 3 A
6 9 5 A
6 10 2 A
7 1 1 A
7 1 7 B
7 1 8 A
7 2 6 B
7 3 2 B
7 3 7 A
7 4 3 A
7 5 1 B
7 5 9 A
7 6 5 B
7 7 4 A
7 7 6 A
7 8 3 A
7 8 5 A
7 9 6 A
7 10 9 B
8 1 9 B
8 2 4 A
8 2 10 B
8 3 5 B
8 3 10 A
8 4 8 A
8 4 9 A
8 5 3 B
8 6 7 B
8 7 3 A
8 7 5 B
8 7 6 A
8 8 9 A
8 9 2 A
8 9 5 A
8 9 6 B
8 9 7 B
8 9 8 B
8 9 10 B
9 1 5 B
9 1 9 A
9 3 5 B
9 3 7 B
9 3 8 A
9 4 3 B
9 4 4 A
9 4 5 B
9 4 8 A
9 4 9 B
9 4 10 B
9 5 6 A
9 5 7 A
9 5 9 B
9 6 2 A
9 7 1 A
9 7 5 A
9 7 10 A
9 8 5 B
9 8 8 A
9 8 10 A
9 9 2 A
9 9 4 A
9 9 5 A
9 9 8 A
9 9 10 B
9 10 8 B
9 10 10 B
10 2 8 A
10 3 10 B
10 4 1 A
10 4 4 A
10 4 5 B
10 5 3 A
10 6 3 B
10 6 6 A
10 6 8 B
10 6 10 A
10 7 4 B
10 7 10 A
10 8 4 A
10 8 7 B
10 8 8 A
10 9 7 B
10 9 8 B
10 9 10 B
10 10 1 A
10 10 6 A
