1 1 7 A
1 2 1 B
1 2 7 B
1 2 8 B
1 3 8 A
1 3 9 A
1 4 10 B
1 5 1 B
1 6 4 A
1 6 6 B
1 7 10 A
1 9 3 B
1 9 6 A
1 9 8 B
2 3 3 A
2 3 10 B
2 4 4 B
2 4 5 B
2 5 5 A
2 6 3 B
2 7 3 B
2 7 6 A
2 8 2 A
2 8 8 B
2 9 6 B
2 9 10 A
2 10 7 B
3 3 6 A
3 4 1 B
3 5 1 B
3 6 1 B
3 6 9 A
3 7 4 B
3 7 5 A
4 1 3 A
4 2 1 A
4 2 4 A
4 2 5 B
4 5 4 A
4 6 5 A
4 7 10 B
4 8 5 A
4 8 7 B
4 8 9 B
4 9 7 A
4 10 2 B
5 1 2 B
5 3 2 A
5 5 1 B
5 5 4 A
5 5 6 A
5 6 3 A
5 7 1 B
5 8 6 A
5 8 9 A
5 9 2 A
5 9 8 B
6 1 7 B
6 2 9 A
6 2 10 B
6 3 2 B
6 3 5 B
6 3 6 B
6 4 8 B
6 5 1 B
6 5 7 A
6 5 9 A
6 7 3 A
6 7 6 A
6 7 7 A
6 7 9 B
6 8 8 B
6 9 6 B
6 10 7 B
7 1 1 A
7 2 2 B
7 2 7 B
7 3 6 A
7 4 3 B
7 4 9 A
7 5 6 B
7 6 5 A
7 6 7 A
7 7 8 A
7 8 4 B
7 8 6 A
7 8 9 B
7 9 1 B
7 9 4 A
7 9 10 A
7 10 2 A
7 10 8 B
7 10 9 B
8 3 6 A
8 3 7 B
8 4 4 B
8 4 8 A
8 4 9 B
8 5 4 A
8 5 6 A
8 6 10 B
8 7 10 A
8 8 4 A
8 8 10 B
8 9 9 A
9 1 9 B
9 2 3 B
9 2 5 B
9 2 6 B
9 2 8 B
9 3 5 B
9 3 7 A
9 3 8 B
9 4 1 B
9 4 2 A
9 4 10 B
9 5 8 A
9 6 4 A
9 6 10 B
9 8 3 A
9 8 5 A
9 9 2 A
9 9 6 A
9 10 8 B
9 10 9 B
10 1 3 A
10 1 4 B
10 2 10 A
10 3 2 A
10 4 1 B
10 4 3 A
10 4 9 A
10 5 1 B
10 5 4 A
10 5 5 A
10 5 7 B
10 6 7 B
10 7 6 A
10 8 10 A
10 9 2 A
10 9 4 A
10 9 5 A
10 9 7 A
10 9 10 A
10 10 1 A
10 10 5 B
10 10 6 B
10 10 7 B
