1 3 8 A
1 4 9 A
1 6 1 B
1 6 8 B
1 7 10 A
1 9 3 B
1 9 4 A
1 9 8 B
2 1 1 B
2 1 10 B
2 2 7 B
2 3 4 A
2 3 7 A
2 3 10 B
2 4 1 B
2 4 5 B
2 5 3 B
2 5 4 A
2 6 5 B
2 7 10 A
2 8 2 A
2 8 7 A
2 9 8 B
2 10 2 B
2 10 9 B
3 2 4 B
3 4 3 B
3 4 9 A
3 6 4 B
3 6 10 B
3 7 4 B
3 8 7 B
3 8 10 B
3 9 6 A
4 3 3 A
4 5 1 B
4 5 2 A
4 5 5 A
4 6 1 B
4 7 6 A
4 8 8 B
4 9 4 A
5 2 3 A
5 3 1 A
5 3 4 A
5 5 3 A
5 5 6 A
5 5 10 A
5 6 4 A
5 6 7 A
5 7 9 B
5 8 7 A
5 9 7 B
6 1 9 B
6 2 2 B
6 2 6 B
6 3 1 B
6 3 5 B
6 3 10 A
6 4 6 B
6 4 8 B
6 6 7 A
6 7 2 B
6 7 8 A
6 7 9 A
6 8 7 B
6 9 3 A
6 9 8 B
6 10 3 A
7 2 1 B
7 3 10 B
7 4 6 A
7 4 9 A
7 5 3 B
7 5 5 B
7 5 6 A
7 6 5 A
7 6 9 B
7 7 4 A
7 7 6 A
7 7 7 A
7 7 8 B
7 7 9 A
7 8 5 B
7 8 9 B
7 8 10 B
7 9 1 B
7 10 5 A
7 10 7 B
7 10 9 B
8 1 2 A
8 3 2 B
8 3 3 B
8 3 5 B
8 3 6 A
8 3 9 B
8 4 6 B
8 4 9 B
8 5 4 A
8 7 3 A
8 7 9 A
8 8 4 A
8 8 5 A
8 9 6 A
8 9 9 A
8 10 10 A
9 1 9 B
9 2 1 B
9 3 1 A
9 3 6 B
9 3 7 A
9 3 8 A
9 3 9 A
9 3 10 A
9 4 2 A
9 4 5 A
9 4 7 A
9 5 1 B
9 5 3 A
9 7 10 A
9 9 4 A
9 9 9 B
9 10 6 A
9 10 7 B
9 10 9 B
10 1 3 A
10 2 3 B
10 2 4 B
10 2 5 B
10 2 9 B
10 3 1 B
10 3 2 A
10 3 10 B
10 5 4 A
10 5 7 B
10 5 10 B
10 7 8 B
10 8 1 A
10 8 3 A
10 8 4 A
10 8 5 A
10 8 7 A
10 9 5 A
10 9 9 A
10 10 5 B
10 10 7 B
