1 2 5 B
1 2 7 A
1 2 8 A
1 2 9 B
1 3 10 B
1 6 6 A
1 6 8 B
1 6 9 A
1 7 2 A
1 7 6 B
1 8 7 B
1 9 2 B
2 1 7 B
2 3 4 A
2 5 1 B
2 5 3 B
2 6 2 B
2 6 6 A
2 6 9 B
2 8 4 B
2 8 10 B
2 9 6 A
2 9 9 B
3 1 10 B
3 2 2 A
3 2 6 B
3 3 1 B
3 7 2 B
3 7 8 B
3 8 6 A
3 9 8 A
3 9 10 A
4 2 2 B
4 3 3 A
4 4 10 A
4 5 2 A
4 6 7 A
4 8 7 A
4 10 3 A
5 1 2 B
5 2 5 A
5 5 3 B
5 5 8 A
5 5 10 B
5 6 10 A
5 7 6 B
5 8 7 B
5 8 9 A
5 10 5 A
5 10 10 B
6 1 5 B
6 2 2 A
6 3 6 A
6 3 9 B
6 4 1 B
6 5 8 A
6 6 3 A
6 6 6 B
6 6 10 B
6 7 5 A
6 7 6 A
6 7 10 A
6 8 5 B
6 8 8 A
6 8 9 B
6 9 2 B
6 9 4 B
6 9 7 B
6 10 7 B
7 1 2 B
7 1 5 B
7 2 6 B
7 5 2 B
7 5 9 B
7 5 10 A
7 7 1 B
7 7 9 A
7 8 2 B
7 8 5 A
7 8 6 A
7 8 8 B
7 9 9 A
7 10 5 A
7 10 8 B
8 1 7 A
8 1 8 B
8 2 1 B
8 2 4 B
8 2 10 A
8 3 4 B
8 3 8 A
8 5 6 B
8 6 7 A
8 8 7 B
8 8 8 A
8 9 2 A
8 9 5 A
8 9 9 A
9 1 1 A
9 1 2 A
9 1 3 A
9 1 4 B
9 1 6 A
9 1 10 A
9 2 1 A
9 3 1 B
9 3 6 A
9 4 2 B
9 4 8 B
9 5 2 A
9 5 4 A
9 5 9 B
9 6 2 A
9 6 4 A
9 6 10 B
9 7 8 B
9 7 9 A
9 8 3 A
9 8 5 A
9 8 9 A
9 9 6 B
9 9 10 A
9 10 5 B
9 10 6 A
9 10 8 B
10 1 2 B
10 1 9 B
10 2 10 B
10 3 5 A
10 4 7 A
10 4 8 B
10 5 7 A
10 6 6 B
10 6 10 B
10 7 3 A
10 9 4 A
10 10 3 A
10 10 4 A
