0 678
0.01 672
0.02 668
0.03 662
0.04 658
0.05 653
0.06 648
0.07 644
0.08 639
0.09 629
0.1 623
0.11 619
0.12 607
0.13 601
0.14 598
0.15 590
0.16 580
0.17 574
0.18 568
0.19 562
0.2 558
0.21 549
0.22 542
0.23 538
0.24 532
0.25 525
0.26 517
0.27 510
0.28 504
0.29 500
0.3 497
0.31 486
0.32 482
0.33 479
0.34 472
0.35 466
0.36 462
0.37 459
0.38 455
0.39 451
0.4 447
0.41 443
0.42 437
0.43 428
0.44 424
0.45 417
0.46 414
0.47 411
0.48 407
0.49 401
0.5 398
0.51 393
0.52 390
0.53 386
0.54 383
0.55 381
0.56 379
0.57 372
0.58 364
0.59 362
0.6 359
0.61 356
0.62 353
0.63 349
0.64 346
0.65 343
0.66 342
0.67 337
0.68 336
0.69 332
0.7 329
0.71 324
0.72 321
0.73 318
0.74 317
0.75 312
0.76 310
0.77 306
0.78 302
0.79 299
0.8 293
0.81 288
0.82 286
0.83 285
0.84 281
0.85 277
0.86 273
0.87 269
0.88 268
0.89 265
0.9 262
0.91 261
0.92 258
0.93 251
0.94 250
0.95 247
0.96 246
0.97 240
0.98 239
0.99 237
1 234
