609 627.2
602.4 621.6
594.6 606.4
588.2 594.2
582.6 594
575.8 589.8
569.2 589
564 592.6
559 584
554.8 576.2
547.4 564.6
542.8 558
536.8 564.6
531 546.4
526.6 549.8
522.8 539
518.4 541.4
513.4 516.6
509.2 519.4
503 529
499.2 522.6
494 497.8
488 501.4
482 505.2
477.8 483.2
471.2 484.6
466 482
460.2 476.2
456.6 460.6
451.4 474.8
445.8 466.2
442 461.8
439 453.4
434.6 450.6
430.6 435
427.8 427.8
422 429
418 419.8
413.4 427.2
410.4 419.2
406.8 416.8
403.2 410.4
399.6 407
395.8 391.8
391.6 395.2
387.4 398.6
383.6 388.2
379.8 392.4
377 357
374 386.2
369 371
364.8 359.4
360 356.8
357.2 360.8
353.4 354.4
348.6 341.6
345.8 340
341.6 336.4
338.6 330.8
336.6 328.2
335 331.2
332.4 318.2
327.8 332
325.2 325.2
321 316.8
316.8 316.2
313.2 304.4
310.8 303.2
308.6 300
306.2 308.8
304.6 300.8
299.8 288.4
296.8 279.4
294.4 298.4
293.2 291
289.6 281.8
286 289.4
282.4 277.8
279 274.2
275.8 278.6
274 263.4
271.8 270.2
269.6 276
267.4 268.4
264.2 260.2
260.4 271.4
257.6 263.8
253.6 254.2
250.2 248.8
247.8 255.6
245.6 254.6
242.8 253.2
240 252.4
237.8 243.4
235.6 257.8
233 246.6
230.2 242.4
228.2 228
225.4 248.6
223.4 242.4
220.8 243.2
