621.6 603
614.8 613.6
607 607.4
601.2 594.6
596 618.6
590.6 603
584.6 584.4
577.2 591.2
572.6 588.8
568.2 576.2
564 562.2
558 561
551.6 545
545.8 565
540.4 556.2
536.4 544.6
531.4 553.4
526.2 541.2
521.8 529.2
515.6 535.6
511.2 526.8
506 527.8
500.2 514
494.4 509.6
489.6 497.4
481.8 499.4
476.8 491.6
471.4 476.4
466 487
458 477.4
453.2 472.6
449 472.8
444.8 458.8
440.8 461.8
435.4 450.4
431.4 452.8
426.8 447.6
423 439.2
417 441.8
413 429.4
408.8 432
404.6 426.2
402.2 420.6
397.6 426
393.6 421
389.2 402.2
384.4 414.2
381.2 401
377.4 405.2
373.2 390.4
369 386.8
364.6 379
360 379.4
358 378.6
353.2 380.2
348.6 361.8
345.2 374
340.8 361
337.8 360.2
335.8 353
332.8 357.6
329.6 338.8
326.2 350.2
323.8 346.6
319 355.4
314 341.4
311 345.2
308.4 333.6
306.6 326
304 337.8
301.8 326.8
298.4 317.2
295.8 331.2
293.4 341.6
291.6 318.8
288.4 327.4
285.8 316
283.2 314
280.2 311.6
278 326.4
276.4 316.8
274.4 319.2
272.8 309.2
271 313.8
268 313.4
263.8 308.4
260.8 312
257 314.8
255.6 312.4
253.8 311.6
251.6 316.8
248.8 319.6
246.2 297.2
243.6 296.2
241.2 313.4
238.4 304.2
234.4 303.6
232 305
229.4 308.8
227.2 308.4
224.2 305
