613.6 624
606.4 617.4
598.8 617
592.8 609.6
587.2 594.6
581.6 603.6
575.4 587
570.6 585
565.4 575.6
559.4 573.2
553.4 584.8
548.8 568.6
542.6 555.6
535.6 569.6
530.4 547.2
526.8 548.2
523 554.4
517.2 525.4
512 532.8
505.8 544
500.6 531.8
496 520.6
490.8 528.6
483.4 509.6
479.6 494.8
474 502.6
470 507.6
464 489.6
461.6 483
455.6 483
450.4 488.6
446.8 485.8
442.8 466
438.4 451.4
433.6 450
430.4 446.6
423.8 449.6
420.8 451.8
416 425.2
413.2 439.6
409.2 432.8
404.2 439.4
401.4 424.4
396.8 422
391.2 401.2
387.4 410.2
383.6 406.8
379.6 402.4
376 396.4
372.4 391.2
368 392.2
363.4 387.2
359.4 377.6
356.8 374.8
352.6 369.6
347 368.8
344.4 368.2
341.2 355.8
338.6 370.8
336.6 348.8
334.6 358
332 348.4
328.2 352.6
326.4 335.2
322.2 342.4
318.4 318.4
314.6 338.2
312.6 324.2
309.6 325.2
306.8 327.8
305.2 327
301.2 320.8
297.8 317
295.8 324.4
293.8 320.2
289.4 312.6
287 320.4
283.2 317.8
279.6 312.2
275.6 307.8
273.8 318.6
271.2 308
269 306.4
266.8 309.8
263.8 309.8
260.2 299.6
257.2 307.6
254.2 306.2
252 303.4
249.6 311.8
247 304.6
244 306.8
241.4 308
238.8 306.8
236.4 319.4
234.6 302.8
231 317
228.8 300.8
226.4 317.4
224.4 305
221.8 303.4
