619.4 610
612 619.2
605 642.4
599.8 621.8
592.4 624.8
586.8 620.4
581.4 631.2
576 632.8
570.4 617.8
566 620.8
561 616.8
556.2 627.8
551.4 624.2
546.2 628.2
540.2 617
536 636.6
532.8 616.2
526 619.2
521.6 643.2
516.2 623.4
512.2 625.6
508 617.2
503.8 624.4
498.2 630.2
494 627.8
487.6 627
483.2 634.4
478.4 626.4
474 626.2
467 618.6
462.2 622.2
458.8 622.6
454.2 608.4
449 621.6
444.8 629
440.6 620.6
435.8 622.4
432.8 643.4
427.8 621.6
424.2 622
420.6 618
416.4 621.6
413.2 620.2
408.8 620.8
403.8 627.6
399 623
394.6 616.4
390.4 613.2
387 621.4
383.2 619.8
380 614.6
376 626.4
371.4 627.6
368 613.4
363.4 628.6
357.6 629.8
353 616.6
349.4 611
346.4 618
344.2 627.4
341.6 620.6
339.2 633.2
335.2 618.8
332 621.2
327.4 622.8
322.2 632.2
318 620.2
315.8 624
313.4 623.2
309.6 614
307.8 632.4
304.6 630.2
301.4 607.6
299.8 613.8
297.6 627.2
294.2 630.4
292.2 620.2
288.8 622.2
285.4 614.6
282.4 611.4
281 612
279 634
276.2 624.2
274 625.2
272 622.6
267.6 605.8
265 624.4
261 613.2
258.2 615.8
256.4 630.6
254 633.2
250.8 615.8
247.6 626
245 628.4
241.8 636
239.2 625
235.6 619.8
233.4 621
230.4 627.8
228.8 630.8
226.4 612.8
