621.2 620.8
614 631
607.2 605.6
600.8 605.4
594.2 600.6
590.2 594.4
583.6 583.8
577.2 573.2
571.8 577.8
565.2 571.8
561 552.8
555 571.6
549.8 553.4
543 561.8
536.2 537.4
532.2 541.2
528.8 535.8
522 524.2
516 539.2
511.2 524.8
506.6 514.4
502 513
497.8 502.4
491.2 513.8
486.6 498
480.4 504.8
476 483.8
470.2 481.8
466.6 494.4
460.2 472.6
455 479.8
451.8 465.2
447.8 448.2
443 449.2
439 436
435.8 449.4
430.6 447
428.2 424.2
423 426.2
419.2 424.8
415.4 435.6
410.8 408
407 421.8
402 427.6
395.6 398.4
392 394.2
386.4 399.8
381.6 398.4
378 391.6
373.2 398
368.6 372.8
364.4 378.8
359.6 370.8
356.4 364.4
351.8 358.4
345.8 363.8
342 347.8
338.6 350
335.2 342.6
333.2 337.8
331.2 334.8
328.6 343.2
325.8 321.2
323.6 332.8
320.8 323.8
315.8 328.6
311.6 318.8
309.2 323
306.6 314.4
303.6 311.2
300.6 310.6
297.8 317.2
294.4 310.8
292.8 295.2
290 306.8
286.6 303.4
285.6 285.2
282.6 292.6
280.4 307
276.6 286.4
274.2 307.8
271.6 303.2
268.6 295.4
266.6 286.6
264.6 288.6
261.4 300.2
258.8 289.8
255.6 301
254.2 302.6
252 288
249.6 297.2
246.8 296.6
244.8 295.4
242 299.4
238.8 293.4
237 295.2
233.2 287.4
231.2 296.4
228.6 291.6
227.6 286.6
226 286
