607.4 628
601 620.8
594.4 622.2
588.8 591.8
582.2 590.4
577 603
570.8 580.6
565.8 588.4
561.8 563.4
557 563.2
550.6 564.8
545.6 566.6
540.4 555.2
534.2 547
529.8 557
525 538.4
521.4 531.2
514.4 532.6
509.6 513
502.8 531.6
499.4 517.6
495.2 506.8
489.8 509.8
483.8 482.8
480.2 496
474 488.2
469.6 485.4
463 469.8
460.2 464.2
455.2 465.2
450.4 470.4
447.4 454.8
443.8 448.6
439 436.2
434.6 438.8
431.6 436.4
426 430.4
422.4 432
418.4 424.6
415.6 419.4
412.4 394.8
408 388.8
404.2 391.4
398.6 402.4
394.4 394
391.2 385.6
386.2 384.8
381 385
378.8 375.6
374.4 375.6
370 373.2
366.8 353.2
361.4 362.2
358.6 343.8
353.8 355.4
348.8 346.4
345.4 351.6
342.4 325.4
339.8 330
337.4 324.8
335.6 327.6
332.8 318.4
328.2 324
325.4 319.4
321.4 322.2
316.4 310.2
312.8 299.6
310.4 298.4
308.2 285.6
305.2 298.2
303.8 290.4
299.6 310.8
295.6 306
294.4 278.4
292.4 278.6
289 285.4
286.4 278.2
282.6 278.8
280.2 275
276.6 278.6
274.8 278.4
272 269
269.6 272.4
267.6 265
264.6 265.6
260.2 263.2
258 256.4
255 263
252.2 263.8
250.2 262.2
247.6 252.4
244.4 252.4
242.2 257
238.6 251.6
235.8 247
233.2 256.4
230.2 252.2
227.6 254.2
224.4 248.4
223 239.4
221.4 243.2
