617 627.4
608.8 620.6
601.6 613.2
594.2 611.8
588 597.2
582.4 601.2
575.4 585.8
570.6 578.8
565.2 582.6
559.6 577
553.2 575
549 565.6
543.6 566
537.4 568
532.6 555
528.2 552.6
524.6 538
519.2 539.2
514.8 540
510 516.6
505.4 531
500.4 526.8
496.6 525.6
491.2 518.4
486.6 504
479.8 493.2
474 496.2
468.4 492
465.6 478.8
460.4 464.2
454.6 460.8
451.4 464.4
448.2 460
444.2 464
440.2 451.8
437 444.6
431.8 456
429 434.6
423.2 439.8
419.6 435.6
416.4 425.6
413 435.2
409.4 429.6
405 415.6
400.4 420
395.6 404.4
390.2 411.6
385.8 392.6
382.4 397.6
379.4 390.6
374 389.4
369.6 375.6
365.2 387.8
361.8 366
357.6 375.4
351.4 367.4
348 367.4
344.2 368.2
341.4 369.6
339.6 357.2
337 355.4
334.4 339.8
331 330.4
328.2 328.8
324.4 342.2
320.8 325.2
317 318.2
315.6 317.2
313 326.8
309.6 323.6
307.4 318.2
304 312.4
300.6 313.2
298.6 315
295.8 308
292 315.4
289.8 315.8
286.8 308
283.2 310.8
280.6 300
278.2 300
276.2 300
273.8 305.4
271 292.6
269 301.8
265 300.8
262.6 293.8
258.8 293.2
256.2 301.6
254 286.2
252.2 305.2
249 290
246 292.8
243 300.6
240 292.6
237.8 279
234.4 297
232.6 290.8
230.4 298
228.8 293.2
226.2 291.2
