620.2 621.2
613.6 623.8
606.8 619.8
600.8 610.8
594 590.4
589 584.6
582.6 592.8
575.6 584.6
570.2 583
566.2 589.8
562 565.8
555.4 558.4
550.4 555
544.8 562.2
538.6 553.6
534 538.6
529.8 517
523.2 532.2
518.4 519
512.2 524.4
508.8 518.4
504 525.8
499 507.8
493.8 497
489.2 501.4
482.6 485.8
477.4 482.6
472 482.2
467.2 470.8
460.2 480.6
455 454.4
451.4 459.6
447.6 469.6
442.8 439.8
439.4 441
436 447.8
431.6 445.6
428.4 442
423.8 441.4
419.4 426.4
415.4 423.2
411.4 421
407.6 412.2
403.2 422
398.2 415.8
394 399.6
388.8 407.6
384.4 399.2
381.4 385.8
377 390.8
373 384.8
369.4 375.8
363.8 356.4
360.4 370.4
356 378.4
351 368
346.8 347.2
343.2 345.2
339.8 350.8
337.6 344.6
335.6 345.4
332.8 340
328.8 334.6
325.8 324.4
322.2 326.4
316.2 336.2
312.8 318.8
309.6 317.8
307.6 321.8
304.6 317.2
302.4 311.4
298.4 315.6
295.4 305.4
293.6 314.2
291.6 308.8
288.4 312
286.4 298
283.2 309.6
281.2 307.4
278.2 304.8
276 296.2
274 303.2
271 292.6
269.2 295.4
266.8 293.6
262.6 300.8
260 296.4
255.8 294.2
253.2 293
251.4 292.6
249 289.8
246 285
243.6 292.2
241.2 280.2
238.4 283.6
235.4 286.2
232 281.4
229.6 284.6
226.4 293.8
225.2 287.6
223.4 292.2
