619.8 632.2
612.8 619.8
606 623.2
599.4 607
593 601.8
587.4 597.6
580.8 596
575.6 582.8
570 575.4
565 579
558.8 578
554 556.8
549.2 560.4
543.2 540.6
537.2 543.4
533.6 538.6
530 537.4
524 522.2
517.6 534
512.2 519.2
507.4 516.6
502.8 507.4
497.6 498.4
491.4 493.6
487.6 495.2
482.2 502.6
477.2 478.6
470.6 468.4
467 477.6
462.2 466.4
456.4 461.8
453.6 460.6
450.8 450.8
446 457.6
442.4 445
439.2 443.8
433.4 444.8
430 434.4
424.6 439
421.2 420.2
417.8 430.2
414 413.6
409.8 417
405.8 394
399.6 407
395.8 391.4
391 397.6
386.2 383.4
382.8 376.6
379.4 372
373.8 375.2
370.2 361.6
365.8 365.6
361.8 357.4
358 347.2
352.6 349.8
349.6 356.8
346.8 350.8
343.2 324.8
340.6 345.6
338.4 335.6
335.4 339
331.8 328.2
329.4 322
327 319.4
323.4 315.8
319.2 318.4
316.6 325.8
313.6 313.6
310.8 319.4
308.4 310.2
303.8 311.8
300.4 300
298.4 292
296 301.4
292 290.6
289.2 291.6
285.4 294.6
282.8 287.2
278.8 302.2
276.6 290.8
273.8 295.6
270.6 291.8
268 291.2
266.2 278.6
263 282.4
260.6 295
257.4 287.6
254 292.2
251.2 294.2
249.2 279.8
246.6 275.4
244.6 289.6
242.2 266.4
239.6 287.8
237.8 277.6
234.6 264.2
232.6 281.4
229.4 273.8
228.4 288
226.8 274.6
