622.4 626.8
614.4 623.6
608 617.2
601.4 613.2
595.8 608.4
591.2 595
583.6 588.2
577.6 591
573.2 578.4
567.8 572.6
563.6 571.2
557.8 569.8
552.4 568.6
546.6 556
542 553.4
537.2 551.4
532.6 544.4
527.8 535.8
523 529.8
518 528.2
513.6 525
509 527
504.6 516.4
498.8 516.6
495.6 501.2
488.2 493.8
483.4 499
476.2 484.8
472.4 488.2
466 496.8
460.8 479
457.8 471.6
455.2 462
452.2 457.6
447.6 456.4
443.8 468.2
438 446.6
434.6 445.6
427.6 438.6
423.2 434.2
419.8 427.2
415.6 429.4
412.8 434.2
407 414.4
401.6 417.2
396.8 413.2
391.6 415
386.8 404.4
383 393.8
379.4 391.8
373.4 390.4
369.6 388
365.6 391.4
362.2 396.6
358.2 374.8
353.2 378.4
350.4 388.4
347.4 374.4
344 372
341.6 365.6
338 364.2
334 368.6
330.8 354
329.2 364.4
326 365
322.8 355.4
319.4 354.8
317.2 362.4
315 357.6
311.8 368.2
309.6 357.2
305.2 347.6
301.8 355.4
299.4 340.4
296.4 343.8
292 358
289 345.4
285.4 344.4
283 361.2
279.8 347.2
277.8 346.6
275.6 351.4
272.8 355.6
270.8 348.6
269.6 349.4
265.2 363.6
263 353.4
259.8 348
258.2 345.4
255.8 351.6
253.4 347.8
249.8 348
248.2 358.4
244.6 354.4
242.6 350.8
240.4 342.6
236.8 351
234.2 334
230.6 346.2
229.2 349
227.8 354.2
