0 74
0.01 61
0.02 53
0.03 46
0.04 49
0.05 50
0.06 47
0.07 42
0.08 40
0.09 38
0.1 39
0.11 36
0.12 37
0.13 37
0.14 33
0.15 22
0.16 26
0.17 24
0.18 26
0.19 22
0.2 20
0.21 19
0.22 17
0.23 17
0.24 17
0.25 18
0.26 14
0.27 14
0.28 15
0.29 15
0.3 12
0.31 20
0.32 14
0.33 12
0.34 15
0.35 13
0.36 17
0.37 18
0.38 16
0.39 16
0.4 14
0.41 17
0.42 19
0.43 19
0.44 16
0.45 15
0.46 13
0.47 18
0.48 18
0.49 14
0.5 12
0.51 14
0.52 14
0.53 12
0.54 8
0.55 11
0.56 10
0.57 7
0.58 13
0.59 8
0.6 14
0.61 12
0.62 13
0.63 13
0.64 10
0.65 9
0.66 8
0.67 7
0.68 6
0.69 8
0.7 6
0.71 4
0.72 7
0.73 8
0.74 6
0.75 10
0.76 8
0.77 8
0.78 10
0.79 8
0.8 7
0.81 6
0.82 9
0.83 7
0.84 8
0.85 6
0.86 9
0.87 6
0.88 7
0.89 10
0.9 6
0.91 9
0.92 11
0.93 8
0.94 7
0.95 8
0.96 7
0.97 7
0.98 10
0.99 8
1 6
