1
0.962727
0.91727
0.865114
0.812128
0.764671
0.720933
0.675309
0.621385
0.553359
0.475784
0.407358
0.341904
0.263003
0.165114
0.0866811
0.0235132
-0.0474903
-0.131506
-0.203773
-0.263915
-0.32893
-0.407487
-0.484545
-0.546945
-0.60738
-0.675744
-0.751388
-0.818079
-0.87491
-0.931657
-0.995102
-1.06328
-1.12132
-1.1666
-1.2064
-1.24645
-1.29049
-1.33942
-1.38835
-1.43199
-1.47179
-1.51198
-1.55682
-1.60961
-1.66929
-1.7258
-1.77255
-1.81204
-1.84817
-1.8836
-1.91978
-1.95692
-1.9936
-2.02734
-2.05647
-2.08077
-2.10088
-2.11763
-2.13176
-2.14386
-2.15439
-2.16368
-2.17197
-2.17947
-2.18632
-2.19264
-2.19851
-2.204
-2.20919
-2.2141
-2.21878
-2.22327
-2.22759
-2.23176
-2.2358
-2.23973
-2.24357
-2.24731
-2.25099
-2.25459
-2.25812
-2.2616
-2.26502
-2.26839
-2.27172
-2.27499
-2.27823
-2.28142
-2.28457
-2.28768
-2.29075
-2.29379
-2.29679
-2.29975
-2.30268
-2.30557
-2.30843
-2.31124
-2.31403
-2.31677
