1
0.974238
0.944914
0.912373
0.877771
0.843116
0.810454
0.779953
0.750257
0.719327
0.684654
0.64321
0.592035
0.53167
0.472116
0.419135
0.366387
0.305035
0.228867
0.15077
0.0921567
0.0416042
-0.0122603
-0.0747553
-0.139419
-0.192983
-0.237483
-0.279791
-0.32488
-0.374904
-0.426403
-0.472141
-0.51076
-0.544896
-0.577279
-0.609935
-0.644222
-0.680635
-0.718263
-0.754948
-0.789434
-0.821956
-0.853626
-0.88584
-0.919954
-0.956952
-0.99677
-1.03731
-1.07457
-1.10635
-1.13315
-1.15639
-1.1774
-1.19721
-1.21664
-1.23631
-1.25671
-1.27814
-1.30068
-1.32403
-1.3475
-1.37037
-1.3922
-1.4129
-1.4326
-1.4516
-1.47023
-1.48884
-1.5078
-1.52741
-1.54796
-1.56962
-1.59239
-1.61601
-1.63988
-1.66307
-1.68466
-1.70414
-1.72136
-1.73644
-1.74961
-1.76115
-1.7713
-1.7803
-1.78833
-1.79555
-1.80207
-1.80802
-1.81347
-1.81849
-1.82314
-1.82748
-1.83153
-1.83534
-1.83893
-1.84233
-1.84555
-1.84863
-1.85157
-1.85439
-1.85709
