1
0.950485
0.886306
0.812425
0.74483
0.683559
0.614864
0.525109
0.423375
0.340258
0.24789
0.12844
0.0378665
-0.0417646
-0.140893
-0.235435
-0.308324
-0.389703
-0.486244
-0.564209
-0.631415
-0.707229
-0.79341
-0.866505
-0.929487
-0.997353
-1.07476
-1.14465
-1.19693
-1.24255
-1.29017
-1.34439
-1.40261
-1.45509
-1.50029
-1.54425
-1.59328
-1.65176
-1.71606
-1.77212
-1.81691
-1.85625
-1.89489
-1.93541
-1.97765
-2.01787
-2.05272
-2.08254
-2.10931
-2.13494
-2.16094
-2.18845
-2.21824
-2.25046
-2.28424
-2.31769
-2.34911
-2.37765
-2.40328
-2.42638
-2.44749
-2.46707
-2.48554
-2.50321
-2.52031
-2.537
-2.55338
-2.56949
-2.58529
-2.60068
-2.61553
-2.62976
-2.64327
-2.65603
-2.668
-2.67918
-2.68958
-2.69923
-2.70816
-2.71642
-2.72405
-2.73111
-2.73764
-2.74368
-2.74928
-2.75448
-2.75931
-2.76381
-2.768
-2.77191
-2.77557
-2.779
-2.78221
-2.78522
-2.78806
-2.79073
-2.79325
-2.79562
-2.79787
-2.79999
-2.802
