1
0.974912
0.946518
0.915161
0.881914
0.848636
0.817455
0.789021
0.762567
0.736761
0.710109
0.680996
0.647679
0.608561
0.563344
0.515388
0.469937
0.427201
0.38347
0.333713
0.272909
0.201746
0.138536
0.093035
0.0570432
0.0242338
-0.00881925
-0.0438967
-0.0810489
-0.118072
-0.152547
-0.183899
-0.212987
-0.241194
-0.269951
-0.30055
-0.333887
-0.369894
-0.406737
-0.441364
-0.472148
-0.499203
-0.523387
-0.545622
-0.566674
-0.587142
-0.607479
-0.628018
-0.648961
-0.670355
-0.692057
-0.713705
-0.734798
-0.754933
-0.773867
-0.791514
-0.807905
-0.823142
-0.837364
-0.850718
-0.863346
-0.875381
-0.886939
-0.898122
-0.909017
-0.919695
-0.930213
-0.940617
-0.950934
-0.961182
-0.971361
-0.981459
-0.99145
-1.0013
-1.01095
-1.02035
-1.02944
-1.03816
-1.04648
-1.0544
-1.06189
-1.06897
-1.07564
-1.08192
-1.08783
-1.09338
-1.0986
-1.10351
-1.10812
-1.11247
-1.11657
-1.12043
-1.12408
-1.12753
-1.13079
-1.13389
-1.13682
-1.13961
-1.14225
-1.14477
-1.14718
