1
0.974238
0.944914
0.912373
0.877771
0.843116
0.810454
0.779953
0.750257
0.719327
0.684654
0.64321
0.592035
0.53167
0.472116
0.419135
0.366387
0.305035
0.228867
0.15077
0.0921567
0.0416042
-0.0122603
-0.0747553
-0.139419
-0.192983
-0.237483
-0.279791
-0.32488
-0.374904
-0.426403
-0.472137
-0.510743
-0.544849
-0.577187
-0.609785
-0.644009
-0.680371
-0.717981
-0.754663
-0.789048
-0.821203
-0.852059
-0.882815
-0.914614
-0.948295
-0.98401
-1.02065
-1.05561
-1.08651
-1.11298
-1.13588
-1.15626
-1.17507
-1.19306
-1.21082
-1.22888
-1.24764
-1.26741
-1.28833
-1.31027
-1.33275
-1.35502
-1.37644
-1.39661
-1.41543
-1.43297
-1.44943
-1.46502
-1.47996
-1.49446
-1.5087
-1.52282
-1.53696
-1.55122
-1.56565
-1.58029
-1.5951
-1.61003
-1.62493
-1.63964
-1.65394
-1.66762
-1.68053
-1.6926
-1.70379
-1.71411
-1.72359
-1.73229
-1.74027
-1.74759
-1.75431
-1.7605
-1.76621
-1.77148
-1.77636
-1.78089
-1.78511
-1.78904
-1.79272
-1.79616
