1
0.980087
0.958263
0.934664
0.909658
0.883876
0.85816
0.833415
0.810058
0.787923
0.766485
0.745036
0.722753
0.698693
0.671784
0.640876
0.605067
0.564575
0.522145
0.481845
0.44458
0.408413
0.370364
0.327051
0.275359
0.215849
0.159626
0.116971
0.0853317
0.0599945
0.0380631
0.0179236
-0.00135603
-0.0203219
-0.0392612
-0.0582482
-0.0771559
-0.0956601
-0.113387
-0.13002
-0.145369
-0.159356
-0.172
-0.183375
-0.19359
-0.202763
-0.211012
-0.218448
-0.22517
-0.231267
-0.236813
-0.241877
-0.246514
-0.250775
-0.254701
-0.25833
-0.261693
-0.264818
-0.267729
-0.270446
-0.272988
-0.275372
-0.27761
-0.279717
-0.281703
-0.283579
-0.285352
-0.287031
-0.288624
-0.290136
-0.291574
-0.292942
-0.294246
-0.29549
-0.296677
-0.297812
-0.298898
-0.299937
-0.300933
-0.301888
-0.302805
-0.303685
-0.304531
-0.305344
-0.306127
-0.306881
-0.307607
-0.308307
-0.308982
-0.309634
-0.310263
-0.31087
-0.311457
-0.312025
-0.312574
-0.313105
-0.313619
-0.314117
-0.314599
-0.315067
-0.31552
