1
0.974143
0.944702
0.912044
0.877365
0.842703
0.810063
0.779461
0.74935
0.717434
0.680778
0.635679
0.578617
0.511975
0.449506
0.39225
0.329411
0.250421
0.161801
0.095258
0.0378325
-0.0265877
-0.102888
-0.1732
-0.230558
-0.288218
-0.356707
-0.434617
-0.501899
-0.56003
-0.620528
-0.68994
-0.762766
-0.824738
-0.879
-0.934159
-0.995545
-1.06047
-1.11587
-1.15962
-1.19783
-1.23561
-1.27648
-1.3221
-1.36987
-1.41402
-1.45367
-1.49202
-1.53303
-1.58036
-1.63593
-1.69503
-1.7471
-1.7897
-1.82622
-1.85985
-1.89259
-1.92546
-1.95856
-1.99093
-2.02103
-2.04767
-2.07048
-2.08975
-2.10599
-2.11976
-2.13154
-2.14172
-2.15062
-2.15846
-2.16545
-2.17172
-2.17739
-2.18255
-2.18729
-2.19165
-2.19569
-2.19945
-2.20297
-2.20627
-2.20937
-2.21231
-2.21509
-2.21774
-2.22026
-2.22267
-2.22498
-2.2272
-2.22933
-2.23139
-2.23337
-2.23529
-2.23715
-2.23896
-2.24072
-2.24243
-2.24409
-2.24572
-2.2473
-2.24886
-2.25038
