1
0.974912
0.946518
0.915161
0.881914
0.848636
0.817455
0.789021
0.762568
0.736765
0.710115
0.681007
0.647697
0.608588
0.563379
0.515424
0.469975
0.427267
0.38362
0.334036
0.273511
0.202619
0.139676
0.0958304
0.0634325
0.0363304
0.0114509
-0.0128257
-0.0373723
-0.0625184
-0.0880522
-0.113346
-0.137822
-0.161238
-0.183695
-0.205554
-0.227351
-0.249744
-0.273476
-0.299325
-0.327961
-0.359605
-0.393438
-0.427185
-0.458515
-0.486498
-0.511352
-0.53374
-0.554352
-0.573764
-0.592424
-0.610669
-0.628739
-0.646784
-0.664865
-0.682938
-0.70086
-0.718341
-0.735054
-0.750723
-0.765183
-0.778374
-0.790317
-0.801086
-0.81078
-0.819508
-0.827378
-0.834491
-0.840939
-0.846801
-0.852148
-0.857042
-0.861536
-0.865674
-0.869496
-0.873038
-0.876327
-0.879391
-0.882251
-0.884927
-0.887437
-0.889795
-0.892015
-0.894109
-0.896088
-0.89796
-0.899735
-0.901419
-0.903021
-0.904545
-0.905997
-0.907383
-0.908707
-0.909972
-0.911184
-0.912344
-0.913457
-0.914526
-0.915552
-0.916539
-0.917489
