1
0.980202
0.95851
0.935048
0.910162
0.884459
0.858764
0.833999
0.810661
0.7887
0.767722
0.74717
0.726412
0.704768
0.681515
0.655913
0.627314
0.595464
0.561037
0.526113
0.492871
0.461626
0.431175
0.3996
0.364542
0.323254
0.273378
0.216486
0.163492
0.122733
0.0918679
0.0668195
0.0449779
0.0248408
0.00552193
-0.0135052
-0.0325205
-0.0515986
-0.0706211
-0.089279
-0.107177
-0.123987
-0.139508
-0.15366
-0.166457
-0.177972
-0.188315
-0.197606
-0.205963
-0.213498
-0.220311
-0.226492
-0.232118
-0.237256
-0.241964
-0.246291
-0.250281
-0.253971
-0.257392
-0.260572
-0.263536
-0.266305
-0.268898
-0.27133
-0.273616
-0.275769
-0.2778
-0.279719
-0.281535
-0.283256
-0.28489
-0.286442
-0.287919
-0.289326
-0.290667
-0.291948
-0.293172
-0.294343
-0.295464
-0.296539
-0.297569
-0.298558
-0.299508
-0.300421
-0.3013
-0.302145
-0.30296
-0.303745
-0.304502
-0.305233
-0.305938
-0.306619
-0.307278
-0.307914
-0.30853
-0.309127
-0.309704
-0.310263
-0.310805
-0.31133
-0.311839
