1
0.974238
0.944914
0.912373
0.877771
0.843116
0.810454
0.779953
0.750257
0.719327
0.684654
0.64321
0.592035
0.53167
0.472116
0.419135
0.366387
0.305035
0.228867
0.15077
0.0921567
0.0416042
-0.0122603
-0.0747553
-0.139419
-0.192983
-0.237483
-0.279791
-0.32488
-0.374904
-0.426403
-0.472141
-0.510761
-0.544897
-0.57728
-0.609937
-0.644225
-0.680639
-0.718267
-0.754953
-0.789448
-0.821998
-0.853724
-0.886032
-0.920282
-0.95744
-0.997398
-1.03799
-1.07527
-1.10741
-1.13525
-1.16046
-1.18459
-1.20903
-1.23501
-1.26353
-1.29499
-1.32841
-1.3613
-1.39219
-1.42158
-1.45113
-1.48294
-1.51929
-1.5623
-1.61234
-1.66453
-1.71071
-1.74811
-1.7786
-1.80454
-1.8276
-1.84883
-1.8689
-1.88818
-1.90684
-1.92492
-1.94228
-1.95872
-1.97405
-1.98817
-2.00105
-2.01273
-2.0233
-2.03284
-2.04147
-2.04928
-2.05638
-2.06283
-2.06872
-2.07412
-2.07908
-2.08365
-2.08787
-2.09178
-2.09542
-2.0988
-2.10197
-2.10493
-2.10771
-2.11033
