1
0.974238
0.944914
0.912373
0.877771
0.843116
0.810454
0.779953
0.750257
0.719327
0.684654
0.64321
0.592035
0.53167
0.472116
0.419135
0.366387
0.305035
0.228867
0.15077
0.0921567
0.0416042
-0.0122603
-0.0747553
-0.139419
-0.192983
-0.237483
-0.279791
-0.32488
-0.374904
-0.426403
-0.472137
-0.510743
-0.544849
-0.577187
-0.609785
-0.644009
-0.680371
-0.717981
-0.754663
-0.789049
-0.821205
-0.852064
-0.882826
-0.914631
-0.948322
-0.984045
-1.02069
-1.05565
-1.08654
-1.11302
-1.13594
-1.15636
-1.17523
-1.1933
-1.21118
-1.22939
-1.24833
-1.26833
-1.28953
-1.31178
-1.33459
-1.35722
-1.37912
-1.40001
-1.41991
-1.43901
-1.4576
-1.47602
-1.4946
-1.51367
-1.53353
-1.55441
-1.57644
-1.59954
-1.62332
-1.64707
-1.66978
-1.69068
-1.70939
-1.72585
-1.74025
-1.75283
-1.76387
-1.77361
-1.78226
-1.79
-1.79697
-1.80329
-1.80906
-1.81436
-1.81925
-1.82379
-1.82802
-1.83199
-1.83572
-1.83925
-1.84258
-1.84576
-1.84879
-1.85168
