1
0.974238
0.944914
0.912373
0.877771
0.843116
0.810454
0.779953
0.750257
0.719327
0.684654
0.64321
0.592035
0.53167
0.472116
0.419135
0.366387
0.305035
0.228867
0.15077
0.0921567
0.0416042
-0.0122603
-0.0747553
-0.139419
-0.192983
-0.237483
-0.279791
-0.32488
-0.374904
-0.426403
-0.472141
-0.510761
-0.544897
-0.57728
-0.609937
-0.644225
-0.680639
-0.718267
-0.754953
-0.789446
-0.82199
-0.853705
-0.885994
-0.920217
-0.957343
-0.997272
-1.03786
-1.07515
-1.10729
-1.13509
-1.16018
-1.1841
-1.20818
-1.23363
-1.26138
-1.29186
-1.32421
-1.35605
-1.38557
-1.41282
-1.43893
-1.46539
-1.49374
-1.52551
-1.56192
-1.60309
-1.64634
-1.68684
-1.72156
-1.7505
-1.77487
-1.79591
-1.8146
-1.83158
-1.84734
-1.86218
-1.87634
-1.88996
-1.90314
-1.91593
-1.92835
-1.94038
-1.95198
-1.96307
-1.97363
-1.98363
-1.99306
-2.00192
-2.01024
-2.01802
-2.02531
-2.03213
-2.03851
-2.04448
-2.05007
-2.05531
-2.06023
-2.06486
-2.06921
-2.0733
