1
0.974238
0.944914
0.912373
0.877771
0.843116
0.810454
0.779953
0.750257
0.719327
0.684654
0.64321
0.592035
0.53167
0.472116
0.419135
0.366387
0.305035
0.228867
0.15077
0.0921567
0.0416042
-0.0122603
-0.0747553
-0.139419
-0.192983
-0.237483
-0.279791
-0.32488
-0.374904
-0.426403
-0.472141
-0.51076
-0.544896
-0.577279
-0.609935
-0.644222
-0.680635
-0.718263
-0.754948
-0.789434
-0.821957
-0.853627
-0.885841
-0.919956
-0.956954
-0.996773
-1.03732
-1.07458
-1.10638
-1.13326
-1.15663
-1.17783
-1.19791
-1.21765
-1.23769
-1.25849
-1.28032
-1.30321
-1.32677
-1.35026
-1.37305
-1.39491
-1.41599
-1.43674
-1.45772
-1.47964
-1.50329
-1.52955
-1.55935
-1.59337
-1.63144
-1.67154
-1.71003
-1.74434
-1.77385
-1.79915
-1.82114
-1.84061
-1.85822
-1.87442
-1.88955
-1.90386
-1.91753
-1.93067
-1.94336
-1.95564
-1.96749
-1.97888
-1.9898
-2.00022
-2.01016
-2.01959
-2.02852
-2.03695
-2.0449
-2.05238
-2.0594
-2.066
-2.07219
-2.078
