1
0.980785
0.959877
0.937435
0.913831
0.889685
0.865836
0.843313
0.822971
0.80514
0.78976
0.776567
0.76524
0.755469
0.746984
0.739564
0.733027
0.727227
0.722046
0.717391
0.713183
0.709361
0.705871
0.702671
0.699725
0.697003
0.69448
0.692132
0.689942
0.687894
0.685973
0.684168
0.682467
0.680862
0.679344
0.677906
0.676542
0.675245
0.67401
0.672834
0.67171
0.670637
0.66961
0.668626
0.667683
0.666777
0.665907
0.665071
0.664265
0.663489
0.662741
0.66202
0.661323
0.660649
0.659998
0.659368
0.658757
0.658166
0.657593
0.657038
0.656498
0.655975
0.655466
0.654972
0.654491
0.654023
0.653568
0.653125
0.652693
0.652272
0.651862
0.651463
0.651072
0.650692
0.65032
0.649957
0.649603
0.649256
0.648918
0.648587
0.648263
0.647946
0.647636
0.647332
0.647035
0.646744
0.646459
0.64618
0.645906
0.645638
0.645374
0.645116
0.644863
0.644615
0.644371
0.644131
0.643897
0.643666
0.643439
0.643217
0.642998
