1
0.950485
0.886306
0.812425
0.744829
0.683555
0.614852
0.525086
0.423354
0.340208
0.247678
0.127866
0.0361773
-0.0472579
-0.153135
-0.250385
-0.330154
-0.42701
-0.531894
-0.610696
-0.694528
-0.794765
-0.879577
-0.955514
-1.04458
-1.13902
-1.20951
-1.27076
-1.33721
-1.41108
-1.4789
-1.53368
-1.58454
-1.64018
-1.70448
-1.77036
-1.82565
-1.86941
-1.90783
-1.9454
-1.98423
-2.02309
-2.05898
-2.08936
-2.11391
-2.13425
-2.15225
-2.16938
-2.18675
-2.20516
-2.22517
-2.24694
-2.27012
-2.29366
-2.31645
-2.33772
-2.3571
-2.37456
-2.39026
-2.40443
-2.41734
-2.4292
-2.44023
-2.45058
-2.46038
-2.46973
-2.47868
-2.48727
-2.49549
-2.50332
-2.51072
-2.51767
-2.52417
-2.53023
-2.53585
-2.54106
-2.54588
-2.55035
-2.55448
-2.55831
-2.56187
-2.56519
-2.56828
-2.57118
-2.57389
-2.57644
-2.57885
-2.58112
-2.58327
-2.58532
-2.58727
-2.58913
-2.59092
-2.59263
-2.59428
-2.59586
-2.59739
-2.59887
-2.60031
-2.6017
-2.60305
