1
0.961745
0.914738
0.860615
0.805914
0.756619
0.709306
0.6566
0.589866
0.504653
0.421766
0.347626
0.258853
0.146118
0.0618956
-0.0123087
-0.102873
-0.194247
-0.263779
-0.335891
-0.423871
-0.506789
-0.572917
-0.640284
-0.71831
-0.796547
-0.860439
-0.919995
-0.985609
-1.05891
-1.12423
-1.17435
-1.21779
-1.2616
-1.31014
-1.3637
-1.41554
-1.46084
-1.50274
-1.54642
-1.59672
-1.65611
-1.71814
-1.7708
-1.81383
-1.85214
-1.8894
-1.92765
-1.96713
-2.00565
-2.04006
-2.06917
-2.09374
-2.11506
-2.13425
-2.1522
-2.16953
-2.18671
-2.2041
-2.2219
-2.24022
-2.25904
-2.27815
-2.29724
-2.31596
-2.33399
-2.35108
-2.36708
-2.38195
-2.39569
-2.40836
-2.42003
-2.4308
-2.44074
-2.44994
-2.45849
-2.46644
-2.47387
-2.48083
-2.48736
-2.49352
-2.49933
-2.50483
-2.51005
-2.51502
-2.51976
-2.52429
-2.52862
-2.53278
-2.53678
-2.54063
-2.54434
-2.54793
-2.5514
-2.55477
-2.55804
-2.56122
-2.56432
-2.56734
-2.57029
-2.57316
