1
0.962723
0.91726
0.8651
0.812113
0.764656
0.720902
0.675232
0.621209
0.55301
0.475244
0.406299
0.339036
0.255875
0.152865
0.0746916
0.00774757
-0.0713293
-0.159321
-0.228094
-0.291259
-0.365463
-0.450094
-0.520254
-0.581834
-0.648676
-0.725396
-0.797783
-0.857479
-0.914412
-0.9771
-1.04632
-1.10794
-1.1554
-1.19599
-1.23606
-1.27972
-1.3284
-1.3778
-1.42207
-1.46219
-1.50244
-1.54731
-1.60049
-1.66106
-1.71806
-1.76472
-1.80431
-1.84116
-1.87806
-1.91634
-1.95541
-1.99236
-2.02442
-2.05112
-2.07332
-2.09217
-2.1086
-2.12335
-2.13692
-2.1497
-2.16198
-2.17396
-2.18578
-2.19755
-2.20931
-2.22104
-2.2327
-2.24418
-2.25536
-2.26613
-2.2764
-2.28611
-2.29523
-2.30375
-2.31168
-2.31905
-2.32588
-2.33222
-2.33809
-2.34355
-2.34861
-2.35333
-2.35772
-2.36182
-2.36565
-2.36924
-2.3726
-2.37577
-2.37875
-2.38156
-2.38421
-2.38672
-2.3891
-2.39136
-2.39351
-2.39555
-2.39749
-2.39935
-2.40112
-2.40282
