1
0.974912
0.946518
0.915161
0.881914
0.848636
0.817455
0.789021
0.762568
0.736765
0.710115
0.681007
0.647697
0.608588
0.563379
0.515424
0.469975
0.427268
0.383623
0.334041
0.273521
0.202633
0.139691
0.0959012
0.0636233
0.0366867
0.0120056
-0.0120508
-0.0363712
-0.0613068
-0.0866646
-0.111784
-0.13593
-0.158589
-0.179533
-0.198778
-0.216489
-0.232906
-0.248294
-0.262906
-0.276977
-0.290714
-0.304294
-0.317856
-0.331503
-0.34529
-0.35922
-0.373243
-0.387268
-0.401209
-0.415011
-0.428656
-0.44216
-0.455562
-0.468918
-0.4823
-0.495783
-0.509448
-0.523374
-0.537642
-0.552324
-0.567486
-0.583176
-0.599417
-0.616196
-0.633448
-0.651043
-0.668778
-0.686378
-0.70351
-0.719823
-0.735061
-0.749089
-0.761872
-0.773447
-0.783894
-0.793315
-0.801816
-0.809501
-0.816466
-0.822797
-0.828569
-0.833851
-0.838698
-0.84316
-0.847282
-0.851099
-0.854645
-0.857948
-0.861032
-0.863918
-0.866625
-0.86917
-0.871567
-0.87383
-0.875968
-0.877994
-0.879916
-0.881741
-0.883478
-0.885132
