1
0.962723
0.91726
0.8651
0.812113
0.764656
0.720902
0.675232
0.621209
0.55301
0.475244
0.406299
0.339036
0.255875
0.152865
0.0746916
0.00774757
-0.0713293
-0.159321
-0.228094
-0.291259
-0.365463
-0.450094
-0.520261
-0.58187
-0.648758
-0.72551
-0.797923
-0.858054
-0.916278
-0.981422
-1.05383
-1.11758
-1.16695
-1.21025
-1.25425
-1.30319
-1.3572
-1.40917
-1.45457
-1.49678
-1.54108
-1.59233
-1.6527
-1.71476
-1.76679
-1.80952
-1.84792
-1.88554
-1.9243
-1.96417
-2.00266
-2.03657
-2.06511
-2.08924
-2.11027
-2.12931
-2.14722
-2.1646
-2.18191
-2.19949
-2.21753
-2.23613
-2.25524
-2.27463
-2.29397
-2.31286
-2.331
-2.34814
-2.36416
-2.37902
-2.39275
-2.4054
-2.41706
-2.42782
-2.43777
-2.44699
-2.45555
-2.46354
-2.47101
-2.47801
-2.48459
-2.4908
-2.49667
-2.50224
-2.50753
-2.51256
-2.51737
-2.52197
-2.52638
-2.53061
-2.53468
-2.5386
-2.54239
-2.54605
-2.5496
-2.55304
-2.55639
-2.55964
-2.56281
-2.56591
