1
0.980017
0.958121
0.934437
0.909314
0.883361
0.857413
0.832403
0.808837
0.786673
0.765522
0.744827
0.723962
0.702254
0.678987
0.65343
0.624945
0.593281
0.559101
0.524494
0.491823
0.461648
0.433003
0.404259
0.373541
0.338823
0.29823
0.251345
0.202236
0.159528
0.127067
0.103175
0.0852014
0.0712092
0.0599592
0.0506644
0.0428107
0.036051
0.030143
0.0249125
0.020231
0.0160014
0.0121491
0.0086154
0.00535377
0.00232655
-0.000496988
-0.00314225
-0.00563042
-0.00797933
-0.0102041
-0.0123177
-0.0143313
-0.0162546
-0.0180958
-0.0198626
-0.0215612
-0.0231976
-0.0247767
-0.0263032
-0.0277811
-0.0292141
-0.0306056
-0.0319585
-0.0332756
-0.0345593
-0.0358118
-0.0370354
-0.0382318
-0.0394029
-0.0405502
-0.0416752
-0.0427794
-0.0438639
-0.04493
-0.0459788
-0.0470113
-0.0480285
-0.0490312
-0.0500205
-0.0509969
-0.0519613
-0.0529145
-0.0538569
-0.0547894
-0.0557122
-0.0566259
-0.057531
-0.0584277
-0.0593165
-0.0601977
-0.0610717
-0.0619389
-0.0627994
-0.0636537
-0.0645021
-0.0653447
-0.0661818
-0.0670138
-0.0678408
-0.0686632
