1
0.973945
0.94431
0.911447
0.876521
0.841567
0.808705
0.778193
0.748754
0.718429
0.684838
0.645151
0.596603
0.539401
0.482363
0.432323
0.38448
0.331183
0.265897
0.191312
0.128731
0.0802514
0.035523
-0.0124058
-0.0668466
-0.123731
-0.174046
-0.217137
-0.25703
-0.297382
-0.340598
-0.386934
-0.432691
-0.47273
-0.506296
-0.535346
-0.562073
-0.588246
-0.615224
-0.643945
-0.674702
-0.706736
-0.738467
-0.768809
-0.797563
-0.825156
-0.852271
-0.879612
-0.907764
-0.937048
-0.967302
-0.997661
-1.02654
-1.05244
-1.07488
-1.09414
-1.11082
-1.12554
-1.13878
-1.15096
-1.16239
-1.1733
-1.1839
-1.19435
-1.20478
-1.2153
-1.22601
-1.23697
-1.24823
-1.25981
-1.27168
-1.28378
-1.29598
-1.30816
-1.32015
-1.33181
-1.343
-1.35365
-1.3637
-1.37311
-1.38189
-1.39005
-1.39763
-1.40466
-1.41117
-1.41721
-1.42282
-1.42804
-1.4329
-1.43743
-1.44167
-1.44563
-1.44935
-1.45284
-1.45613
-1.45923
-1.46215
-1.46492
-1.46754
-1.47003
-1.47239
