1
0.956486
0.900437
0.836242
0.777463
0.72308
0.660176
0.576247
0.479891
0.398892
0.305702
0.1817
0.0825851
-0.00298202
-0.109564
-0.2124
-0.297303
-0.398509
-0.511477
-0.594443
-0.677695
-0.777211
-0.86361
-0.933564
-1.00872
-1.09404
-1.16334
-1.21674
-1.27043
-1.3336
-1.40218
-1.4602
-1.5119
-1.56717
-1.63181
-1.6986
-1.75287
-1.79763
-1.83959
-1.8825
-1.92684
-1.96978
-2.00812
-2.04119
-2.07008
-2.09609
-2.12023
-2.1433
-2.16591
-2.18842
-2.21094
-2.23345
-2.25585
-2.27798
-2.29962
-2.32064
-2.34105
-2.36089
-2.38025
-2.3992
-2.41781
-2.43614
-2.45426
-2.4722
-2.48998
-2.50763
-2.52513
-2.54243
-2.55949
-2.57621
-2.59247
-2.60812
-2.62303
-2.63712
-2.65036
-2.66275
-2.6743
-2.68504
-2.69502
-2.70429
-2.7129
-2.72091
-2.72835
-2.73529
-2.74176
-2.7478
-2.75345
-2.75874
-2.7637
-2.76837
-2.77276
-2.77689
-2.7808
-2.78448
-2.78797
-2.79128
-2.79442
-2.7974
-2.80024
-2.80294
-2.80551
