1
0.980062
0.958219
0.934592
0.909521
0.883607
0.857674
0.832657
0.809084
0.786945
0.765884
0.74538
0.724846
0.703657
0.681159
0.65669
0.629666
0.599807
0.56757
0.534656
0.503706
0.47642
0.453059
0.433079
0.415736
0.400356
0.3864
0.373454
0.361199
0.349388
0.337831
0.326381
0.314935
0.303425
0.291829
0.280169
0.268511
0.256975
0.245699
0.234818
0.224438
0.214634
0.205444
0.196882
0.188938
0.181586
0.174794
0.168522
0.162728
0.157373
0.152417
0.147824
0.143561
0.139596
0.135903
0.132456
0.129233
0.126213
0.12338
0.120716
0.118208
0.115842
0.113607
0.111492
0.109489
0.107588
0.105782
0.104064
0.102427
0.100867
0.0993775
0.0979541
0.0965924
0.0952885
0.0940387
0.0928398
0.0916886
0.0905824
0.0895185
0.0884945
0.0875082
0.0865576
0.0856407
0.0847557
0.083901
0.0830751
0.0822765
0.0815038
0.0807559
0.0800315
0.0793296
0.0786491
0.077989
0.0773485
0.0767266
0.0761227
0.0755358
0.0749653
0.0744106
0.073871
0.0733458
