1
0.974436
0.945496
0.913526
0.879617
0.845667
0.813867
0.784923
0.758107
0.732109
0.705456
0.67656
0.643713
0.605358
0.561223
0.514637
0.470809
0.42985
0.387908
0.339803
0.280326
0.209921
0.147137
0.103793
0.0725745
0.0472833
0.0247433
0.00322443
-0.0182762
-0.040259
-0.0627337
-0.0853196
-0.107546
-0.129078
-0.149766
-0.169622
-0.188754
-0.207319
-0.225482
-0.243402
-0.261213
-0.27903
-0.296934
-0.314976
-0.333164
-0.351464
-0.369788
-0.388003
-0.405908
-0.423307
-0.440071
-0.456136
-0.4715
-0.486205
-0.500328
-0.51397
-0.527244
-0.54027
-0.553175
-0.566084
-0.579118
-0.592394
-0.606013
-0.620053
-0.634556
-0.649513
-0.664845
-0.680394
-0.695918
-0.711108
-0.725639
-0.739268
-0.751861
-0.763372
-0.773824
-0.783281
-0.791826
-0.799553
-0.80655
-0.812901
-0.818683
-0.823962
-0.828798
-0.833242
-0.837339
-0.841126
-0.844638
-0.847904
-0.850948
-0.853793
-0.856459
-0.858962
-0.861317
-0.863537
-0.865634
-0.867619
-0.8695
-0.871286
-0.872984
-0.874601
-0.876143
