1
0.964548
0.921536
0.872449
0.822857
0.778635
0.737751
0.694598
0.64281
0.576671
0.500774
0.432661
0.364018
0.27652
0.166663
0.0829718
0.0119882
-0.0710194
-0.163454
-0.23694
-0.305022
-0.384176
-0.472908
-0.543859
-0.603148
-0.666008
-0.738286
-0.807091
-0.864423
-0.919456
-0.980192
-1.04696
-1.10538
-1.15099
-1.19205
-1.23505
-1.284
-1.33877
-1.39189
-1.43855
-1.48191
-1.52711
-1.57887
-1.63923
-1.70071
-1.75162
-1.79286
-1.82967
-1.86578
-1.90327
-1.94228
-1.98049
-2.01475
-2.04396
-2.06875
-2.09019
-2.10925
-2.12664
-2.1429
-2.1584
-2.17342
-2.18814
-2.20271
-2.21719
-2.23161
-2.24593
-2.26009
-2.27393
-2.28732
-2.30011
-2.31221
-2.32357
-2.33416
-2.344
-2.35312
-2.36154
-2.36933
-2.37652
-2.38317
-2.38932
-2.39502
-2.40032
-2.40524
-2.40983
-2.41411
-2.41812
-2.42187
-2.42539
-2.4287
-2.43183
-2.43477
-2.43755
-2.44019
-2.44268
-2.44505
-2.44731
-2.44945
-2.4515
-2.45345
-2.45531
-2.4571
