1
0.973945
0.94431
0.911446
0.87652
0.841566
0.808704
0.778188
0.748736
0.718386
0.68475
0.644996
0.596363
0.539105
0.482081
0.431831
0.38311
0.327742
0.258668
0.180302
0.116558
0.0654373
0.0149741
-0.0423067
-0.106959
-0.166755
-0.216232
-0.260964
-0.306475
-0.356089
-0.409234
-0.458963
-0.500164
-0.534374
-0.564804
-0.594046
-0.623948
-0.655659
-0.689335
-0.723664
-0.756772
-0.787795
-0.816928
-0.844906
-0.872587
-0.900744
-0.929928
-0.960278
-0.991272
-1.02157
-1.04947
-1.07412
-1.09571
-1.11487
-1.13228
-1.14855
-1.16421
-1.17966
-1.19529
-1.21142
-1.22832
-1.24624
-1.26532
-1.28554
-1.30665
-1.32812
-1.34932
-1.36969
-1.38888
-1.40671
-1.42319
-1.43842
-1.45252
-1.46567
-1.478
-1.48967
-1.50078
-1.51145
-1.52176
-1.53179
-1.54159
-1.55122
-1.5607
-1.57007
-1.57935
-1.58852
-1.5976
-1.60657
-1.6154
-1.62407
-1.63254
-1.64078
-1.64875
-1.65642
-1.66379
-1.67083
-1.67755
-1.68396
-1.69004
-1.69582
-1.70131
