1
0.973945
0.94431
0.911447
0.876521
0.841567
0.808705
0.778193
0.748754
0.718429
0.684838
0.645151
0.596603
0.539401
0.482363
0.432323
0.38448
0.331183
0.265897
0.191311
0.128726
0.0802168
0.0354307
-0.0125794
-0.0670934
-0.123975
-0.174348
-0.217942
-0.259078
-0.301692
-0.348392
-0.398966
-0.447873
-0.489524
-0.524288
-0.554929
-0.583971
-0.613312
-0.64425
-0.677278
-0.711585
-0.745245
-0.776979
-0.806659
-0.834885
-0.862489
-0.890273
-0.918862
-0.948549
-0.979064
-1.00937
-1.03775
-1.06292
-1.08468
-1.1035
-1.12006
-1.13496
-1.14872
-1.16173
-1.17432
-1.18677
-1.19931
-1.21215
-1.22547
-1.23944
-1.25415
-1.26968
-1.28598
-1.30287
-1.32011
-1.33735
-1.35431
-1.37074
-1.38649
-1.40149
-1.41571
-1.42919
-1.44199
-1.45418
-1.46584
-1.47703
-1.48785
-1.49834
-1.50856
-1.51856
-1.52839
-1.53808
-1.54764
-1.5571
-1.56646
-1.57573
-1.58489
-1.59394
-1.60285
-1.61158
-1.62012
-1.62842
-1.63647
-1.64423
-1.65168
-1.65882
