1
0.974435
0.945496
0.913526
0.879617
0.845667
0.813866
0.784923
0.758105
0.732104
0.705447
0.676545
0.643689
0.605323
0.561178
0.51459
0.47076
0.42977
0.387733
0.339432
0.279631
0.208874
0.145593
0.0998677
0.0637509
0.0309712
-0.00191383
-0.0367509
-0.0737242
-0.110865
-0.14601
-0.178659
-0.209599
-0.240077
-0.271371
-0.304595
-0.340439
-0.378591
-0.416972
-0.452276
-0.482908
-0.509224
-0.532343
-0.553407
-0.573372
-0.593003
-0.612911
-0.633553
-0.655192
-0.677811
-0.701015
-0.724129
-0.746558
-0.767921
-0.788065
-0.80701
-0.824879
-0.841838
-0.858057
-0.873694
-0.888885
-0.903737
-0.918334
-0.932726
-0.946937
-0.960961
-0.974767
-0.988295
-1.00147
-1.01418
-1.02632
-1.03779
-1.04856
-1.0586
-1.06793
-1.07658
-1.08459
-1.09199
-1.09884
-1.10518
-1.11106
-1.11652
-1.12159
-1.12631
-1.13071
-1.13483
-1.13869
-1.1423
-1.1457
-1.1489
-1.15191
-1.15476
-1.15745
-1.16001
-1.16243
-1.16473
-1.16692
-1.169
-1.17099
-1.17289
-1.1747
