0
-0.0605152
-0.12853
-0.2031
-0.281468
-0.358816
-0.42896
-0.488623
-0.53791
-0.578466
-0.612395
-0.641996
-0.66985
-0.69877
-0.730867
-0.764916
-0.796577
-0.824382
-0.849927
-0.876048
-0.905963
-0.940437
-0.970923
-0.991652
-1.00632
-1.01802
-1.02835
-1.03817
-1.04796
-1.05797
-1.06817
-1.07833
-1.08818
-1.09751
-1.10623
-1.11434
-1.12191
-1.12901
-1.13575
-1.14222
-1.1485
-1.15468
-1.16081
-1.16694
-1.17309
-1.17928
-1.18549
-1.19167
-1.19776
-1.20371
-1.20945
-1.21497
-1.22025
-1.22531
-1.23016
-1.23483
-1.23935
-1.24376
-1.24809
-1.25238
-1.25667
-1.26099
-1.26538
-1.26985
-1.27443
-1.27912
-1.28388
-1.28869
-1.29347
-1.29814
-1.30259
-1.30675
-1.3106
-1.3141
-1.31729
-1.32016
-1.32276
-1.3251
-1.32722
-1.32915
-1.3309
-1.33249
-1.33395
-1.3353
-1.33653
-1.33767
-1.33873
-1.33971
-1.34063
-1.34148
-1.34228
-1.34304
-1.34374
-1.34441
-1.34504
-1.34563
-1.34619
-1.34673
-1.34723
-1.34772
-1.34818
