0
-0.0608788
-0.12955
-0.205003
-0.284206
-0.361831
-0.431406
-0.490045
-0.538226
-0.577942
-0.612012
-0.644316
-0.679711
-0.719972
-0.756734
-0.786821
-0.815342
-0.848404
-0.885013
-0.910326
-0.927575
-0.943273
-0.960652
-0.976632
-0.988839
-0.999497
-1.01068
-1.02266
-1.03223
-1.03909
-1.0449
-1.0508
-1.05689
-1.06204
-1.06613
-1.0696
-1.07281
-1.07588
-1.07838
-1.07965
-1.07963
-1.07849
-1.07639
-1.07351
-1.07007
-1.06647
-1.06316
-1.06028
-1.05766
-1.05508
-1.05231
-1.04916
-1.04564
-1.0422
-1.03911
-1.03612
-1.03291
-1.02931
-1.02525
-1.02075
-1.01598
-1.0112
-1.00675
-1.00281
-0.999415
-0.996521
-0.994052
-0.991929
-0.990087
-0.988471
-0.987041
-0.985762
-0.984609
-0.983562
-0.982604
-0.981723
-0.980906
-0.980147
-0.979437
-0.978771
-0.978143
-0.97755
-0.976987
-0.976451
-0.97594
-0.975452
-0.974984
-0.974535
-0.974102
-0.973685
-0.973282
-0.972893
-0.972516
-0.972149
-0.971794
-0.971448
-0.971111
-0.970782
-0.970461
-0.970148
-0.969842
