0
-0.0710293
-0.159172
-0.253727
-0.324982
-0.369619
-0.403014
-0.440258
-0.47203
-0.495265
-0.521989
-0.543282
-0.550655
-0.554653
-0.558122
-0.55842
-0.556095
-0.552939
-0.549256
-0.54265
-0.53312
-0.524539
-0.516457
-0.505741
-0.491535
-0.477307
-0.464395
-0.449765
-0.431481
-0.409169
-0.386859
-0.368903
-0.352939
-0.335776
-0.315525
-0.294599
-0.277262
-0.26114
-0.2434
-0.222775
-0.199862
-0.177573
-0.15827
-0.141931
-0.127626
-0.114499
-0.10192
-0.0894513
-0.0768235
-0.063971
-0.0511075
-0.0386353
-0.0269609
-0.016405
-0.00714124
0.000803367
0.00748578
0.0129986
0.0174439
0.0209221
0.0235286
0.0253551
0.0264897
0.0270194
0.02703
0.0266062
0.0258313
0.0247833
0.0235365
0.0221616
0.0207203
0.0192508
0.0177798
0.0163262
0.0149029
0.0135178
0.0121754
0.0108774
0.00962391
0.00841392
0.0072457
0.00611717
0.00502602
0.00396994
0.00294663
0.00195388
0.000989593
5.18265e-05
-0.000861242
-0.00175129
-0.00261988
-0.00346843
-0.00429826
-0.00511057
-0.00590647
-0.00668699
-0.00745304
-0.00820551
-0.00894518
-0.00967279
-0.010389
