0
-0.0605152
-0.12853
-0.2031
-0.281468
-0.358816
-0.42896
-0.488623
-0.53791
-0.578466
-0.612395
-0.641998
-0.669853
-0.698775
-0.730877
-0.764926
-0.796585
-0.824394
-0.849959
-0.876126
-0.906131
-0.940697
-0.971237
-0.992432
-1.00808
-1.02133
-1.03396
-1.04698
-1.06065
-1.07429
-1.08703
-1.0986
-1.10925
-1.11943
-1.12964
-1.14032
-1.15178
-1.164
-1.17634
-1.18775
-1.19773
-1.20638
-1.21405
-1.22112
-1.22792
-1.23473
-1.24178
-1.24917
-1.25678
-1.26424
-1.27118
-1.27747
-1.28314
-1.28832
-1.29317
-1.29788
-1.30258
-1.30733
-1.31212
-1.31677
-1.321
-1.32467
-1.32777
-1.33038
-1.33259
-1.33449
-1.33614
-1.3376
-1.33891
-1.34011
-1.3412
-1.34222
-1.34318
-1.34409
-1.34496
-1.3458
-1.34662
-1.34742
-1.3482
-1.34898
-1.34974
-1.35051
-1.35128
-1.35204
-1.35281
-1.35358
-1.35436
-1.35514
-1.35593
-1.35672
-1.3575
-1.35829
-1.35908
-1.35986
-1.36064
-1.3614
-1.36216
-1.36291
-1.36364
-1.36435
-1.36505
