0 720
0.01 713
0.02 704
0.03 697
0.04 691
0.05 684
0.06 676
0.07 670
0.08 668
0.09 666
0.1 656
0.11 653
0.12 646
0.13 640
0.14 634
0.15 629
0.16 621
0.17 616
0.18 613
0.19 605
0.2 600
0.21 594
0.22 589
0.23 586
0.24 579
0.25 576
0.26 574
0.27 570
0.28 563
0.29 552
0.3 547
0.31 544
0.32 535
0.33 531
0.34 528
0.35 523
0.36 518
0.37 513
0.38 507
0.39 505
0.4 501
0.41 496
0.42 493
0.43 487
0.44 486
0.45 483
0.46 478
0.47 474
0.48 467
0.49 465
0.5 459
0.51 454
0.52 449
0.53 442
0.54 439
0.55 428
0.56 426
0.57 421
0.58 417
0.59 413
0.6 411
0.61 407
0.62 396
0.63 393
0.64 385
0.65 380
0.66 376
0.67 373
0.68 368
0.69 365
0.7 363
0.71 357
0.72 356
0.73 353
0.74 351
0.75 344
0.76 342
0.77 336
0.78 333
0.79 329
0.8 326
0.81 322
0.82 319
0.83 316
0.84 315
0.85 312
0.86 308
0.87 304
0.88 300
0.89 297
0.9 294
0.91 291
0.92 289
0.93 288
0.94 284
0.95 281
0.96 278
0.97 277
0.98 274
0.99 273
1 269
